1.000000 0.000000 0.000000 0.000000 0.000000 1.000000 0.000000 0.000000 0.000000 0.000000 1.000000 0.000000
0.999999 0.000757 0.001331 -0.005466 -0.000751 0.999989 -0.004689 -0.001776 -0.001335 0.004688 0.999990 0.963292
0.999995 -0.001470 0.001936 -0.004144 0.001481 0.999981 -0.005555 -0.000435 -0.001928 0.005558 0.999982 1.924815
0.999984 -0.003060 0.001868 -0.003982 0.003063 0.999984 -0.001526 -0.000980 -0.001863 0.001531 0.999989 2.884281
0.999974 -0.005442 0.001014 -0.002397 0.005438 0.999964 0.004482 -0.002758 -0.001038 -0.004476 0.999980 3.840753
0.999945 -0.009069 -0.000513 -0.000204 0.009071 0.999936 0.004385 0.000808 0.000473 -0.004390 0.999978 4.782609
0.999914 -0.011734 -0.001728 -0.000441 0.011736 0.999914 0.001542 0.004130 0.001710 -0.001562 0.999983 5.718076
0.999904 -0.012434 -0.002700 -0.004594 0.012429 0.999906 -0.001986 0.005938 0.002725 0.001953 0.999982 6.650687
0.999904 -0.012189 -0.003659 -0.012593 0.012179 0.999907 -0.002625 0.006546 0.003690 0.002581 0.999977 7.583638
0.999903 -0.011772 -0.004739 -0.022063 0.011768 0.999915 -0.000825 0.006385 0.004748 0.000769 0.999974 8.514007
0.999899 -0.011628 -0.005755 -0.029739 0.011640 0.999913 0.002114 0.006120 0.005730 -0.002180 0.999966 9.442925
0.999883 -0.011850 -0.006918 -0.038291 0.011875 0.999901 0.003524 0.007940 0.006876 -0.003605 0.999950 10.367125
0.999861 -0.013240 -0.007620 -0.046890 0.013273 0.999881 0.004297 0.011420 0.007562 -0.004398 0.999942 11.286157
0.999843 -0.013439 -0.008721 -0.055134 0.013476 0.999872 0.004237 0.014401 0.008663 -0.004353 0.999926 12.201360
0.999826 -0.013790 -0.009482 -0.069390 0.013816 0.999867 0.002772 0.017142 0.009443 -0.002902 0.999919 13.114480
0.999801 -0.014297 -0.010885 -0.085591 0.014305 0.999860 0.000695 0.020473 0.010874 -0.000850 0.999904 14.026357
0.999760 -0.015638 -0.012556 -0.099417 0.015630 0.999839 -0.000686 0.022870 0.012565 0.000489 0.999884 14.931313
0.999732 -0.015315 -0.014400 -0.116018 0.015297 0.999836 -0.001387 0.022611 0.014420 0.001166 0.999850 15.833447
0.999713 -0.014055 -0.015902 -0.138950 0.014021 0.999838 -0.002262 0.020436 0.015933 0.002039 0.999811 16.732060
0.999702 -0.012624 -0.017663 -0.161846 0.012586 0.999856 -0.002303 0.019610 0.017691 0.002080 0.999781 17.628903
0.999668 -0.013133 -0.019272 -0.183927 0.013106 0.999854 -0.001542 0.019137 0.019291 0.001289 0.999755 18.523530
0.999648 -0.012657 -0.020590 -0.210052 0.012655 0.999861 -0.000236 0.017472 0.020591 -0.000025 0.999730 19.411612
0.999616 -0.012347 -0.022004 -0.236109 0.012357 0.999858 0.000327 0.017065 0.021999 -0.000599 0.999694 20.295716
0.999567 -0.013434 -0.023597 -0.260631 0.013440 0.999845 0.000106 0.017305 0.023593 -0.000423 0.999658 21.174229
0.999522 -0.013623 -0.025332 -0.285762 0.013620 0.999842 -0.000284 0.016516 0.025333 -0.000061 0.999616 22.046018
0.999490 -0.013518 -0.026646 -0.311553 0.013525 0.999844 0.000075 0.016510 0.026642 -0.000436 0.999583 22.911206
0.999454 -0.013403 -0.027971 -0.337415 0.013464 0.999841 0.001986 0.018171 0.027942 -0.002362 0.999543 23.772023
0.999414 -0.014511 -0.028776 -0.364166 0.014653 0.999813 0.004747 0.019966 0.028704 -0.005166 0.999508 24.622864
0.999390 -0.014394 -0.029666 -0.391392 0.014586 0.999807 0.006286 0.021644 0.029572 -0.006716 0.999476 25.464972
0.999370 -0.013733 -0.030594 -0.419761 0.013897 0.999821 0.005173 0.023180 0.030520 -0.005595 0.999452 26.293823
0.999352 -0.012221 -0.031571 -0.450367 0.012307 0.999846 0.002529 0.025850 0.031538 -0.002917 0.999425 27.110765
0.999317 -0.011886 -0.032598 -0.478765 0.011918 0.999847 0.000780 0.028713 0.032587 -0.001168 0.999388 27.915598
0.999280 -0.011092 -0.033932 -0.507417 0.011112 0.999855 0.000376 0.029751 0.033926 -0.000753 0.999343 28.712449
0.999232 -0.011199 -0.035155 -0.539115 0.011201 0.999849 -0.000129 0.028504 0.035154 -0.000265 0.999295 29.499547
0.999151 -0.010907 -0.037409 -0.569766 0.010878 0.999850 -0.000965 0.026391 0.037417 0.000557 0.999211 30.277599
0.999071 -0.010774 -0.039496 -0.602791 0.010738 0.999851 -0.001136 0.027196 0.039506 0.000711 0.999130 31.046754
0.998984 -0.010707 -0.041572 -0.637711 0.010712 0.999848 -0.000091 0.029622 0.041570 -0.000355 0.999043 31.808027
0.998889 -0.011009 -0.043784 -0.671912 0.011115 0.999843 0.002161 0.030901 0.043758 -0.002645 0.998949 32.560452
0.998809 -0.009983 -0.045863 -0.709627 0.010163 0.999852 0.003674 0.031366 0.045824 -0.004136 0.998854 33.302623
0.998713 -0.008756 -0.048129 -0.746354 0.008952 0.999862 0.003850 0.033385 0.048094 -0.004276 0.998746 34.035837
0.998635 -0.006216 -0.050091 -0.788365 0.006375 0.999884 0.003023 0.035219 0.050071 -0.003338 0.998651 34.754322
0.998536 -0.004607 -0.052181 -0.828720 0.004730 0.999895 0.002230 0.038842 0.052170 -0.002474 0.998545 35.465921
0.998445 -0.004304 -0.053914 -0.869290 0.004489 0.999892 0.003309 0.042616 0.053899 -0.003546 0.998453 36.171186
0.998368 -0.003001 -0.055331 -0.909003 0.003288 0.999885 0.005089 0.046824 0.055314 -0.005264 0.998362 36.865322
0.998361 -0.000144 -0.055495 -0.953472 0.000458 0.999885 0.005645 0.048363 0.055493 -0.005661 0.998348 37.546079
0.998408 0.002965 -0.054654 -0.995487 -0.002777 0.999895 0.003525 0.049656 0.054664 -0.003368 0.998409 38.214131
0.998492 0.004629 -0.053095 -1.034045 -0.004619 0.999901 0.000303 0.053081 0.053095 -0.000057 0.998506 38.867390
0.998586 0.005186 -0.051207 -1.066986 -0.005280 0.999894 -0.001696 0.058252 0.051197 0.001964 0.998601 39.513264
0.998730 0.006380 -0.048151 -1.100737 -0.006433 0.999887 -0.000963 0.061482 0.048144 0.001272 0.998753 40.153414
0.998840 0.011142 -0.045161 -1.135337 -0.011075 0.999858 0.001721 0.061170 0.045177 -0.001219 0.998904 40.787187
0.998945 0.015487 -0.041450 -1.168315 -0.015282 0.999791 0.005253 0.060296 0.041526 -0.004615 0.999054 41.408911
0.999012 0.020526 -0.037387 -1.195890 -0.020310 0.999695 0.006147 0.062734 0.037505 -0.005383 0.999207 42.014961
0.999108 0.024276 -0.032134 -1.219473 -0.024084 0.999607 0.006351 0.067408 0.032278 -0.005571 0.999386 42.604681
0.999173 0.028074 -0.026495 -1.238123 -0.027864 0.999494 0.008257 0.072758 0.026716 -0.007513 0.999536 43.176472
0.999175 0.032892 -0.020026 -1.254388 -0.032708 0.999334 0.009472 0.075226 0.020326 -0.008810 0.999674 43.730172
0.999175 0.036165 -0.013133 -1.264507 -0.036047 0.999222 0.009097 0.076721 0.013453 -0.008616 0.999791 44.262197
0.999113 0.039589 -0.005957 -1.269895 -0.039533 0.999088 0.009181 0.077751 0.006316 -0.008938 0.999858 44.776931
0.998947 0.043931 0.001368 -1.271291 -0.043941 0.998907 0.008683 0.080751 -0.000986 -0.008734 0.999878 45.267844
0.998711 0.048202 0.008814 -1.269690 -0.048255 0.998727 0.005939 0.083329 -0.008517 -0.006357 0.999858 45.735736
0.998522 0.049995 0.016639 -1.261028 -0.050048 0.998651 0.002794 0.085002 -0.016479 -0.003623 0.999771 46.183582
0.998343 0.050422 0.024318 -1.247891 -0.050499 0.998629 0.002540 0.085425 -0.024159 -0.003764 0.999614 46.605567
0.998163 0.049655 0.032088 -1.227634 -0.049806 0.998660 0.003916 0.086049 -0.031854 -0.005508 0.999391 47.009100
0.997791 0.051322 0.039984 -1.208946 -0.051547 0.998566 0.004608 0.087217 -0.039694 -0.006659 0.999102 47.390000
0.997239 0.054434 0.048678 -1.193080 -0.054728 0.998397 0.004722 0.088542 -0.048348 -0.007373 0.998716 47.743839
0.996510 0.059121 0.057361 -1.176997 -0.059458 0.998128 0.004176 0.087435 -0.057013 -0.007573 0.998258 48.073594
0.995723 0.062914 0.066316 -1.156146 -0.063331 0.997890 0.004210 0.086963 -0.065917 -0.008393 0.997702 48.383138
0.995105 0.062252 0.075577 -1.127423 -0.062793 0.997922 0.004807 0.086046 -0.075128 -0.009531 0.997041 48.673223
0.994315 0.061117 0.086214 -1.096195 -0.061599 0.998008 0.002940 0.084167 -0.085870 -0.008235 0.996190 48.946027
0.993300 0.059752 0.098100 -1.061744 -0.059888 0.998119 -0.001558 0.083406 -0.098018 -0.004328 0.995096 49.215980
0.991836 0.060741 0.111409 -1.026640 -0.060499 0.998069 -0.005555 0.081350 -0.111541 -0.001230 0.993680 49.486053
0.989814 0.062606 0.127291 -1.000558 -0.062147 0.997962 -0.007570 0.072409 -0.127516 -0.000418 0.991766 49.769308
0.987432 0.064344 0.143889 -0.967480 -0.063732 0.997857 -0.008862 0.068479 -0.144162 -0.000420 0.989488 50.045239
0.984771 0.064879 0.160878 -0.917393 -0.064066 0.997821 -0.010242 0.069168 -0.161204 -0.000221 0.986856 50.306795
0.981695 0.063987 0.179006 -0.859102 -0.062951 0.997879 -0.011464 0.068512 -0.179373 -0.000014 0.983715 50.564303
0.978004 0.062975 0.198507 -0.796800 -0.061838 0.997943 -0.011926 0.068655 -0.198865 -0.000612 0.979959 50.824224
0.973655 0.063224 0.218771 -0.728826 -0.061829 0.997927 -0.013222 0.067336 -0.219170 -0.000653 0.975619 51.073084
0.968493 0.065338 0.240037 -0.658452 -0.063475 0.997792 -0.015495 0.066014 -0.240537 -0.000229 0.970573 51.328944
0.962459 0.066659 0.262864 -0.577444 -0.064271 0.997705 -0.017680 0.063339 -0.263458 0.000122 0.964606 51.576356
0.955331 0.067865 0.287418 -0.487169 -0.065205 0.997626 -0.018827 0.058817 -0.288034 -0.000755 0.957556 51.824294
0.946980 0.070715 0.313219 -0.391331 -0.067958 0.997428 -0.019728 0.052619 -0.313830 -0.002604 0.949415 52.071541
0.937338 0.072807 0.340585 -0.286748 -0.069910 0.997283 -0.020789 0.043850 -0.341192 -0.004324 0.939934 52.312388
0.926396 0.073495 0.369182 -0.169234 -0.070298 0.997230 -0.022124 0.034963 -0.369805 -0.005457 0.929046 52.554994
0.913921 0.071685 0.399395 -0.037662 -0.067634 0.997365 -0.024248 0.026399 -0.400102 -0.004852 0.916410 52.788836
0.899247 0.068965 0.431864 0.107561 -0.063574 0.997564 -0.026926 0.018153 -0.432691 -0.003242 0.901488 53.018651
0.882190 0.068296 0.465816 0.262412 -0.060778 0.997615 -0.031161 0.009745 -0.466858 -0.000821 0.884283 53.243630
0.862971 0.070143 0.500269 0.428682 -0.060074 0.997486 -0.036231 0.000900 -0.501579 0.001213 0.865061 53.468473
0.841493 0.072087 0.535352 0.610200 -0.059550 0.997346 -0.040693 -0.009218 -0.536893 0.002363 0.843596 53.695398
0.817110 0.075095 0.571489 0.805893 -0.060602 0.997124 -0.044376 -0.019818 -0.573208 0.001627 0.819355 53.927303
0.789968 0.079044 0.607953 1.017915 -0.063342 0.996819 -0.047298 -0.033436 -0.609790 -0.001145 0.792506 54.161677
0.760349 0.083322 0.644073 1.249117 -0.066779 0.996458 -0.050074 -0.049999 -0.645999 -0.004937 0.763262 54.396953
0.727707 0.084511 0.680589 1.508027 -0.066464 0.996345 -0.052654 -0.067205 -0.682589 -0.006918 0.730706 54.628237
0.691423 0.082109 0.717702 1.794820 -0.062723 0.996539 -0.053583 -0.086439 -0.719657 -0.007969 0.694219 54.857642
0.652678 0.080794 0.753254 2.102412 -0.059817 0.996639 -0.055069 -0.106384 -0.755211 -0.009115 0.655352 55.077923
0.610692 0.080414 0.787719 2.429577 -0.057777 0.996655 -0.056951 -0.125849 -0.789704 -0.010733 0.613327 55.290913
0.564839 0.080183 0.821241 2.786641 -0.054066 0.996676 -0.060127 -0.146027 -0.823375 -0.010440 0.567326 55.500215
0.516949 0.079155 0.852293 3.170466 -0.050903 0.996745 -0.061696 -0.169877 -0.854449 -0.011491 0.519324 55.697837
0.468521 0.077241 0.880014 3.577196 -0.048962 0.996856 -0.061429 -0.195060 -0.882043 -0.014307 0.470856 55.882011
0.418797 0.075220 0.904891 4.011427 -0.048791 0.996922 -0.060289 -0.218319 -0.906703 -0.018903 0.421207 56.059895
0.368848 0.075086 0.926376 4.462947 -0.051743 0.996769 -0.060189 -0.240265 -0.927975 -0.025735 0.371570 56.218140
0.319534 0.075455 0.944490 4.929487 -0.049619 0.996713 -0.062840 -0.262851 -0.946202 -0.026787 0.322253 56.354983
0.272718 0.072073 0.959315 5.415002 -0.038469 0.997132 -0.063979 -0.294109 -0.961252 -0.019457 0.274731 56.452625
0.228934 0.066090 0.971120 5.922947 -0.025163 0.997683 -0.061966 -0.324760 -0.973044 -0.010251 0.230085 56.527344
0.186791 0.065138 0.980161 6.440677 -0.016010 0.997789 -0.063258 -0.351769 -0.982195 -0.003876 0.187436 56.591864
0.148356 0.066689 0.986605 6.970368 -0.012660 0.997688 -0.065535 -0.375551 -0.988778 -0.002768 0.148870 56.649864
0.115721 0.067419 0.990907 7.515814 -0.003744 0.997628 -0.067439 -0.408105 -0.993194 0.004094 0.115709 56.688949
0.086767 0.065639 0.993975 8.075141 0.003525 0.997707 -0.066194 -0.445129 -0.996136 0.009248 0.086345 56.716376
0.061686 0.063944 0.995953 8.646247 0.010585 0.997750 -0.064715 -0.477589 -0.997950 0.014536 0.060876 56.734291
0.041829 0.063059 0.997039 9.229322 0.015254 0.997751 -0.063744 -0.504196 -0.998917 0.017877 0.040778 56.743905
0.025991 0.064883 0.997461 9.818773 0.017991 0.997601 -0.065361 -0.534023 -0.999409 0.019646 0.024764 56.749453
0.012544 0.064507 0.997746 10.423641 0.018739 0.997629 -0.064736 -0.569447 -0.999655 0.019510 0.011307 56.752527
0.000817 0.065381 0.997763 11.034487 0.019350 0.997570 -0.065385 -0.606351 -0.999718 0.019362 -0.000451 56.752565
-0.008199 0.068338 0.997528 11.653661 0.024198 0.997278 -0.068122 -0.639866 -0.999575 0.023582 -0.009832 56.740698
-0.014626 0.070354 0.997315 12.286008 0.028505 0.997043 -0.069916 -0.674264 -0.999391 0.027409 -0.016590 56.724952
-0.019265 0.069671 0.997285 12.931489 0.028961 0.997087 -0.069098 -0.710401 -0.999300 0.027555 -0.021229 56.711992
-0.022834 0.066977 0.997390 13.592337 0.026609 0.997334 -0.066364 -0.747437 -0.999286 0.025027 -0.024558 56.704110
-0.025366 0.060095 0.997761 14.269399 0.024575 0.997815 -0.059474 -0.784417 -0.999271 0.023014 -0.026790 56.693640
-0.026497 0.054446 0.998049 14.955001 0.025820 0.998100 -0.053764 -0.819685 -0.999203 0.024348 -0.027856 56.675242
-0.026901 0.051859 0.998171 15.645453 0.028469 0.998164 -0.051091 -0.854808 -0.999116 0.027046 -0.028331 56.652672
-0.026442 0.054143 0.998062 16.340124 0.031847 0.997947 -0.053293 -0.890177 -0.999026 0.030380 -0.028116 56.629215
-0.025653 0.061539 0.997654 17.038347 0.032859 0.997492 -0.060684 -0.924083 -0.999013 0.031229 -0.027615 56.612649
-0.023279 0.069615 0.997187 17.748466 0.033602 0.996945 -0.068814 -0.957583 -0.999053 0.031910 -0.025550 56.596975
-0.021054 0.070409 0.997183 18.476453 0.034364 0.996862 -0.069661 -0.993072 -0.999078 0.032804 -0.023410 56.582325
-0.018833 0.066060 0.997523 19.211914 0.033734 0.997170 -0.065400 -1.034429 -0.999142 0.032423 -0.021011 56.571718
-0.016259 0.059531 0.997976 19.950768 0.033247 0.997585 -0.058966 -1.080086 -0.999200 0.032225 -0.018201 56.563484
-0.013401 0.057887 0.998114 20.685998 0.031441 0.997732 -0.057442 -1.123914 -0.999300 0.030615 -0.015192 56.560433
-0.010022 0.063273 0.997823 21.411260 0.039270 0.997125 -0.062835 -1.164826 -0.999059 0.038560 -0.012479 56.545781
-0.006502 0.068882 0.997476 22.144687 0.040982 0.996675 -0.068560 -1.205743 -0.999015 0.040438 -0.009304 56.537515
-0.004075 0.069522 0.997443 22.886450 0.035007 0.996846 -0.069338 -1.247428 -0.999253 0.034640 -0.006496 56.545974
-0.000715 0.066033 0.997689 23.630332 0.030612 0.997220 -0.065980 -1.291440 -0.999407 0.030498 -0.002735 56.558052
0.004138 0.062302 0.997922 24.376596 0.034724 0.997317 -0.062408 -1.342619 -0.999265 0.034915 0.001964 56.556346
0.007785 0.063334 0.997834 25.115216 0.039514 0.997063 -0.063593 -1.388991 -0.999065 0.039929 0.005260 56.557033
0.010764 0.067981 0.997499 25.850873 0.039296 0.996755 -0.068354 -1.432037 -0.999044 0.039939 0.008059 56.567527
0.014556 0.068832 0.997385 26.586058 0.035742 0.996814 -0.069314 -1.474089 -0.999122 0.036663 0.012051 56.587145
0.018340 0.068396 0.997348 27.324889 0.035043 0.996856 -0.069006 -1.520162 -0.999079 0.036221 0.015887 56.605354
0.022140 0.065207 0.997481 28.072524 0.039214 0.996898 -0.066040 -1.568353 -0.998844 0.040584 0.019518 56.617962
0.025847 0.065736 0.997349 28.819064 0.043863 0.996644 -0.066826 -1.616364 -0.998554 0.045481 0.022881 56.632185
0.029641 0.066630 0.997182 29.567943 0.046776 0.996433 -0.067970 -1.661698 -0.998314 0.048667 0.026423 56.649159
0.032386 0.066525 0.997103 30.318594 0.047314 0.996403 -0.068015 -1.707340 -0.998203 0.049388 0.029127 56.675122
0.036141 0.065077 0.997069 31.073000 0.048821 0.996412 -0.066804 -1.753256 -0.998000 0.051101 0.032840 56.699492
0.040147 0.064053 0.996980 31.828115 0.050925 0.996354 -0.066063 -1.801668 -0.997740 0.053433 0.036745 56.724044
0.043043 0.064439 0.996831 32.585285 0.049293 0.996401 -0.066539 -1.846026 -0.997699 0.052009 0.039718 56.761208
0.046358 0.066223 0.996564 33.337413 0.046630 0.996403 -0.068381 -1.891630 -0.997676 0.049648 0.043111 56.799654
0.049438 0.066265 0.996410 34.096879 0.048398 0.996297 -0.068658 -1.937572 -0.997442 0.051627 0.046056 56.834711
0.052284 0.066006 0.996281 34.858215 0.046218 0.996415 -0.068440 -1.984853 -0.997399 0.049633 0.049055 56.878288
0.054844 0.066407 0.996116 35.617662 0.044614 0.996456 -0.068886 -2.031344 -0.997334 0.048227 0.051696 56.923354
0.057983 0.066517 0.995934 36.381177 0.041662 0.996580 -0.068986 -2.080061 -0.997287 0.045500 0.055023 56.970997
0.061391 0.068463 0.995599 37.145393 0.040267 0.996497 -0.071008 -2.130131 -0.997141 0.044456 0.058429 57.021926
0.065039 0.071977 0.995119 37.907404 0.039279 0.996271 -0.074628 -2.179998 -0.996949 0.043949 0.061980 57.072208
0.068780 0.074134 0.994707 38.674811 0.039458 0.996084 -0.076965 -2.232764 -0.996689 0.044550 0.065596 57.124166
0.071701 0.076542 0.994316 39.445497 0.033347 0.996139 -0.079086 -2.283710 -0.996704 0.038835 0.068884 57.190593
0.074581 0.075801 0.994163 40.219757 0.029680 0.996328 -0.078192 -2.337546 -0.996611 0.035345 0.072070 57.257606
0.078534 0.076369 0.993812 40.996415 0.031841 0.996189 -0.079068 -2.394718 -0.996237 0.037860 0.075817 57.318351
0.082558 0.077491 0.993392 41.773355 0.031140 0.996107 -0.080290 -2.452965 -0.995927 0.037570 0.079838 57.384118
0.086337 0.078466 0.992989 42.562058 0.027284 0.996150 -0.081088 -2.508222 -0.995714 0.034101 0.083880 57.462775
0.090696 0.076535 0.992752 43.360258 0.026357 0.996326 -0.079218 -2.564625 -0.995353 0.033357 0.088362 57.540727
0.095633 0.076340 0.992316 44.160583 0.026954 0.996320 -0.079246 -2.627370 -0.994887 0.034331 0.093239 57.619196
0.100756 0.079970 0.991519 44.956255 0.023517 0.996120 -0.082731 -2.688161 -0.994465 0.031659 0.098502 57.709298
0.107015 0.088599 0.990130 45.751066 0.021827 0.995399 -0.091429 -2.750074 -0.993850 0.031402 0.104607 57.803115
0.114338 0.093409 0.988870 46.550053 0.020408 0.994966 -0.096344 -2.814696 -0.993066 0.031202 0.111876 57.903584
0.121737 0.096425 0.987696 47.352076 0.016217 0.994772 -0.099115 -2.884415 -0.992263 0.028088 0.119558 58.013776
0.128958 0.094708 0.986944 48.167654 0.012482 0.995021 -0.097113 -2.958654 -0.991403 0.024847 0.127156 58.132344
0.136517 0.092990 0.986089 48.981616 0.012562 0.995166 -0.095585 -3.031420 -0.990388 0.025441 0.134713 58.254218
0.143979 0.089599 0.985342 49.794486 0.012297 0.995478 -0.092317 -3.100224 -0.989334 0.025413 0.142251 58.380583
0.151492 0.084272 0.984685 50.611223 0.010402 0.995992 -0.086840 -3.166975 -0.988233 0.023403 0.150035 58.516222
0.158612 0.076898 0.984167 51.423334 0.007965 0.996655 -0.079158 -3.231034 -0.987138 0.020398 0.157497 58.660015
0.166224 0.074254 0.983111 52.233850 0.008020 0.996848 -0.076648 -3.296992 -0.985882 0.020629 0.165135 58.806236
0.173482 0.076126 0.981713 53.033424 0.007949 0.996689 -0.078692 -3.358474 -0.984631 0.021459 0.172334 58.953778
0.179274 0.082749 0.980135 53.818692 0.008527 0.996110 -0.085657 -3.419866 -0.983588 0.023718 0.177904 59.105561
0.184417 0.086406 0.978864 54.600474 0.007221 0.995804 -0.089262 -3.481141 -0.982647 0.023534 0.183053 59.261001
0.189412 0.089486 0.977634 55.375917 0.005912 0.995539 -0.092270 -3.549359 -0.981706 0.023261 0.188072 59.421679
0.194727 0.089001 0.976634 56.142486 0.003477 0.995629 -0.091425 -3.618513 -0.980678 0.021202 0.193601 59.583886
0.200099 0.086063 0.975811 56.907513 0.007582 0.995791 -0.089380 -3.684046 -0.979573 0.025288 0.198640 59.741161
0.204701 0.079349 0.975428 57.667340 0.008429 0.996354 -0.082820 -3.745861 -0.978617 0.025180 0.203322 59.903720
0.207936 0.073222 0.975225 58.417417 0.006616 0.996894 -0.076259 -3.808446 -0.977951 0.022313 0.206842 60.071047
0.211137 0.069951 0.974782 59.155619 0.002928 0.997219 -0.072195 -3.866559 -0.977287 0.018100 0.210381 60.242803
0.214431 0.070087 0.974053 59.881060 0.001384 0.997231 -0.072060 -3.920923 -0.976573 0.016803 0.213777 60.408978
0.216603 0.072268 0.973414 60.595105 -0.000505 0.997098 -0.073914 -3.973458 -0.976097 0.015521 0.216047 60.575947
0.218019 0.076706 0.972759 61.292780 -0.004588 0.996810 -0.077574 -4.027084 -0.975771 0.012452 0.217713 60.743956
0.220021 0.080804 0.971972 61.979921 -0.005760 0.996484 -0.081538 -4.082937 -0.975312 0.012343 0.219751 60.908072
0.222194 0.086260 0.971004 62.661101 -0.006329 0.996012 -0.087033 -4.138460 -0.974811 0.013195 0.221893 61.069543
0.223821 0.088270 0.970441 63.333966 -0.005557 0.995807 -0.089295 -4.194226 -0.974435 0.014596 0.223414 61.229483
0.225268 0.088225 0.970106 64.001149 -0.008019 0.995840 -0.088704 -4.251248 -0.974081 0.012206 0.225081 61.391841
0.225919 0.085238 0.970219 64.658714 -0.007954 0.996104 -0.085660 -4.310147 -0.973928 0.011638 0.225760 61.549068
0.226672 0.082720 0.970259 65.313068 -0.007914 0.996319 -0.083093 -4.367741 -0.973751 0.011159 0.226536 61.706423
0.226559 0.081477 0.970390 65.956345 -0.006934 0.996415 -0.082042 -4.421518 -0.973786 0.011861 0.226355 61.858350
0.225248 0.080788 0.970753 66.589194 -0.007217 0.996478 -0.081254 -4.474418 -0.974089 0.011299 0.225081 62.008339
0.223676 0.081690 0.971041 67.212653 -0.008324 0.996416 -0.081907 -4.527137 -0.974442 0.010240 0.223597 62.155829
0.221481 0.084502 0.971305 67.818939 -0.009134 0.996187 -0.084584 -4.580742 -0.974938 0.009864 0.221450 62.299334
0.219325 0.088291 0.971460 68.416043 -0.007360 0.995832 -0.088844 -4.634340 -0.975442 0.012339 0.219102 62.434606
0.217698 0.088806 0.971779 69.013087 -0.005041 0.995755 -0.089867 -4.685061 -0.975821 0.014668 0.217262 62.567509
0.215490 0.087807 0.972361 69.603625 -0.005805 0.995861 -0.088643 -4.732718 -0.976307 0.013460 0.215148 62.702239
0.213078 0.084900 0.973150 70.188447 -0.006009 0.996126 -0.085588 -4.783051 -0.976834 0.012392 0.212803 62.834447
0.210939 0.080961 0.973951 70.765089 -0.005753 0.996462 -0.081586 -4.836878 -0.977299 0.011609 0.210698 62.963499
0.209133 0.079945 0.974423 71.330700 -0.002164 0.996500 -0.081291 -4.887907 -0.977701 0.014895 0.208613 63.084229
0.207524 0.081328 0.974646 71.880892 0.001539 0.996315 -0.083464 -4.932963 -0.978038 0.018825 0.206674 63.195396
0.205150 0.083349 0.974979 72.428600 0.005733 0.996054 -0.086357 -4.975675 -0.978524 0.023310 0.203902 63.306460
0.203509 0.085193 0.975164 72.972294 0.005163 0.995907 -0.088082 -5.020034 -0.978871 0.022965 0.202275 63.421154
0.202275 0.087809 0.975188 73.514228 0.004803 0.995678 -0.090649 -5.066063 -0.979128 0.023025 0.201017 63.536837
0.201020 0.086182 0.975593 74.061998 0.006661 0.995786 -0.089338 -5.113729 -0.979375 0.024462 0.199637 63.651694
0.201817 0.084561 0.975569 74.612601 0.012805 0.995758 -0.088960 -5.158245 -0.979149 0.030452 0.199917 63.759347
0.204184 0.082682 0.975231 75.167033 0.017695 0.995751 -0.088127 -5.200894 -0.978575 0.035258 0.201893 63.867208
0.206175 0.082007 0.974866 75.717130 0.020581 0.995694 -0.088111 -5.246423 -0.978098 0.038238 0.203641 63.982837
0.209479 0.081756 0.974181 76.268608 0.017969 0.995803 -0.087434 -5.295126 -0.977447 0.035829 0.207174 64.110733
0.214884 0.082416 0.972947 76.822594 0.016756 0.995770 -0.088050 -5.342636 -0.976295 0.035231 0.212637 64.240730
0.221531 0.081251 0.971554 77.384094 0.018066 0.995805 -0.087398 -5.386610 -0.974785 0.036921 0.219179 64.372026
0.229139 0.081665 0.969754 77.947561 0.016127 0.995815 -0.087670 -5.429159 -0.973061 0.035735 0.226909 64.514470
0.237482 0.079487 0.967928 78.518454 0.016657 0.995964 -0.085876 -5.475042 -0.971051 0.036525 0.235247 64.664117
0.246362 0.079315 0.965719 79.093175 0.013089 0.996078 -0.085147 -5.524431 -0.968889 0.033624 0.244408 64.823956
0.255970 0.078981 0.963242 79.674151 0.012084 0.996111 -0.084888 -5.571383 -0.966406 0.033375 0.254072 64.990140
0.265509 0.083071 0.960300 80.256638 0.006648 0.995882 -0.087987 -5.616644 -0.963871 0.029752 0.263921 65.168292
0.274857 0.085336 0.957464 80.848027 0.003299 0.995743 -0.089694 -5.662860 -0.961261 0.027818 0.273467 65.354521
0.285548 0.088182 0.954072 81.446680 -0.000865 0.995561 -0.091757 -5.712593 -0.958145 0.025382 0.284420 65.549566
0.295770 0.089886 0.950794 82.053616 -0.002179 0.995404 -0.093425 -5.766507 -0.955037 0.025566 0.294672 65.750499
0.305591 0.090736 0.947600 82.672086 -0.005340 0.995376 -0.093588 -5.819909 -0.951927 0.023545 0.304730 65.964513
0.315863 0.091093 0.944190 83.298455 -0.006102 0.995333 -0.093985 -5.873131 -0.948562 0.023931 0.315015 66.187243
0.325977 0.092255 0.940631 83.935564 -0.010355 0.995292 -0.094027 -5.924204 -0.945095 0.020915 0.325471 66.424495
0.336544 0.087312 0.937375 84.589144 -0.009848 0.995739 -0.089212 -5.978885 -0.941388 0.020797 0.336046 66.668631
0.347427 0.080281 0.934024 85.248986 -0.006211 0.996275 -0.083322 -6.032716 -0.937454 0.023152 0.346712 66.917413
0.358251 0.075882 0.930292 85.913931 -0.004676 0.996593 -0.079489 -6.087846 -0.933376 0.024133 0.357469 67.179699
0.368562 0.072626 0.926513 86.589049 -0.005257 0.996856 -0.076049 -6.137969 -0.929346 0.023164 0.367873 67.456927
0.378094 0.070182 0.922851 87.273897 0.000859 0.996859 -0.076162 -6.185208 -0.925521 0.029597 0.376936 67.738169
0.386856 0.064624 0.919619 87.972578 0.007563 0.997048 -0.073247 -6.229171 -0.921862 0.035300 0.385317 68.026393
0.393882 0.055037 0.917257 88.684724 0.017157 0.997354 -0.067211 -6.274666 -0.918752 0.042221 0.391990 68.323628
0.400990 0.050535 0.914432 89.398905 0.022572 0.997391 -0.065018 -6.322984 -0.915555 0.046724 0.398899 68.632619
0.408256 0.050612 0.911206 90.103350 0.024472 0.997257 -0.066356 -6.374218 -0.912288 0.049402 0.405996 68.949247
0.415720 0.056804 0.907453 90.803211 0.026718 0.996609 -0.074624 -6.421518 -0.908841 0.055282 0.412896 69.271182
0.422926 0.061068 0.903838 91.504332 0.030441 0.995960 -0.081536 -6.469243 -0.905391 0.062013 0.419463 69.596624
0.428361 0.063124 0.901133 92.205771 0.028680 0.995859 -0.083393 -6.526884 -0.902890 0.061582 0.424882 69.934625
0.432678 0.064944 0.898939 92.897933 0.021474 0.996131 -0.082302 -6.588628 -0.901030 0.054927 0.429717 70.285844
0.436574 0.068736 0.896769 93.578548 0.014794 0.996146 -0.083555 -6.652267 -0.899282 0.049757 0.433984 70.636238
0.440617 0.071878 0.894541 94.255645 0.013901 0.995875 -0.086867 -6.715741 -0.897320 0.050723 0.437912 70.978312
0.444558 0.076071 0.892240 94.921301 0.010596 0.995621 -0.090165 -6.779204 -0.895418 0.049550 0.441917 71.321615
0.447983 0.079183 0.890254 95.577867 0.007457 0.995454 -0.092292 -6.843601 -0.893741 0.047996 0.445470 71.665165
0.451869 0.077595 0.888427 96.228002 0.006347 0.995654 -0.090189 -6.908662 -0.891791 0.046404 0.449527 72.004785
0.455973 0.074536 0.886590 96.874719 0.007285 0.995890 -0.087471 -6.972325 -0.889691 0.046355 0.453673 72.341253
0.459292 0.071922 0.885091 97.509073 0.006848 0.996150 -0.084500 -7.035114 -0.887986 0.044882 0.457148 72.679794
0.462875 0.070986 0.883299 98.130750 0.005795 0.996274 -0.083101 -7.097258 -0.886131 0.043595 0.460857 73.014895
0.466186 0.072715 0.881415 98.738432 0.003691 0.996197 -0.084137 -7.155854 -0.884405 0.042488 0.464263 73.346881
0.469011 0.073291 0.879863 99.341228 0.004592 0.996081 -0.085419 -7.211709 -0.882901 0.044114 0.466957 73.672547
0.471136 0.071411 0.878879 99.936639 0.006622 0.996146 -0.084489 -7.266909 -0.881754 0.045638 0.468970 73.993892
0.472920 0.070281 0.878012 100.523680 0.008527 0.996145 -0.084331 -7.322397 -0.880782 0.047381 0.470620 74.311004
0.474749 0.070227 0.877028 101.098782 0.007165 0.996213 -0.083649 -7.378722 -0.879809 0.046008 0.472572 74.628911
0.476765 0.069626 0.875982 101.668092 0.008661 0.996181 -0.083894 -7.431369 -0.878706 0.047597 0.474465 74.940437
0.479401 0.071345 0.874406 102.225720 0.008133 0.996031 -0.085727 -7.482994 -0.877277 0.048222 0.477042 75.248757
0.482341 0.071232 0.872803 102.777580 0.011198 0.995856 -0.087463 -7.535606 -0.875636 0.051974 0.479666 75.550845
0.485492 0.070458 0.871117 103.321695 0.012926 0.995809 -0.087748 -7.589806 -0.873868 0.053874 0.482671 75.850662
0.488726 0.068660 0.869448 103.855792 0.016007 0.995772 -0.087634 -7.640615 -0.872010 0.056761 0.485687 76.149284
0.492135 0.067658 0.867600 104.379663 0.017399 0.995757 -0.087523 -7.692158 -0.870062 0.058184 0.488998 76.444452
0.495460 0.067230 0.865740 104.895402 0.018348 0.995714 -0.087824 -7.743352 -0.868155 0.059413 0.492231 76.741609
0.498890 0.066414 0.863834 105.405120 0.018972 0.995732 -0.087512 -7.794707 -0.866177 0.060063 0.495628 77.039419
0.502413 0.065896 0.861828 105.910555 0.020544 0.995648 -0.088105 -7.843888 -0.864101 0.061987 0.499001 77.334771
0.506403 0.067142 0.859392 106.410316 0.020077 0.995522 -0.089609 -7.894206 -0.861779 0.062648 0.502918 77.633643
0.510799 0.067297 0.856775 106.904650 0.022040 0.995325 -0.091320 -7.944072 -0.859133 0.065546 0.507059 77.926934
0.515484 0.070622 0.853696 107.392065 0.019812 0.995096 -0.094283 -7.996848 -0.856384 0.065532 0.511690 78.229724
0.520906 0.076458 0.849895 107.870753 0.016308 0.994655 -0.099476 -8.049901 -0.853173 0.065694 0.517009 78.534792
0.526688 0.083512 0.845659 108.345085 0.011037 0.994156 -0.105050 -8.103504 -0.849702 0.064678 0.522822 78.845978
0.532774 0.089819 0.841184 108.818456 0.005860 0.993681 -0.109814 -8.158030 -0.845946 0.063452 0.529018 79.161721
0.539135 0.094261 0.836642 109.293751 0.002222 0.993308 -0.113344 -8.214288 -0.841935 0.062982 0.535451 79.481823
0.544701 0.094704 0.832974 109.778298 -0.002010 0.993497 -0.111640 -8.271044 -0.838341 0.059151 0.541487 79.813434
0.550074 0.093991 0.829507 110.265715 -0.008604 0.993974 -0.106921 -8.330170 -0.834776 0.051690 0.547709 80.156979
0.555862 0.091787 0.825887 110.758462 -0.014900 0.994568 -0.100506 -8.388518 -0.830843 0.043574 0.554354 80.508517
0.561720 0.090130 0.822097 111.254338 -0.021232 0.995034 -0.094582 -8.447248 -0.826754 0.035683 0.560990 80.866837
0.567964 0.088293 0.817995 111.756790 -0.023901 0.995322 -0.090838 -8.501795 -0.822403 0.032050 0.567565 81.228221
0.574274 0.091959 0.813174 112.260288 -0.029082 0.995078 -0.091992 -8.554022 -0.817845 0.029188 0.574271 81.599187
0.580445 0.095892 0.808325 112.768008 -0.032937 0.994738 -0.094355 -8.606092 -0.813331 0.028151 0.580699 81.980857
0.586510 0.099258 0.803529 113.285250 -0.035848 0.994417 -0.096673 -8.659650 -0.808846 0.027902 0.586944 82.375301
0.592881 0.101394 0.798571 113.811824 -0.038175 0.994210 -0.097892 -8.714193 -0.804081 0.027561 0.593472 82.780671
0.599090 0.102402 0.793795 114.346247 -0.041253 0.994163 -0.097115 -8.769507 -0.799313 0.025441 0.599972 83.204292
0.605248 0.104745 0.788799 114.885248 -0.047537 0.994035 -0.095523 -8.827937 -0.794307 0.020323 0.606774 83.643041
0.612242 0.102685 0.783650 115.434977 -0.047975 0.994267 -0.092801 -8.887295 -0.788896 0.019226 0.613820 84.088577
0.619833 0.100679 0.777920 115.993394 -0.048224 0.994486 -0.090283 -8.945341 -0.782928 0.018451 0.621435 84.544119
0.627228 0.100737 0.771959 116.553241 -0.048941 0.994473 -0.090010 -9.004477 -0.776968 0.018681 0.628860 85.015366
0.634702 0.103216 0.765491 117.113938 -0.053784 0.994268 -0.089470 -9.063106 -0.770548 0.015620 0.636788 85.503435
0.642294 0.103793 0.759052 117.681823 -0.054591 0.994196 -0.089753 -9.120335 -0.764172 0.016215 0.644408 86.007956
0.649202 0.104619 0.753030 118.257794 -0.056658 0.994119 -0.089267 -9.176648 -0.758153 0.015291 0.651493 86.520136
0.654388 0.103527 0.748680 118.842953 -0.056636 0.994235 -0.087980 -9.237579 -0.753683 0.015175 0.656662 87.046874
0.658056 0.102059 0.745660 119.434963 -0.055477 0.994374 -0.087142 -9.300707 -0.750569 0.015982 0.660200 87.587049
0.661952 0.099295 0.742582 120.037575 -0.051918 0.994606 -0.086715 -9.363284 -0.747395 0.018853 0.663719 88.128792
0.665649 0.095377 0.739786 120.650789 -0.046597 0.994902 -0.086341 -9.426169 -0.744457 0.023008 0.666884 88.681909
0.669360 0.088895 0.737241 121.271623 -0.038831 0.995371 -0.084765 -9.489612 -0.741570 0.028119 0.669898 89.246323
0.673264 0.082938 0.734373 121.900041 -0.032979 0.995794 -0.082227 -9.552752 -0.738309 0.031150 0.673354 89.821992
0.676539 0.077440 0.731964 122.529586 -0.027540 0.996149 -0.079937 -9.615736 -0.735538 0.033931 0.676251 90.405048
0.679729 0.075907 0.729169 123.152673 -0.027279 0.996292 -0.078286 -9.678076 -0.732606 0.033332 0.679462 90.998765
0.682624 0.077408 0.726300 123.776846 -0.027992 0.996146 -0.079860 -9.739594 -0.729881 0.034193 0.682345 91.601479
0.685731 0.082199 0.722836 124.395303 -0.033574 0.995847 -0.081395 -9.799375 -0.726724 0.031555 0.685829 92.210861
0.688404 0.086031 0.719840 125.014133 -0.040020 0.995661 -0.080724 -9.858589 -0.723861 0.026770 0.689049 92.828545
0.691226 0.082887 0.717500 125.646986 -0.040140 0.995997 -0.076390 -9.919820 -0.721159 0.024009 0.691977 93.456427
0.694555 0.080417 0.714578 126.282026 -0.043411 0.996348 -0.069933 -9.977533 -0.717781 0.017557 0.695692 94.095795
0.697992 0.074851 0.711833 126.919350 -0.042680 0.996847 -0.062972 -10.032743 -0.714488 0.013577 0.699167 94.735172
0.702464 0.070841 0.707833 127.558738 -0.040624 0.997147 -0.059480 -10.084952 -0.710212 0.013031 0.703521 95.379342
0.707105 0.067613 0.703514 128.197878 -0.034816 0.997283 -0.060854 -10.134550 -0.705901 0.018541 0.707722 96.020605
0.712279 0.064179 0.698597 128.834981 -0.024363 0.997213 -0.066773 -10.185462 -0.701119 0.030550 0.712044 96.660787
0.717562 0.065537 0.693038 129.462462 -0.018700 0.996755 -0.074896 -10.240394 -0.695882 0.040794 0.716650 97.305833
0.723076 0.065710 0.687279 130.088813 -0.015655 0.996514 -0.078805 -10.297567 -0.690238 0.046234 0.721770 97.967475
0.728772 0.061318 0.681647 130.716048 -0.013354 0.996813 -0.075393 -10.359071 -0.684272 0.045853 0.727455 98.644694
0.734591 0.055803 0.675847 131.348754 -0.008894 0.997064 -0.072659 -10.424263 -0.678091 0.047376 0.733120 99.331580
0.739867 0.052542 0.670332 131.970977 -0.004434 0.997051 -0.073259 -10.486089 -0.672377 0.051243 0.738108 100.019073
0.744350 0.054373 0.665205 132.583597 -0.002206 0.996621 -0.078995 -10.548028 -0.667423 0.057347 0.742144 100.708685
0.747959 0.055689 0.661033 133.196136 -0.002930 0.996487 -0.080635 -10.610869 -0.663372 0.058390 0.745686 101.410130
0.751143 0.052767 0.657650 133.811050 -0.000501 0.996588 -0.079390 -10.678799 -0.659766 0.059320 0.748800 102.113631
0.753591 0.047130 0.655268 134.427692 0.002887 0.996919 -0.075024 -10.747390 -0.656958 0.058445 0.751330 102.820476
0.754994 0.042755 0.653933 135.047413 0.006187 0.997090 -0.072335 -10.811788 -0.655303 0.058675 0.752740 103.531277
0.755675 0.038101 0.653440 135.664066 0.009712 0.997276 -0.069382 -10.873112 -0.654481 0.058792 0.753450 104.242025
0.755972 0.037118 0.653153 136.277280 0.009903 0.997361 -0.068141 -10.933991 -0.654136 0.057997 0.753812 104.956608
0.755898 0.037626 0.653208 136.891036 0.008568 0.997425 -0.067369 -10.993413 -0.654239 0.056536 0.753832 105.675037
0.755460 0.039772 0.653580 137.501803 0.007152 0.997321 -0.068957 -11.052510 -0.654755 0.056784 0.753358 106.390373
0.754325 0.043702 0.654638 138.111064 0.003134 0.997256 -0.070186 -11.112931 -0.656093 0.055010 0.752324 107.105458
0.752500 0.047483 0.656469 138.725482 -0.000164 0.997134 -0.071936 -11.174675 -0.658189 0.054039 0.750559 107.824156
0.750572 0.050326 0.658460 139.337924 -0.004239 0.997164 -0.071382 -11.236825 -0.660372 0.050801 0.748864 108.537986
0.748327 0.051827 0.660885 139.952511 -0.006456 0.997180 -0.070889 -11.299628 -0.662888 0.048796 0.746763 109.246083
0.746193 0.051177 0.663341 140.574007 -0.007106 0.997310 -0.068949 -11.361304 -0.665279 0.046749 0.744762 109.953334
0.743832 0.049957 0.666079 141.196428 -0.008096 0.997517 -0.065775 -11.421375 -0.667906 0.043546 0.742602 110.658231
0.741337 0.045898 0.669145 141.822099 -0.004042 0.997659 -0.063953 -11.482586 -0.670711 0.044719 0.739999 111.351662
0.738759 0.049952 0.671702 142.444375 -0.004533 0.997308 -0.069181 -11.546211 -0.673547 0.048077 0.737207 112.039924
0.735372 0.060137 0.674581 143.057241 -0.010039 0.996627 -0.077903 -11.608437 -0.677187 0.050530 0.733703 112.725908
0.732108 0.066575 0.677514 143.673996 -0.012359 0.996057 -0.084522 -11.672810 -0.680670 0.053521 0.730254 113.405834
0.728778 0.065110 0.681235 144.297042 -0.013710 0.996367 -0.080562 -11.739382 -0.684208 0.049386 0.727232 114.080220
0.725154 0.063567 0.685235 144.920047 -0.016583 0.996763 -0.074918 -11.809787 -0.687982 0.042976 0.724071 114.755125
0.721756 0.061851 0.688968 145.543957 -0.018392 0.997071 -0.070243 -11.873671 -0.691500 0.038038 0.720989 115.422323
0.718639 0.061874 0.692217 146.170337 -0.017831 0.997055 -0.070610 -11.934309 -0.694754 0.038411 0.717835 116.079214
0.715786 0.060208 0.695316 146.806056 -0.015862 0.997131 -0.070014 -11.994479 -0.697742 0.039098 0.714894 116.734863
0.713056 0.059213 0.698200 147.447289 -0.011857 0.997014 -0.072447 -12.057283 -0.700612 0.043393 0.711835 117.382490
0.709834 0.058332 0.701553 148.081300 -0.008211 0.996895 -0.074581 -12.118451 -0.703931 0.047193 0.708312 118.019386
0.706263 0.058886 0.705100 148.715235 -0.005249 0.996654 -0.077977 -12.180242 -0.707540 0.051386 0.704411 118.650761
0.702494 0.059255 0.708822 149.352896 -0.005530 0.996662 -0.077837 -12.243724 -0.711278 0.050775 0.700680 119.285495
0.698597 0.060972 0.712516 149.990002 -0.007593 0.996647 -0.077841 -12.309003 -0.715085 0.048984 0.696920 119.915969
0.693846 0.060605 0.717174 150.635744 -0.006676 0.996659 -0.077765 -12.373690 -0.719704 0.049183 0.692134 120.545462
0.688418 0.063372 0.722148 151.285887 -0.009217 0.996568 -0.078668 -12.438710 -0.724869 0.047515 0.686840 121.172025
0.682381 0.070676 0.727173 151.934109 -0.013177 0.996044 -0.084443 -12.507398 -0.730486 0.048055 0.680815 121.792945
0.676457 0.076276 0.732123 152.594751 -0.015836 0.995598 -0.089095 -12.576022 -0.735921 0.048690 0.674889 122.412063
0.670353 0.078628 0.737467 153.267030 -0.015492 0.995334 -0.092039 -12.645902 -0.741490 0.050289 0.668644 123.028789
0.664033 0.073291 0.743716 153.959015 -0.016035 0.996055 -0.083841 -12.717155 -0.747151 0.043761 0.662785 123.649867
0.657252 0.069744 0.750053 154.653902 -0.021802 0.996755 -0.073579 -12.786368 -0.752980 0.032017 0.656833 124.273485
0.650438 0.064935 0.756389 155.357431 -0.020825 0.997188 -0.067699 -12.851527 -0.758893 0.028291 0.650155 124.882750
0.643518 0.066147 0.762180 156.070082 -0.025294 0.997251 -0.065192 -12.906044 -0.764634 0.022681 0.643614 125.493578
0.635829 0.067513 0.768476 156.790848 -0.023702 0.997095 -0.067987 -12.960720 -0.771080 0.025022 0.635777 126.095535
0.629678 0.067105 0.773550 157.523401 -0.017773 0.996928 -0.072016 -13.023737 -0.776260 0.031609 0.629133 126.684536
0.622976 0.075291 0.778210 158.252157 -0.016402 0.996077 -0.083239 -13.086451 -0.781679 0.039105 0.621962 127.270774
0.615884 0.076228 0.783743 158.993810 -0.012306 0.995799 -0.087182 -13.151980 -0.787353 0.044063 0.614427 127.852685
0.609149 0.071920 0.789393 159.746768 -0.009322 0.996141 -0.083562 -13.227114 -0.792616 0.043557 0.607659 128.431162
0.602290 0.066038 0.795148 160.513511 -0.004998 0.996546 -0.078978 -13.301752 -0.797879 0.043607 0.600728 129.007394
0.595514 0.065354 0.800291 161.264585 -0.004421 0.996617 -0.078097 -13.372206 -0.802951 0.042983 0.593974 129.569925
0.588588 0.067123 0.805250 162.011516 -0.005914 0.996558 -0.078746 -13.441181 -0.808030 0.041601 0.587143 130.125969
0.582838 0.064556 0.809631 162.751141 -0.000832 0.996567 -0.078861 -13.508704 -0.812210 0.045305 0.581072 130.656817
0.577928 0.058510 0.813594 163.499517 0.004329 0.996867 -0.074765 -13.577376 -0.815692 0.046747 0.576048 131.183840
0.573174 0.055923 0.817131 164.242053 0.004807 0.997096 -0.071611 -13.645794 -0.819037 0.044989 0.571423 131.707643
0.568943 0.054975 0.820143 164.974658 0.003318 0.997273 -0.069149 -13.708841 -0.821986 0.042077 0.567391 132.222936
0.564343 0.057327 0.823154 165.705321 0.002934 0.997111 -0.071453 -13.769624 -0.825151 0.042754 0.562725 132.729311
0.560869 0.059785 0.825350 166.430338 0.004129 0.996845 -0.075013 -13.835901 -0.827511 0.045496 0.559032 133.223495
0.557838 0.065601 0.826960 167.142272 0.003508 0.996346 -0.081404 -13.899048 -0.829560 0.048328 0.555748 133.708482
0.554532 0.068372 0.828956 167.850267 0.001321 0.996214 -0.083051 -13.963254 -0.831779 0.047166 0.552520 134.191970
0.551995 0.063563 0.831028 168.561343 0.001926 0.996659 -0.077510 -14.029176 -0.833462 0.044401 0.550206 134.668724
0.549980 0.055391 0.832948 169.272289 0.005392 0.997212 -0.069874 -14.093205 -0.834779 0.042936 0.548324 135.135798
0.547598 0.049986 0.834857 169.977983 0.010111 0.997416 -0.066350 -14.153660 -0.836300 0.044789 0.545853 135.592298
0.545330 0.048178 0.836447 170.673053 0.015489 0.997267 -0.067539 -14.210292 -0.837699 0.049804 0.543268 136.038823
0.543271 0.050458 0.837665 171.359625 0.017133 0.996999 -0.071168 -14.264753 -0.839017 0.053033 0.540945 136.482360
0.541423 0.057783 0.838383 172.032772 0.014448 0.996523 -0.078013 -14.326353 -0.840258 0.054369 0.538875 136.920164
0.539545 0.065817 0.838997 172.697542 0.012972 0.995843 -0.086463 -14.391058 -0.841486 0.057553 0.536619 137.352139
0.537604 0.066985 0.840146 173.365460 0.016883 0.995451 -0.090171 -14.450734 -0.842653 0.062681 0.534199 137.773323
0.535307 0.060924 0.842070 174.033750 0.016699 0.996104 -0.082684 -14.508818 -0.844116 0.058342 0.532376 138.196711
0.532021 0.053700 0.844634 174.693684 0.009373 0.997214 -0.069305 -14.570781 -0.846297 0.044804 0.530210 138.627199
0.529149 0.050550 0.846633 175.341430 0.001716 0.997822 -0.060650 -14.629696 -0.848149 0.033557 0.528082 139.049685
0.527304 0.052735 0.847650 175.981748 0.000452 0.997718 -0.062352 -14.680484 -0.849298 0.033273 0.526248 139.455135
0.525050 0.055165 0.848893 176.617130 0.003077 0.997431 -0.066720 -14.726027 -0.850688 0.037656 0.523702 139.846067
0.522821 0.056989 0.850147 177.246928 0.004689 0.997218 -0.069731 -14.771874 -0.852051 0.040457 0.521270 140.232418
0.520447 0.055925 0.851671 177.871519 0.004347 0.997328 -0.068146 -14.820441 -0.853504 0.039182 0.518984 140.617637
0.518127 0.055182 0.853132 178.489116 0.003840 0.997417 -0.066846 -14.870562 -0.854916 0.037924 0.516747 140.997051
0.515945 0.054507 0.854496 179.100445 0.004046 0.997467 -0.066070 -14.918477 -0.856233 0.037559 0.514587 141.369011
0.513317 0.054797 0.856060 179.709731 0.005709 0.997380 -0.067266 -14.965346 -0.857803 0.039429 0.511828 141.732611
0.509767 0.056296 0.858095 180.311791 0.006727 0.997237 -0.069420 -15.012839 -0.859921 0.041175 0.508142 142.091910
0.505832 0.058189 0.860293 180.905629 0.006787 0.997094 -0.071432 -15.060154 -0.862240 0.041986 0.504129 142.440384
0.501307 0.060088 0.862800 181.492785 0.006820 0.996944 -0.073393 -15.108755 -0.864872 0.042691 0.499528 142.782780
0.496545 0.062463 0.865381 182.076945 0.006771 0.996762 -0.075831 -15.156203 -0.867615 0.043528 0.494675 143.117831
0.491079 0.065413 0.868277 182.659415 0.008096 0.996454 -0.079648 -15.205447 -0.870709 0.046159 0.488968 143.446244
0.485055 0.068012 0.871458 183.249098 0.009991 0.996138 -0.083304 -15.255350 -0.874059 0.049130 0.482659 143.769892
0.478705 0.070591 0.874759 183.843150 0.008485 0.996008 -0.085018 -15.306203 -0.877570 0.048138 0.476350 144.096362
0.472204 0.072670 0.878116 184.441299 0.004104 0.996068 -0.084639 -15.357222 -0.881117 0.043586 0.470202 144.424981
0.465706 0.074207 0.881452 185.043931 0.000621 0.996115 -0.084188 -15.409844 -0.884578 0.039768 0.464001 144.752190
0.459571 0.075220 0.884580 185.656458 0.000369 0.996055 -0.084891 -15.464219 -0.887781 0.039354 0.457879 145.070441
0.452695 0.078328 0.887851 186.273680 -0.000579 0.995825 -0.087558 -15.518462 -0.891308 0.039136 0.450995 145.386719
0.445145 0.083443 0.891195 186.894658 -0.003541 0.995469 -0.091437 -15.572898 -0.895094 0.037559 0.443567 145.704055
0.437607 0.087099 0.894571 187.524936 -0.005461 0.995200 -0.094225 -15.629582 -0.898794 0.036360 0.436123 146.020177
0.430518 0.089853 0.897729 188.163521 -0.006793 0.994987 -0.096330 -15.689446 -0.902197 0.035386 0.429110 146.330434
0.423095 0.092350 0.900998 188.811188 -0.007121 0.994760 -0.098616 -15.752464 -0.905699 0.035320 0.421673 146.638112
0.415707 0.094685 0.904186 189.470599 -0.008442 0.994581 -0.100270 -15.817773 -0.909099 0.034061 0.414390 146.946276
0.408732 0.095063 0.907318 190.142076 -0.004723 0.994421 -0.102062 -15.882163 -0.912281 0.037444 0.407036 147.246685
0.401599 0.094234 0.910574 190.827522 -0.002776 0.994457 -0.101691 -15.947485 -0.915441 0.038325 0.399770 147.547611
0.394075 0.091671 0.914114 191.527775 -0.001440 0.994716 -0.099133 -16.015075 -0.918705 0.037763 0.392259 147.850402
0.386584 0.089523 0.917513 192.237690 -0.002786 0.995023 -0.095911 -16.082304 -0.921874 0.034534 0.385043 148.156414
0.380040 0.085323 0.920638 192.961663 -0.001806 0.995437 -0.091510 -16.148679 -0.924589 0.033127 0.378593 148.457591
0.374259 0.081717 0.923322 193.698835 0.002159 0.995657 -0.088994 -16.210895 -0.926936 0.035313 0.372590 148.752213
0.368813 0.075836 0.926013 194.450969 0.001829 0.996233 -0.082315 -16.270443 -0.929119 0.032065 0.367415 149.054021
0.363201 0.070732 0.928632 195.214850 0.003224 0.996641 -0.077174 -16.328526 -0.931323 0.031035 0.361881 149.355014
0.358505 0.069931 0.930515 195.984626 0.007643 0.996566 -0.077839 -16.390338 -0.933115 0.035031 0.356866 149.647356
0.353702 0.077555 0.931746 196.761655 0.011584 0.995744 -0.087279 -16.453821 -0.934904 0.041680 0.351423 149.939185
0.349045 0.088695 0.932513 197.545840 0.015322 0.994467 -0.100323 -16.514412 -0.936603 0.049324 0.345876 150.229732
0.345073 0.095104 0.933359 198.346741 0.021563 0.993417 -0.109195 -16.586628 -0.937951 0.057827 0.340871 150.518300
0.340952 0.090284 0.935350 199.166788 0.027943 0.993593 -0.106092 -16.665908 -0.939288 0.062332 0.336363 150.807941
0.336245 0.082492 0.937762 200.002068 0.034611 0.994023 -0.099851 -16.746267 -0.940754 0.066056 0.331499 151.099151
0.331310 0.076612 0.940010 200.843648 0.037596 0.994452 -0.094300 -16.831384 -0.942384 0.066609 0.326710 151.391914
0.326631 0.082907 0.941112 201.675294 0.034283 0.994067 -0.099470 -16.913280 -0.944142 0.064779 0.321968 151.684521
0.321904 0.092789 0.941811 202.508449 0.029356 0.993339 -0.107899 -16.988570 -0.945922 0.062405 0.317153 151.978625
0.316974 0.096217 0.943132 203.358037 0.025875 0.993198 -0.110021 -17.070900 -0.947682 0.059300 0.312445 152.272169
0.311488 0.091694 0.945402 204.221611 0.023286 0.993898 -0.104069 -17.160678 -0.949561 0.054452 0.307568 152.563778
0.305838 0.088749 0.947527 205.092333 0.020634 0.994395 -0.099799 -17.250465 -0.951458 0.050093 0.302406 152.852073
0.300281 0.090215 0.949166 205.971236 0.019333 0.994340 -0.100625 -17.334883 -0.953255 0.048585 0.296948 153.136528
0.295236 0.094284 0.950351 206.853714 0.018228 0.993984 -0.104275 -17.417305 -0.954851 0.048128 0.291850 153.417230
0.290580 0.094266 0.951787 207.747173 0.021648 0.993835 -0.105039 -17.503622 -0.956208 0.051146 0.286855 153.689049
0.286386 0.093329 0.953150 208.650980 0.025910 0.993729 -0.105086 -17.593522 -0.957367 0.054813 0.282276 153.958338
0.282516 0.092236 0.954407 209.559943 0.027513 0.993776 -0.104185 -17.684104 -0.958467 0.055714 0.278324 154.228957
0.278953 0.091359 0.955540 210.473313 0.029460 0.993781 -0.103615 -17.773062 -0.959454 0.057077 0.274629 154.496453
0.275927 0.090521 0.956493 211.394208 0.030433 0.993829 -0.102833 -17.864553 -0.960294 0.057506 0.271572 154.763724
0.273332 0.089453 0.957338 212.314356 0.028564 0.994068 -0.101040 -17.952948 -0.961093 0.054985 0.269257 155.030962
0.270541 0.087372 0.958323 213.243361 0.028566 0.994302 -0.098716 -18.042283 -0.961883 0.054104 0.266604 155.297165
0.267899 0.087548 0.959049 214.174498 0.025231 0.994480 -0.097830 -18.132227 -0.962715 0.050426 0.264311 155.566500
0.265893 0.090350 0.959347 215.103319 0.023256 0.994303 -0.100087 -18.221948 -0.963321 0.048942 0.262376 155.831257
0.264204 0.091636 0.959692 216.032220 0.022719 0.994205 -0.101185 -18.311160 -0.963799 0.048556 0.260688 156.090278
0.262193 0.091400 0.960266 216.954970 0.023429 0.994204 -0.101027 -18.401596 -0.964331 0.049006 0.258629 156.347877
0.260682 0.090584 0.960755 217.882278 0.023397 0.994300 -0.100094 -18.494245 -0.964741 0.048591 0.257173 156.602098
0.259467 0.085318 0.961566 218.814307 0.024874 0.994766 -0.094976 -18.579242 -0.965032 0.048581 0.256083 156.856299
0.257940 0.083923 0.962098 219.744274 0.027457 0.994778 -0.094134 -18.671178 -0.965370 0.050718 0.254384 157.103921
0.256080 0.085293 0.962476 220.666883 0.024832 0.994791 -0.094763 -18.756753 -0.965939 0.048187 0.252721 157.356277
0.254635 0.092320 0.962205 221.576753 0.025313 0.994049 -0.102074 -18.842870 -0.966302 0.050368 0.250877 157.599439
0.252574 0.094400 0.962544 222.489823 0.025738 0.993812 -0.104220 -18.931090 -0.966829 0.051118 0.248675 157.839419
0.249814 0.095946 0.963112 223.399957 0.024286 0.993737 -0.105295 -19.023598 -0.967584 0.049715 0.246012 158.080832
0.247006 0.092062 0.964220 224.322700 0.022866 0.994243 -0.100785 -19.116248 -0.968345 0.046961 0.243569 158.323024
0.243950 0.086333 0.965522 225.251234 0.023208 0.994817 -0.094816 -19.206934 -0.969105 0.045557 0.240772 158.561056
0.240384 0.082461 0.966753 226.175531 0.024120 0.995161 -0.090881 -19.294203 -0.969973 0.045183 0.237321 158.792880
0.236358 0.083131 0.967682 227.094478 0.022466 0.995185 -0.090980 -19.376551 -0.970995 0.043261 0.233441 159.023001
0.232160 0.084472 0.968582 228.014909 0.022522 0.995073 -0.092180 -19.455979 -0.972006 0.043233 0.229201 159.248969
0.228276 0.085076 0.969452 228.936192 0.023113 0.995006 -0.092761 -19.537173 -0.972912 0.043600 0.225255 159.467919
0.224047 0.084534 0.970484 229.855429 0.022896 0.995084 -0.091962 -19.618841 -0.973898 0.042842 0.221094 159.684020
0.219903 0.083657 0.971506 230.772640 0.023610 0.995151 -0.091037 -19.701362 -0.974824 0.042975 0.216944 159.894766
0.215927 0.083221 0.972436 231.689204 0.022880 0.995241 -0.090252 -19.782383 -0.975731 0.041755 0.213076 160.102790
0.211767 0.084122 0.973277 232.609128 0.021249 0.995245 -0.090644 -19.863479 -0.976683 0.039892 0.209050 160.308789
0.207643 0.085073 0.974089 233.531400 0.018912 0.995270 -0.090954 -19.944970 -0.977622 0.037323 0.205128 160.513959
0.203521 0.084752 0.974988 234.449079 0.016551 0.995402 -0.089981 -20.024364 -0.978533 0.034464 0.201256 160.713388
0.199648 0.085941 0.975684 235.368080 0.012366 0.995442 -0.090212 -20.105649 -0.979392 0.030088 0.197747 160.913314
0.196047 0.090448 0.976006 236.287575 0.007518 0.995165 -0.093733 -20.190206 -0.980169 0.025724 0.194490 161.112496
0.192600 0.095692 0.976202 237.200457 0.004907 0.994732 -0.098476 -20.271247 -0.980878 0.023766 0.191184 161.303376
0.189156 0.097988 0.976646 238.113327 0.003422 0.994539 -0.100446 -20.353951 -0.981552 0.022351 0.187854 161.488873
0.185828 0.095425 0.977536 239.029592 0.001984 0.994835 -0.097490 -20.441223 -0.982189 0.020064 0.184745 161.672184
0.182477 0.092105 0.978489 239.950832 0.002580 0.995159 -0.094155 -20.528570 -0.982820 0.019713 0.181420 161.850147
0.179471 0.088876 0.979334 240.865873 0.003278 0.995449 -0.090939 -20.611039 -0.983364 0.019539 0.178426 162.023129
0.176206 0.088116 0.979993 241.777560 0.004492 0.995498 -0.090317 -20.691997 -0.983946 0.020324 0.175079 162.190638
0.172740 0.087902 0.980628 242.686231 0.004884 0.995515 -0.090096 -20.770713 -0.984558 0.020360 0.171598 162.354855
0.168589 0.089832 0.981183 243.589453 0.004472 0.995359 -0.091898 -20.850243 -0.985287 0.019889 0.167464 162.516420
0.163930 0.092870 0.981695 244.491016 0.004403 0.995086 -0.094871 -20.930040 -0.986078 0.019882 0.162771 162.672731
0.159043 0.087661 0.982978 245.399903 0.014001 0.995357 -0.091029 -21.005710 -0.986789 0.028251 0.157130 162.812608
0.154722 0.082524 0.984111 246.308716 0.014196 0.995823 -0.085737 -21.083224 -0.987473 0.027247 0.152956 162.955196
0.149440 0.083583 0.984837 247.205668 0.015180 0.995715 -0.086809 -21.166844 -0.988271 0.027934 0.147580 163.093558
0.145396 0.095622 0.984347 248.085560 0.017178 0.994530 -0.099148 -21.245406 -0.988841 0.031337 0.143006 163.223160
0.140050 0.107690 0.983876 248.962572 0.018789 0.993205 -0.111385 -21.325300 -0.989584 0.034099 0.137120 163.349774
0.134374 0.112084 0.984179 249.845509 0.017568 0.992764 -0.115459 -21.415216 -0.990397 0.032817 0.131475 163.476078
0.128992 0.106989 0.985462 250.743302 0.013751 0.993478 -0.109659 -21.510042 -0.991169 0.027707 0.126721 163.600236
0.123947 0.100568 0.986798 251.640218 0.011405 0.994258 -0.102760 -21.601374 -0.991855 0.024000 0.122126 163.720249
0.118695 0.096117 0.987892 252.536577 0.009677 0.994767 -0.097948 -21.689180 -0.992521 0.021193 0.117179 163.837228
0.112572 0.096259 0.988595 253.424873 0.006134 0.994833 -0.097565 -21.773509 -0.993263 0.017053 0.111432 163.949306
0.105312 0.094407 0.989574 254.313243 0.002278 0.995081 -0.095174 -21.853909 -0.994076 0.012282 0.104609 164.055953
0.097953 0.090254 0.990716 255.206318 -0.001538 0.995515 -0.090539 -21.932942 -0.994830 0.007347 0.097680 164.157684
0.090823 0.086975 0.991682 256.093453 -0.002875 0.995815 -0.087074 -22.013068 -0.995496 0.005058 0.090718 164.248753
0.084212 0.088425 0.992135 256.980953 0.001210 0.995660 -0.088842 -22.089230 -0.996079 0.008685 0.083762 164.325876
0.077828 0.092221 0.992309 257.869843 0.003435 0.995295 -0.092767 -22.164313 -0.996592 0.010632 0.077165 164.401383
0.071375 0.094247 0.992609 258.740290 0.005912 0.995086 -0.094907 -22.238215 -0.997068 0.012647 0.070484 164.464917
0.064984 0.092572 0.993205 259.621344 0.006129 0.995250 -0.093163 -22.315382 -0.997504 0.012146 0.064122 164.528623
0.058871 0.090145 0.993811 260.507490 0.005472 0.995490 -0.090621 -22.392757 -0.997889 0.010777 0.058124 164.586677
0.052947 0.088905 0.994256 261.385018 0.008386 0.995574 -0.089469 -22.468812 -0.998200 0.013080 0.051976 164.636940
0.047697 0.091147 0.994313 262.261535 0.010260 0.995345 -0.091733 -22.544506 -0.998442 0.014582 0.046547 164.683004
0.042981 0.094771 0.994186 263.140265 0.010420 0.995005 -0.095299 -22.618756 -0.998652 0.014461 0.041785 164.726634
0.039534 0.096226 0.994188 264.012114 0.012551 0.994835 -0.096787 -22.694225 -0.998768 0.016311 0.038127 164.763382
0.037048 0.094897 0.994412 264.889995 0.017994 0.994867 -0.095610 -22.773650 -0.998781 0.021444 0.035154 164.793552
0.035050 0.092283 0.994731 265.767040 0.019920 0.995076 -0.093017 -22.852316 -0.998817 0.023084 0.033042 164.824886
0.033090 0.090666 0.994946 266.634591 0.022046 0.995179 -0.091420 -22.928952 -0.998839 0.024969 0.030933 164.854192
0.031405 0.089526 0.995104 267.501169 0.024195 0.995231 -0.090300 -23.004566 -0.998843 0.026922 0.029090 164.882692
0.030422 0.091070 0.994995 268.361887 0.026390 0.995031 -0.091879 -23.079388 -0.998818 0.029064 0.027868 164.909517
0.030049 0.092593 0.994866 269.221497 0.028192 0.994836 -0.093442 -23.154763 -0.998780 0.030867 0.027284 164.935898
0.030460 0.094105 0.994707 270.072811 0.031624 0.994575 -0.095060 -23.230431 -0.998661 0.034365 0.027320 164.959774
0.031503 0.094948 0.994588 270.915223 0.033797 0.994407 -0.096000 -23.307893 -0.998551 0.036653 0.028119 164.985258
0.032819 0.095177 0.994517 271.752931 0.034935 0.994331 -0.096312 -23.385216 -0.998463 0.037920 0.029310 165.012753
0.034693 0.095088 0.994463 272.581850 0.037003 0.994252 -0.096359 -23.463393 -0.998326 0.040157 0.030977 165.041208
0.036965 0.093838 0.994502 273.404282 0.037899 0.994327 -0.095230 -23.540115 -0.998210 0.041228 0.033203 165.072145
0.039558 0.091849 0.994588 274.214159 0.038854 0.994465 -0.093383 -23.615418 -0.998074 0.042354 0.035774 165.104494
0.042661 0.088717 0.994744 275.018473 0.038832 0.994743 -0.090383 -23.687893 -0.997947 0.042500 0.038997 165.141917
0.046040 0.085916 0.994839 275.812468 0.037965 0.995017 -0.087688 -23.758746 -0.997830 0.041823 0.042556 165.182257
0.049536 0.083867 0.994845 276.595275 0.036208 0.995255 -0.085704 -23.827930 -0.997727 0.040283 0.046273 165.226385
0.053305 0.084256 0.994611 277.359458 0.031361 0.995387 -0.086003 -23.894770 -0.997691 0.035791 0.050428 165.277346
0.057065 0.085708 0.994274 278.112494 0.028813 0.995333 -0.087453 -23.959453 -0.997555 0.033652 0.054342 165.328697
0.061220 0.085625 0.994045 278.860756 0.028717 0.995342 -0.087506 -24.021166 -0.997322 0.033917 0.058490 165.379022
0.064758 0.083336 0.994016 279.599279 0.028253 0.995545 -0.085305 -24.083524 -0.997112 0.033621 0.062131 165.431671
0.068082 0.080293 0.994042 280.326833 0.026103 0.995859 -0.082228 -24.145809 -0.996947 0.031558 0.065721 165.488187
0.071664 0.078609 0.993915 281.036759 0.023189 0.996068 -0.080452 -24.206640 -0.996760 0.028826 0.069579 165.550197
0.075655 0.079649 0.993535 281.734347 0.024196 0.995944 -0.081685 -24.262698 -0.996441 0.030232 0.073442 165.606193
0.079684 0.080890 0.993120 282.417222 0.024315 0.995826 -0.083062 -24.318284 -0.996123 0.030779 0.077408 165.665269
0.082936 0.082881 0.992688 283.085735 0.023711 0.995667 -0.085111 -24.375222 -0.995871 0.030609 0.080635 165.726050
0.086064 0.085813 0.992171 283.740277 0.022515 0.995438 -0.088049 -24.433287 -0.995633 0.029929 0.083765 165.790304
0.089036 0.086393 0.991858 284.380138 0.019268 0.995471 -0.088438 -24.488071 -0.995439 0.026996 0.086995 165.856984
0.092277 0.087116 0.991498 285.007716 0.017013 0.995457 -0.089047 -24.542347 -0.995184 0.025096 0.090405 165.925036
0.095613 0.087209 0.991176 285.622017 0.015124 0.995490 -0.089048 -24.596885 -0.994903 0.023514 0.093893 165.991309
0.098799 0.086801 0.990903 286.226613 0.014396 0.995541 -0.088643 -24.653089 -0.994606 0.023032 0.097140 166.056963
0.101977 0.087960 0.990482 286.817977 0.013225 0.995459 -0.089764 -24.703633 -0.994305 0.022262 0.100383 166.122992
0.104714 0.091246 0.989900 287.396994 0.010183 0.995216 -0.092814 -24.754834 -0.994057 0.019807 0.103317 166.194533
0.107195 0.090801 0.989678 287.966722 0.008785 0.995282 -0.092267 -24.807413 -0.993808 0.018592 0.105925 166.263930
0.110405 0.090879 0.989323 288.527204 0.007618 0.995296 -0.092278 -24.860808 -0.993472 0.017731 0.109228 166.332869
0.113327 0.090424 0.989033 289.077379 0.005955 0.995362 -0.091685 -24.910201 -0.993154 0.016286 0.112299 166.402107
0.116050 0.091081 0.988657 289.616617 0.006064 0.995294 -0.092405 -24.959946 -0.992838 0.016725 0.114989 166.470696
0.119140 0.091984 0.988196 290.144356 0.004905 0.995213 -0.093230 -25.009183 -0.992468 0.015961 0.118158 166.540166
0.121720 0.093293 0.987754 290.660407 0.004316 0.995090 -0.094518 -25.058089 -0.992153 0.015774 0.120762 166.607928
0.124266 0.094523 0.987322 291.169919 0.005181 0.994955 -0.095906 -25.106480 -0.991835 0.017039 0.123192 166.675764
0.126305 0.096089 0.986914 291.671102 0.003944 0.994821 -0.097364 -25.153586 -0.991586 0.016196 0.125315 166.746161
0.127811 0.097232 0.986610 292.162251 0.003034 0.994721 -0.098425 -25.198503 -0.991398 0.015579 0.126885 166.815342
0.129300 0.098856 0.986257 292.650803 0.002386 0.994567 -0.100003 -25.244744 -0.991208 0.015289 0.128406 166.884792
0.130178 0.100098 0.986017 293.138708 0.001622 0.994451 -0.101169 -25.291712 -0.991095 0.014775 0.129338 166.953978
0.130601 0.100872 0.985881 293.628025 0.002239 0.994361 -0.102037 -25.339351 -0.991038 0.015539 0.129683 167.020679
0.130021 0.101161 0.985928 294.121784 0.002050 0.994334 -0.102295 -25.386756 -0.991114 0.015327 0.129122 167.089137
0.129187 0.100750 0.986078 294.620034 0.000598 0.994398 -0.101679 -25.432175 -0.991224 0.013730 0.128448 167.158799
0.127780 0.099504 0.986387 295.126118 0.000077 0.994533 -0.100337 -25.478609 -0.991404 0.012902 0.127118 167.229070
0.126105 0.100213 0.986529 295.634870 0.001740 0.994439 -0.101239 -25.527152 -0.991616 0.014489 0.125273 167.293695
0.124314 0.103093 0.986453 296.148665 0.004541 0.994090 -0.104464 -25.578287 -0.991827 0.017472 0.123154 167.356365
0.122919 0.106894 0.986224 296.670594 0.010162 0.993566 -0.108957 -25.633673 -0.991959 0.023424 0.121084 167.412497
0.120799 0.111629 0.985976 297.200791 0.012840 0.992981 -0.113997 -25.684644 -0.992200 0.026441 0.118558 167.474141
0.118448 0.114818 0.985895 297.741470 0.011800 0.992642 -0.117023 -25.732391 -0.992496 0.025504 0.116261 167.540339
0.116337 0.115256 0.986096 298.293931 0.012063 0.992590 -0.117439 -25.782940 -0.992743 0.025568 0.114123 167.607077
0.114845 0.112298 0.986611 298.864283 0.016265 0.992827 -0.114901 -25.842574 -0.992857 0.029254 0.112233 167.666864
0.113784 0.106958 0.987327 299.446194 0.025448 0.993131 -0.110521 -25.906845 -0.992786 0.037716 0.110317 167.719515
0.111774 0.106150 0.987639 300.030637 0.026982 0.993167 -0.109799 -25.966690 -0.992970 0.038937 0.108182 167.780417
0.108685 0.109560 0.987608 300.621859 0.022386 0.992962 -0.112619 -26.023907 -0.993424 0.034363 0.105503 167.854046
0.106769 0.111420 0.987609 301.225527 0.019989 0.992835 -0.114172 -26.082452 -0.993682 0.031945 0.103812 167.925059
0.105606 0.109799 0.987916 301.844137 0.024847 0.992859 -0.113006 -26.143138 -0.993697 0.036496 0.102158 167.984102
0.104744 0.108011 0.988198 302.475492 0.029516 0.992878 -0.111652 -26.202733 -0.993654 0.040879 0.100844 168.039862
0.103000 0.108113 0.988368 303.110827 0.030791 0.992820 -0.111810 -26.269193 -0.993795 0.041967 0.098965 168.104765
0.100420 0.109338 0.988500 303.762353 0.026913 0.992849 -0.112555 -26.336809 -0.994173 0.037921 0.096792 168.177248
0.098383 0.111517 0.988465 304.421878 0.025362 0.992669 -0.114517 -26.405006 -0.994420 0.036351 0.094865 168.247929
0.096813 0.114628 0.988268 305.094127 0.023926 0.992365 -0.117448 -26.468568 -0.994612 0.035030 0.093361 168.315366
0.094979 0.116932 0.988190 305.777869 0.025364 0.992059 -0.119829 -26.539385 -0.994767 0.036459 0.091287 168.380181
0.093357 0.115614 0.988504 306.472592 0.022299 0.992335 -0.118170 -26.613702 -0.994998 0.033087 0.090091 168.450150
0.091029 0.115334 0.988759 307.177498 0.018504 0.992501 -0.117476 -26.689825 -0.995297 0.029000 0.088239 168.523862
0.088886 0.116268 0.988845 307.891698 0.017617 0.992423 -0.118274 -26.766607 -0.995507 0.027943 0.086190 168.592557
0.087695 0.121246 0.988353 308.609257 0.021510 0.991701 -0.123567 -26.849648 -0.995536 0.032108 0.084384 168.651259
0.086189 0.127261 0.987728 309.335733 0.023029 0.990884 -0.129679 -26.929760 -0.995632 0.033936 0.082497 168.712408
0.084819 0.131032 0.987351 310.074407 0.022835 0.990393 -0.133399 -27.011206 -0.995752 0.033873 0.081035 168.777814
0.084470 0.128528 0.987706 310.822856 0.026933 0.990579 -0.131207 -27.097638 -0.995676 0.037699 0.080236 168.834986
0.083750 0.122558 0.988523 311.583508 0.031879 0.991157 -0.125587 -27.189585 -0.995587 0.042047 0.079126 168.889957
0.082768 0.119794 0.988944 312.347058 0.035261 0.991362 -0.123040 -27.278802 -0.995555 0.045072 0.077852 168.944642
0.081791 0.120479 0.988940 313.116646 0.037485 0.991177 -0.123853 -27.366275 -0.995552 0.047219 0.076576 169.002719
0.081126 0.122297 0.988768 313.895463 0.038076 0.990920 -0.125689 -27.455354 -0.995581 0.047864 0.075756 169.063422
0.080679 0.123542 0.988649 314.680071 0.039207 0.990707 -0.127000 -27.543847 -0.995571 0.049028 0.075108 169.124171
0.080789 0.122603 0.988754 315.480682 0.039576 0.990805 -0.126093 -27.635299 -0.995545 0.049337 0.075217 169.186793
0.081741 0.120718 0.988904 316.291318 0.040088 0.991009 -0.124290 -27.729028 -0.995443 0.049823 0.076190 169.252417
0.082821 0.119463 0.988964 317.108027 0.040913 0.991114 -0.123151 -27.823967 -0.995317 0.050682 0.077222 169.318272
0.084102 0.118986 0.988916 317.928641 0.041029 0.991163 -0.122747 -27.916857 -0.995208 0.050918 0.078501 169.387428
0.085544 0.117035 0.989029 318.756873 0.041003 0.991399 -0.120864 -28.008042 -0.995090 0.050913 0.080034 169.459071
0.087482 0.115605 0.989027 319.595071 0.041642 0.991527 -0.119583 -28.100615 -0.994894 0.051667 0.081953 169.531078
0.089648 0.114310 0.988984 320.443413 0.043306 0.991582 -0.118538 -28.194301 -0.994631 0.053477 0.083969 169.604355
0.091403 0.113803 0.988880 321.297552 0.043623 0.991612 -0.118151 -28.287563 -0.994455 0.053959 0.085700 169.683413
0.094000 0.114220 0.988589 322.156631 0.044543 0.991495 -0.118793 -28.380757 -0.994173 0.055224 0.088142 169.764086
0.097139 0.113289 0.988393 323.023856 0.046439 0.991478 -0.118209 -28.473634 -0.993785 0.057407 0.091080 169.845216
0.100018 0.111987 0.988251 323.895492 0.048139 0.991511 -0.117231 -28.566396 -0.993416 0.059323 0.093809 169.929461
0.103077 0.111051 0.988039 324.776419 0.049275 0.991528 -0.116586 -28.660854 -0.993044 0.060728 0.096764 170.016919
0.106238 0.111802 0.987620 325.661774 0.050045 0.991368 -0.117612 -28.756624 -0.992672 0.061946 0.099760 170.108054
0.109386 0.112350 0.987214 326.554956 0.050850 0.991228 -0.118443 -28.853181 -0.992289 0.063182 0.102749 170.203678
0.112458 0.113606 0.986725 327.454465 0.050144 0.991097 -0.119826 -28.950449 -0.991981 0.062980 0.105797 170.304201
0.115274 0.114866 0.986252 328.356265 0.047400 0.991092 -0.120971 -29.050877 -0.991791 0.060719 0.108841 170.410586
0.117744 0.115819 0.985847 329.263392 0.045677 0.991059 -0.121888 -29.153357 -0.991580 0.059407 0.111440 170.522116
0.120029 0.116404 0.985501 330.172338 0.043306 0.991108 -0.122343 -29.255871 -0.991411 0.057387 0.113962 170.634453
0.121906 0.115127 0.985420 331.088034 0.043029 0.991268 -0.121135 -29.359833 -0.991194 0.057193 0.115930 170.747566
0.123777 0.112535 0.985486 332.007083 0.043147 0.991562 -0.118650 -29.463049 -0.990956 0.057231 0.117919 170.863593
0.125150 0.109879 0.985612 332.935058 0.043145 0.991869 -0.116057 -29.565655 -0.990783 0.057073 0.119434 170.978095
0.126510 0.109397 0.985486 333.857514 0.044665 0.991821 -0.115837 -29.666839 -0.990537 0.058696 0.120634 171.090491
0.127311 0.111734 0.985114 334.775685 0.046154 0.991442 -0.118419 -29.768176 -0.990360 0.060569 0.121110 171.205881
0.128073 0.110986 0.985098 335.697089 0.045336 0.991573 -0.117612 -29.867120 -0.990297 0.059750 0.122009 171.322241
0.128340 0.109491 0.985233 336.615499 0.042741 0.991905 -0.115802 -29.968444 -0.990381 0.056997 0.122668 171.444132
0.128381 0.107720 0.985427 337.528102 0.040308 0.992252 -0.113719 -30.071274 -0.990481 0.054343 0.123090 171.567144
0.128736 0.109199 0.985219 338.443310 0.038376 0.992183 -0.114987 -30.171797 -0.990513 0.052634 0.123585 171.689215
0.128862 0.110316 0.985077 339.355551 0.038079 0.992066 -0.116082 -30.270285 -0.990507 0.052492 0.123684 171.809112
0.129052 0.110797 0.984997 340.266569 0.037741 0.992025 -0.116534 -30.370814 -0.990494 0.052236 0.123887 171.930340
0.129348 0.111480 0.984877 341.173326 0.036184 0.992020 -0.117042 -30.472906 -0.990510 0.050798 0.124329 172.049872
0.129663 0.112170 0.984755 342.081875 0.036452 0.991919 -0.117787 -30.575151 -0.990457 0.051192 0.124574 172.167758
0.130076 0.111911 0.984727 342.989687 0.036233 0.991956 -0.117521 -30.676839 -0.990408 0.050988 0.125023 172.289078
0.130484 0.110244 0.984874 343.894249 0.037308 0.992107 -0.115999 -30.778465 -0.990328 0.051901 0.125387 172.406062
0.130856 0.111433 0.984688 344.792713 0.036112 0.992024 -0.117064 -30.880816 -0.990321 0.050900 0.125835 172.525961
0.130981 0.113540 0.984429 345.687047 0.036359 0.991756 -0.119225 -30.982159 -0.990294 0.051431 0.125820 172.645301
0.132056 0.115029 0.984112 346.584842 0.039252 0.991412 -0.121151 -31.081173 -0.990040 0.054651 0.126454 172.761272
0.133454 0.111328 0.984349 347.483519 0.042020 0.991695 -0.117858 -31.178793 -0.989739 0.057116 0.127716 172.875813
0.135276 0.108129 0.984456 348.381378 0.043808 0.991956 -0.114974 -31.281836 -0.989414 0.058705 0.129499 172.994346
0.137696 0.109541 0.983968 349.278920 0.047529 0.991546 -0.117038 -31.382255 -0.988911 0.062910 0.131374 173.110401
0.141147 0.114989 0.982855 350.170935 0.053177 0.990471 -0.123519 -31.478584 -0.988135 0.069730 0.133738 173.224956
0.144496 0.117692 0.982046 351.062865 0.056205 0.989875 -0.126902 -31.580105 -0.987481 0.073565 0.136470 173.348402
0.148016 0.117384 0.981550 351.953612 0.058990 0.989659 -0.127251 -31.687289 -0.986788 0.076771 0.139615 173.473723
0.151376 0.116451 0.981148 352.842234 0.060011 0.989665 -0.126722 -31.795358 -0.986216 0.078097 0.142879 173.603302
0.154732 0.118942 0.980324 353.727976 0.060543 0.989261 -0.129584 -31.904841 -0.985662 0.079438 0.145927 173.740409
0.158323 0.118734 0.979776 354.615273 0.060525 0.989252 -0.129664 -32.009301 -0.985093 0.079866 0.149493 173.878528
0.162026 0.115323 0.979578 355.505200 0.059618 0.989732 -0.126381 -32.118098 -0.984546 0.078913 0.153548 174.023509
0.166253 0.111142 0.979353 356.390699 0.057292 0.990403 -0.122123 -32.226396 -0.983980 0.076447 0.158353 174.173985
0.170754 0.109974 0.978710 357.281650 0.055364 0.990653 -0.120977 -32.330661 -0.983319 0.074876 0.163135 174.329879
0.175865 0.109527 0.977855 358.168867 0.052963 0.990841 -0.120509 -32.431766 -0.982550 0.073016 0.168521 174.489853
0.181317 0.108827 0.976935 359.055613 0.051230 0.991004 -0.119905 -32.535863 -0.981649 0.071822 0.174181 174.654393
0.187577 0.108908 0.975743 359.942778 0.049582 0.991058 -0.120151 -32.638999 -0.980556 0.070949 0.180574 174.824261
0.194669 0.110206 0.974204 360.827380 0.047619 0.990972 -0.121620 -32.742830 -0.979268 0.070098 0.187741 175.000775
0.202770 0.111342 0.972417 361.709450 0.044958 0.990943 -0.122839 -32.846208 -0.977746 0.068657 0.196010 175.187587
0.211835 0.112534 0.970328 362.591483 0.042553 0.990862 -0.124207 -32.950583 -0.975913 0.067634 0.205200 175.383109
0.221180 0.112975 0.968192 363.473177 0.040565 0.990862 -0.124888 -33.056229 -0.973925 0.066929 0.214670 175.586679
0.230316 0.113142 0.966043 364.353305 0.038662 0.990893 -0.125272 -33.163306 -0.971885 0.066232 0.223942 175.800135
0.239432 0.113194 0.963818 365.231421 0.036484 0.990953 -0.125446 -33.268777 -0.969764 0.065229 0.233238 176.022793
0.248171 0.113307 0.961591 366.105187 0.034001 0.991027 -0.125552 -33.374967 -0.967654 0.063883 0.242198 176.253414
0.256083 0.112945 0.959569 366.977986 0.032532 0.991114 -0.125341 -33.483019 -0.965653 0.063343 0.250241 176.493542
0.262918 0.112909 0.957722 367.845908 0.030568 0.991188 -0.125248 -33.590387 -0.963878 0.062234 0.257261 176.737396
0.268690 0.113039 0.956106 368.712981 0.029040 0.991223 -0.125354 -33.697340 -0.962338 0.061474 0.263162 176.985661
0.273681 0.113904 0.954588 369.583120 0.027724 0.991152 -0.126218 -33.805119 -0.960970 0.061036 0.268217 177.239758
0.278351 0.113562 0.953276 370.451693 0.026781 0.991217 -0.125903 -33.911816 -0.959653 0.060603 0.272982 177.495985
0.282847 0.113735 0.951930 371.321830 0.025418 0.991241 -0.125985 -34.019228 -0.958374 0.059857 0.277598 177.757461
0.287240 0.113521 0.950638 372.192605 0.025438 0.991230 -0.126057 -34.128563 -0.957064 0.060417 0.281955 178.022613
0.291767 0.113908 0.949211 373.062006 0.025098 0.991162 -0.126658 -34.236923 -0.955702 0.060805 0.286454 178.289925
0.296158 0.113517 0.947899 373.930481 0.024756 0.991200 -0.126439 -34.345134 -0.954362 0.060939 0.290868 178.562437
0.300580 0.112216 0.946665 374.799617 0.024289 0.991368 -0.125229 -34.453347 -0.952994 0.060662 0.295387 178.841058
0.305002 0.110769 0.945419 375.668110 0.023077 0.991596 -0.123626 -34.561584 -0.951616 0.059550 0.300013 179.123801
0.309697 0.108445 0.944158 376.535317 0.023372 0.991838 -0.121590 -34.668011 -0.950089 0.059749 0.304768 179.409169
0.314101 0.106463 0.942926 377.403817 0.022924 0.992083 -0.119651 -34.772199 -0.948651 0.059225 0.309310 179.701004
0.318386 0.104907 0.941662 378.264550 0.021771 0.992317 -0.117913 -34.875472 -0.947249 0.058069 0.313794 179.996488
0.322597 0.105184 0.940190 379.124526 0.021133 0.992282 -0.118265 -34.978502 -0.945831 0.058048 0.318026 180.298079
0.327180 0.108465 0.938225 379.971363 0.019236 0.991937 -0.121385 -35.083111 -0.944289 0.057789 0.322602 180.601119
0.331520 0.111784 0.936310 380.810805 0.016415 0.991639 -0.124204 -35.185090 -0.942828 0.056572 0.327062 180.903943
0.335664 0.112290 0.934772 381.652033 0.014931 0.991627 -0.124483 -35.287860 -0.941385 0.055767 0.331327 181.211023
0.338753 0.108743 0.934077 382.502937 0.012817 0.992190 -0.120159 -35.392545 -0.940310 0.052700 0.334866 181.530873
0.340880 0.106191 0.933593 383.339917 0.009410 0.992679 -0.116350 -35.495823 -0.939578 0.048469 0.337539 181.847108
0.342279 0.107888 0.932884 384.163377 0.005009 0.992675 -0.116643 -35.597021 -0.939101 0.044618 0.339388 182.160264
0.343097 0.113524 0.931912 384.977509 0.001491 0.992112 -0.121409 -35.694424 -0.938812 0.043064 0.340379 182.473963
0.343894 0.117910 0.931072 385.794308 0.000230 0.991583 -0.125660 -35.792534 -0.938520 0.043448 0.341130 182.785270
0.344332 0.118522 0.930832 386.609073 -0.001768 0.991587 -0.125606 -35.893964 -0.938357 0.041623 0.341804 183.097561
0.344417 0.115022 0.931238 387.424577 -0.004447 0.992162 -0.120905 -35.997217 -0.938316 0.037518 0.342389 183.413444
0.344551 0.111299 0.931636 388.236623 -0.007244 0.992736 -0.115921 -36.098845 -0.938245 0.033208 0.343016 183.727636
0.344470 0.109603 0.931873 389.042070 -0.008591 0.992997 -0.113619 -36.195604 -0.938269 0.031146 0.343159 184.037053
0.343872 0.109083 0.932158 389.840677 -0.008090 0.993049 -0.113226 -36.287722 -0.938495 0.031408 0.342522 184.342522
0.343453 0.110113 0.932190 390.635729 -0.007972 0.992920 -0.114351 -36.378933 -0.938648 0.031857 0.342057 184.641854
0.343154 0.111094 0.932185 391.424671 -0.008145 0.992808 -0.115322 -36.470093 -0.938758 0.031995 0.341748 184.937337
0.343015 0.107039 0.932712 392.217078 -0.002082 0.993084 -0.113204 -36.557834 -0.938843 0.036906 0.341023 185.225432
0.343124 0.105377 0.932862 393.007955 -0.000697 0.993230 -0.111942 -36.647377 -0.938806 0.037777 0.341031 185.515981
0.342435 0.107910 0.932825 393.791009 -0.001296 0.992949 -0.114392 -36.741454 -0.939056 0.037980 0.340317 185.809749
0.342461 0.112269 0.932301 394.573177 0.000837 0.992311 -0.119805 -36.830322 -0.939047 0.041828 0.339890 186.099674
0.342483 0.116636 0.931754 395.360446 0.001732 0.991695 -0.124778 -36.917975 -0.939036 0.044368 0.339594 186.389641
0.341783 0.115870 0.932108 396.154238 0.000359 0.991866 -0.123432 -37.013496 -0.939294 0.042541 0.339117 186.685900
0.341778 0.112533 0.932521 396.951386 0.000873 0.992281 -0.120067 -37.109797 -0.939297 0.041870 0.339197 186.980759
0.341520 0.112355 0.932636 397.760693 0.000049 0.992340 -0.119568 -37.206128 -0.939390 0.040899 0.339054 187.283757
0.341495 0.113949 0.932446 398.574968 0.000149 0.992125 -0.121299 -37.301187 -0.939394 0.041581 0.338946 187.587109
0.341884 0.116907 0.931928 399.392782 0.001711 0.991651 -0.125029 -37.397342 -0.939241 0.044361 0.338990 187.890753
0.342191 0.118022 0.931668 400.217825 0.002400 0.991460 -0.126480 -37.495516 -0.939121 0.045538 0.339148 188.196868
0.342218 0.116760 0.931811 401.053402 0.002344 0.991627 -0.125119 -37.595559 -0.939106 0.045024 0.339243 188.509618
0.342529 0.113764 0.932066 401.894785 0.003449 0.991969 -0.122345 -37.698774 -0.938988 0.045143 0.339551 188.825018
0.343023 0.113276 0.931942 402.742859 0.005929 0.991906 -0.122749 -37.803395 -0.938794 0.047654 0.339740 189.139686
0.343837 0.113162 0.931656 403.604364 0.010416 0.991676 -0.124299 -37.907174 -0.938457 0.052468 0.339962 189.458644
0.344582 0.112739 0.931432 404.464942 0.014261 0.991504 -0.125288 -38.010864 -0.938133 0.056483 0.340213 189.778227
0.345860 0.110781 0.931195 405.324620 0.016618 0.991612 -0.124143 -38.116939 -0.937626 0.058440 0.341284 190.097110
0.347568 0.109516 0.930708 406.186445 0.022331 0.991392 -0.124998 -38.225339 -0.936875 0.064261 0.342297 190.414169
0.348943 0.107541 0.930423 407.045941 0.026799 0.991327 -0.124633 -38.331429 -0.936246 0.068458 0.343202 190.731662
0.349126 0.105126 0.930630 407.904113 0.024513 0.991807 -0.121235 -38.434262 -0.936240 0.065171 0.343856 191.059279
0.349182 0.100061 0.931163 408.759003 0.021729 0.992631 -0.114816 -38.537116 -0.936283 0.060355 0.344604 191.389518
0.350088 0.096225 0.931221 409.608238 0.022410 0.993040 -0.111040 -38.636594 -0.935923 0.059773 0.345667 191.710952
0.350340 0.097703 0.930971 410.462481 0.022290 0.992867 -0.112589 -38.735609 -0.935830 0.060227 0.345836 192.037227
0.350695 0.100100 0.930581 411.305136 0.022924 0.992527 -0.115405 -38.831883 -0.935680 0.061836 0.345953 192.358975
0.351667 0.101880 0.930019 412.146553 0.024156 0.992211 -0.117829 -38.929866 -0.935282 0.063934 0.346641 192.678866
0.352562 0.100057 0.929879 412.988163 0.026016 0.992306 -0.116640 -39.030333 -0.934897 0.065348 0.347421 192.997330
0.353224 0.097273 0.929921 413.823739 0.027919 0.992510 -0.114427 -39.130851 -0.934590 0.066415 0.348038 193.313478
0.353464 0.095905 0.929967 414.645581 0.027282 0.992716 -0.112748 -39.229110 -0.934513 0.065257 0.348450 193.627372
0.353167 0.096753 0.929988 415.459529 0.026012 0.992700 -0.113157 -39.326621 -0.934658 0.064187 0.348250 193.941025
0.352954 0.096735 0.930065 416.266259 0.025599 0.992726 -0.112969 -39.421443 -0.934744 0.063715 0.348090 194.249842
0.352456 0.094992 0.930426 417.063126 0.026684 0.992859 -0.111476 -39.513782 -0.934894 0.064152 0.347586 194.551798
0.351695 0.092382 0.930977 417.854564 0.027656 0.993109 -0.108997 -39.605473 -0.935153 0.064115 0.346898 194.851248
0.350727 0.090788 0.931498 418.637637 0.027277 0.993327 -0.107086 -39.696666 -0.935527 0.063001 0.346092 195.148630
0.349577 0.090213 0.931986 419.405535 0.028327 0.993330 -0.106778 -39.785789 -0.935925 0.063762 0.344870 195.437804
0.348510 0.091796 0.932236 420.164521 0.030056 0.993041 -0.109021 -39.870657 -0.936274 0.066049 0.343503 195.720135
0.347279 0.096280 0.932243 420.914854 0.029704 0.992541 -0.113574 -39.957156 -0.936742 0.067169 0.342006 195.999994
0.345867 0.101912 0.932169 421.651098 0.027808 0.991988 -0.118771 -40.047758 -0.937323 0.067036 0.340438 196.277647
0.344553 0.106312 0.932166 422.390908 0.027079 0.991483 -0.123087 -40.136944 -0.937829 0.067688 0.338914 196.555718
0.343520 0.107427 0.932430 423.126587 0.027189 0.991347 -0.124233 -40.226385 -0.938215 0.068064 0.337798 196.828363
0.341995 0.103712 0.933421 423.859477 0.026549 0.991902 -0.119939 -40.318459 -0.938801 0.065834 0.336640 197.099728
0.340750 0.099312 0.934352 424.591924 0.026540 0.992466 -0.115169 -40.409048 -0.939252 0.064075 0.335715 197.370571
0.340091 0.097397 0.934788 425.315877 0.028178 0.992588 -0.113672 -40.497144 -0.939437 0.065033 0.334994 197.633412
0.339489 0.097848 0.934959 426.033396 0.030142 0.992399 -0.114806 -40.583559 -0.939593 0.067192 0.334128 197.892429
0.339199 0.099750 0.934860 426.747019 0.029916 0.992180 -0.116722 -40.667134 -0.939702 0.067595 0.333732 198.153642
0.339022 0.100898 0.934801 427.462849 0.030159 0.992019 -0.118013 -40.750930 -0.939758 0.068238 0.333442 198.414317
0.339002 0.100948 0.934802 428.177841 0.032261 0.991857 -0.118810 -40.837035 -0.939695 0.070471 0.333154 198.672436
0.339181 0.101674 0.934656 428.888939 0.033042 0.991702 -0.119872 -40.923244 -0.939601 0.071579 0.333177 198.928670
0.339233 0.102721 0.934523 429.601983 0.034537 0.991451 -0.121517 -41.010984 -0.939528 0.073537 0.332955 199.185164
0.339248 0.104562 0.934314 430.312768 0.032997 0.991330 -0.122925 -41.095753 -0.939579 0.072570 0.333026 199.444986
0.339211 0.104479 0.934336 431.029165 0.033925 0.991269 -0.123164 -41.182956 -0.939559 0.073514 0.332874 199.703902
0.339554 0.103410 0.934329 431.744871 0.033722 0.991420 -0.121986 -41.271698 -0.939441 0.072967 0.333323 199.964126
0.340474 0.101610 0.934190 432.461350 0.034607 0.991574 -0.120466 -41.360595 -0.939073 0.073384 0.334260 200.222852
0.341813 0.099851 0.933885 433.177181 0.035053 0.991746 -0.118869 -41.448493 -0.938566 0.073406 0.335665 200.484367
0.343327 0.097850 0.933542 433.891865 0.035459 0.991952 -0.117015 -41.534638 -0.937998 0.073316 0.337269 200.746692
0.344997 0.096531 0.933064 434.595641 0.035430 0.992103 -0.115740 -41.621723 -0.937386 0.073028 0.339027 201.007326
0.346885 0.097338 0.932279 435.288168 0.033955 0.992098 -0.116220 -41.707292 -0.936743 0.072009 0.341016 201.266355
0.348778 0.098833 0.931414 435.969424 0.032245 0.992022 -0.117340 -41.791056 -0.936100 0.070997 0.342986 201.523093
0.350770 0.099480 0.930594 436.643835 0.031880 0.991946 -0.118056 -41.872811 -0.935365 0.071116 0.344953 201.776546
0.352598 0.099323 0.929918 437.309770 0.030725 0.992034 -0.117610 -41.954821 -0.934714 0.070078 0.346920 202.029103
0.353925 0.098545 0.929511 437.964612 0.029480 0.992225 -0.116421 -42.037648 -0.934266 0.068642 0.348447 202.280186
0.354952 0.097336 0.929266 438.610305 0.028540 0.992454 -0.114857 -42.118184 -0.933926 0.067325 0.349668 202.528289
0.356120 0.096957 0.928860 439.244366 0.028097 0.992523 -0.114377 -42.195763 -0.933495 0.066864 0.350905 202.773936
0.357069 0.097030 0.928489 439.867339 0.027697 0.992534 -0.114377 -42.272859 -0.933146 0.066591 0.351889 203.016971
0.358093 0.096932 0.928106 440.479369 0.028031 0.992514 -0.114477 -42.347943 -0.932745 0.067043 0.352869 203.254724
0.359406 0.096524 0.927639 441.082879 0.028672 0.992504 -0.114385 -42.421404 -0.932219 0.067742 0.354119 203.488507
0.360614 0.095874 0.927236 441.675955 0.029890 0.992482 -0.114247 -42.491626 -0.931713 0.068949 0.355213 203.717522
0.361744 0.096151 0.926760 442.257860 0.029716 0.992444 -0.114566 -42.562501 -0.931273 0.069018 0.356333 203.944109
0.362906 0.096749 0.926244 442.826515 0.028687 0.992436 -0.114905 -42.632880 -0.930854 0.068305 0.357565 204.168316
0.363949 0.097175 0.925791 443.385550 0.027910 0.992430 -0.115144 -42.701478 -0.930471 0.067780 0.358661 204.389799
0.364966 0.097290 0.925372 443.936306 0.027641 0.992421 -0.115243 -42.767342 -0.930074 0.067673 0.359693 204.606527
0.365821 0.097317 0.925022 444.475315 0.027382 0.992419 -0.115239 -42.832508 -0.929736 0.067521 0.360569 204.820272
0.366541 0.097140 0.924755 445.003970 0.026015 0.992533 -0.114573 -42.896651 -0.929491 0.066088 0.361464 205.031500
0.367105 0.096371 0.924612 445.521614 0.024889 0.992703 -0.113352 -42.961616 -0.929300 0.064659 0.362214 205.239616
0.367788 0.095558 0.924420 446.029769 0.024274 0.992834 -0.112289 -43.023665 -0.929041 0.063772 0.363021 205.444036
0.368584 0.094931 0.924155 446.526249 0.025270 0.992823 -0.112065 -43.083958 -0.928687 0.064694 0.363733 205.641583
0.369281 0.095980 0.923768 447.013187 0.025685 0.992660 -0.113408 -43.143994 -0.928398 0.065642 0.364299 205.835864
0.369762 0.099079 0.923249 447.483344 0.024468 0.992357 -0.116297 -43.203775 -0.928240 0.065628 0.364706 206.028380
0.370334 0.102167 0.922677 447.946041 0.023140 0.992046 -0.119138 -43.261116 -0.928040 0.065507 0.365221 206.218141
0.371258 0.104076 0.922089 448.400127 0.022608 0.991824 -0.121052 -43.316778 -0.927681 0.065824 0.366067 206.402351
0.372136 0.104586 0.921675 448.845467 0.024324 0.991623 -0.122346 -43.371665 -0.927283 0.067986 0.366673 206.579795
0.372744 0.104367 0.921453 449.278543 0.025329 0.991570 -0.122557 -43.425224 -0.927010 0.069060 0.367158 206.753556
0.372111 0.103006 0.921860 449.701721 0.025351 0.991754 -0.121051 -43.479960 -0.927262 0.068453 0.366631 206.925239
0.370963 0.102040 0.922429 450.113096 0.023805 0.992002 -0.119312 -43.535624 -0.927762 0.066256 0.365767 207.093246
0.369731 0.101392 0.922991 450.510727 0.023540 0.992112 -0.118417 -43.587390 -0.928257 0.065546 0.364627 207.253658
0.368541 0.100709 0.923536 450.897048 0.023651 0.992197 -0.117636 -43.636715 -0.928722 0.065233 0.363484 207.407026
0.367421 0.100215 0.924030 451.274172 0.024153 0.992229 -0.117217 -43.683720 -0.929146 0.065424 0.362348 207.555122
0.366465 0.099946 0.924433 451.637593 0.023837 0.992289 -0.116733 -43.728638 -0.929527 0.064851 0.361460 207.700452
0.365444 0.099147 0.924918 451.992862 0.024045 0.992379 -0.115881 -43.771974 -0.929918 0.064625 0.360479 207.839861
0.364650 0.098212 0.925327 452.337209 0.024822 0.992445 -0.115119 -43.814374 -0.930205 0.064985 0.359663 207.972638
0.363740 0.097538 0.925755 452.668172 0.025591 0.992481 -0.114624 -43.856829 -0.930539 0.065422 0.358715 208.101792
0.362700 0.097304 0.926186 452.988941 0.024962 0.992561 -0.114055 -43.897436 -0.930961 0.064525 0.357779 208.227424
0.361716 0.097556 0.926542 453.298818 0.023478 0.992639 -0.113682 -43.935631 -0.931380 0.062911 0.356969 208.350592
0.360729 0.097730 0.926907 453.600180 0.022385 0.992697 -0.113380 -43.971705 -0.931788 0.061684 0.356113 208.469094
0.359653 0.097779 0.927331 453.890952 0.022935 0.992674 -0.113565 -44.006452 -0.932202 0.062149 0.354976 208.582233
0.358727 0.098228 0.927653 454.175004 0.024002 0.992564 -0.114385 -44.039373 -0.932542 0.063334 0.353899 208.690619
0.358247 0.099263 0.927731 454.455384 0.024835 0.992385 -0.115772 -44.072296 -0.932706 0.064552 0.353250 208.796345
0.357683 0.099741 0.927897 454.730346 0.024956 0.992322 -0.116288 -44.105230 -0.932920 0.064788 0.352643 208.903012
0.357459 0.099271 0.928034 455.001718 0.024706 0.992400 -0.115674 -44.137783 -0.933013 0.064313 0.352485 209.009207
0.357948 0.099002 0.927874 455.269855 0.023731 0.992496 -0.115053 -44.170144 -0.932851 0.063238 0.353109 209.114808
0.358889 0.098962 0.927516 455.534546 0.022829 0.992554 -0.114736 -44.202991 -0.932512 0.062387 0.354154 209.219357
0.360068 0.099026 0.927052 455.797161 0.021464 0.992627 -0.114369 -44.233382 -0.932090 0.061114 0.355484 209.323989
0.361661 0.099362 0.926396 456.057932 0.020128 0.992660 -0.114329 -44.262857 -0.931503 0.060028 0.357205 209.430697
0.364395 0.099487 0.925313 456.316504 0.019627 0.992658 -0.114458 -44.292687 -0.930450 0.059903 0.359966 209.536939
0.368495 0.099561 0.923684 456.579180 0.019776 0.992609 -0.114881 -44.322531 -0.928835 0.060634 0.364003 209.643656
0.374245 0.099266 0.921404 456.843352 0.019870 0.992595 -0.115009 -44.352809 -0.926534 0.061384 0.369704 209.752247
0.381727 0.100015 0.918252 457.107415 0.018527 0.992531 -0.115809 -44.384824 -0.923509 0.061254 0.377229 209.867746
0.390893 0.100807 0.914305 457.372150 0.016643 0.992482 -0.116544 -44.417347 -0.919706 0.060806 0.386486 209.987288
0.401233 0.101934 0.909687 457.640107 0.015050 0.992353 -0.117837 -44.450174 -0.915269 0.061004 0.396847 210.115318
0.412900 0.101985 0.904444 457.915288 0.014877 0.992254 -0.118680 -44.482752 -0.910066 0.062493 0.408408 210.248194
0.426919 0.102286 0.897875 458.190485 0.012420 0.992254 -0.118945 -44.515792 -0.903610 0.061965 0.422574 210.389307
0.442539 0.103921 0.890090 458.464204 0.008876 0.992133 -0.120250 -44.549414 -0.896104 0.061150 0.438377 210.536978
0.459667 0.105687 0.881156 458.738576 0.004447 0.992034 -0.121308 -44.584097 -0.887473 0.059713 0.455787 210.696136
0.478161 0.107501 0.871037 459.013470 0.002276 0.991753 -0.123650 -44.619673 -0.877655 0.061141 0.474235 210.859268
0.496754 0.109678 0.860295 459.282629 0.000188 0.991396 -0.126502 -44.657976 -0.867270 0.063037 0.492732 211.026181
0.515865 0.110723 0.848837 459.544846 -0.001650 0.991165 -0.128288 -44.695960 -0.856039 0.064815 0.511774 211.198512
0.534672 0.113587 0.836731 459.797878 -0.008206 0.990999 -0.129288 -44.733366 -0.844378 0.062295 0.531089 211.381020
0.547982 0.118107 0.827439 460.042730 -0.014132 0.990567 -0.132036 -44.767401 -0.835719 0.060694 0.544789 211.562816
0.553445 0.123371 0.823020 460.284780 -0.021056 0.990141 -0.134266 -44.800753 -0.831961 0.057011 0.550899 211.740116
0.552526 0.125252 0.823347 460.524207 -0.023300 0.989991 -0.134968 -44.834876 -0.832506 0.055420 0.550229 211.911624
0.548162 0.126495 0.826068 460.763633 -0.024411 0.989905 -0.135387 -44.869666 -0.835352 0.054079 0.546029 212.071192
0.539142 0.127025 0.831900 461.000116 -0.023508 0.989853 -0.135910 -44.902908 -0.841226 0.053748 0.536966 212.218726
0.526410 0.126371 0.840109 461.231943 -0.019673 0.989843 -0.136570 -44.936372 -0.849345 0.055396 0.523851 212.354331
0.512158 0.125486 0.849001 461.464708 -0.014933 0.989824 -0.137295 -44.972160 -0.858107 0.057671 0.509114 212.477902
0.495013 0.123809 0.859345 461.697871 -0.009107 0.989876 -0.137372 -45.007889 -0.868182 0.060210 0.491416 212.592725
0.475397 0.123380 0.870411 461.931361 -0.005257 0.989894 -0.137448 -45.041757 -0.879108 0.060802 0.471517 212.703984
0.455034 0.123584 0.881199 462.172450 -0.002863 0.989917 -0.137355 -45.074215 -0.889830 0.060013 0.451062 212.812833
0.434487 0.123578 0.891510 462.420254 -0.001267 0.990022 -0.136618 -45.108588 -0.900045 0.058263 0.430559 212.918541
0.414813 0.122801 0.900940 462.675854 0.001413 0.990160 -0.135614 -45.143840 -0.909279 0.057561 0.410797 213.018424
0.396876 0.121526 0.909156 462.939222 0.006713 0.990183 -0.135290 -45.181209 -0.917227 0.059831 0.392391 213.112363
0.380742 0.120276 0.916193 463.204966 0.012892 0.990115 -0.135339 -45.219619 -0.923974 0.063378 0.375645 213.201963
0.365782 0.119326 0.922385 463.471534 0.017192 0.990103 -0.134906 -45.256257 -0.929923 0.065242 0.360320 213.291018
0.352464 0.119336 0.927554 463.734716 0.017805 0.990192 -0.134162 -45.291222 -0.935039 0.063840 0.347084 213.383397
0.342411 0.117592 0.931532 463.993500 0.019090 0.990451 -0.132049 -45.326340 -0.938740 0.063035 0.337093 213.467882
0.333721 0.114720 0.935036 464.249244 0.021073 0.990801 -0.129085 -45.361140 -0.941821 0.062820 0.328424 213.549607
0.326953 0.113385 0.937586 464.497070 0.022906 0.990922 -0.127825 -45.393002 -0.944149 0.063307 0.321575 213.630228
0.324936 0.113368 0.938288 464.735875 0.024189 0.990856 -0.128097 -45.423559 -0.944812 0.064357 0.319408 213.709241
0.327565 0.113857 0.937313 464.963171 0.024074 0.990772 -0.128766 -45.453130 -0.943905 0.064783 0.321990 213.789064
0.333854 0.112768 0.935223 465.180660 0.025144 0.990786 -0.128445 -45.482595 -0.941671 0.066436 0.328135 213.869438
0.343660 0.111108 0.931863 465.389902 0.026688 0.990806 -0.127979 -45.509791 -0.938093 0.068892 0.337733 213.950118
0.355426 0.110530 0.927507 465.586917 0.024449 0.990929 -0.127458 -45.536345 -0.933758 0.068019 0.349706 214.035365
0.368496 0.112566 0.922153 465.765152 0.018158 0.990971 -0.128225 -45.562553 -0.928829 0.064033 0.363337 214.125311
0.381987 0.114990 0.916347 465.931897 0.012263 0.990903 -0.129459 -45.588300 -0.923462 0.060725 0.377323 214.214043
0.395828 0.115385 0.910411 466.090630 0.007948 0.991005 -0.129056 -45.612373 -0.917669 0.058354 0.391577 214.300536
0.410064 0.113496 0.904325 466.242784 0.005166 0.991319 -0.126758 -45.633166 -0.911415 0.056683 0.406154 214.385901
0.424777 0.111448 0.897774 466.383341 0.005901 0.991436 -0.125868 -45.652077 -0.904656 0.058797 0.420723 214.462151
0.440465 0.109763 0.890398 466.510646 0.014828 0.990877 -0.129488 -45.672332 -0.897027 0.070277 0.435069 214.521887
0.456556 0.112211 0.881943 466.624657 0.018384 0.990012 -0.135481 -45.691421 -0.888874 0.078112 0.450193 214.583198
0.471352 0.114489 0.873825 466.731084 0.015276 0.989725 -0.137917 -45.707287 -0.881172 0.078401 0.465031 214.659720
0.484662 0.116651 0.866226 466.828562 0.006112 0.989988 -0.136740 -45.722249 -0.874035 0.071609 0.479376 214.744118
0.497810 0.117068 0.858680 466.922195 -0.000978 0.990319 -0.134452 -45.735149 -0.866634 0.066130 0.493394 214.823080
0.510441 0.116610 0.851290 467.013381 -0.004330 0.990491 -0.133085 -45.747643 -0.859240 0.064282 0.506390 214.894378
0.522233 0.115488 0.844255 467.100243 -0.005273 0.990592 -0.132248 -45.760472 -0.852112 0.064650 0.518238 214.960446
0.533874 0.114949 0.837012 467.181361 -0.006612 0.990636 -0.131833 -45.772459 -0.844854 0.064886 0.529952 215.024247
0.544840 0.114652 0.829951 467.256597 -0.007862 0.990641 -0.131692 -45.783020 -0.837807 0.065264 0.540969 215.085978
0.555054 0.113340 0.823334 467.328850 -0.008197 0.990746 -0.130863 -45.792634 -0.831070 0.065927 0.551180 215.146225
0.564387 0.111190 0.817258 467.399712 -0.008195 0.990966 -0.129168 -45.801838 -0.824758 0.066243 0.560541 215.203748
0.571484 0.111682 0.812241 467.462023 -0.010897 0.991013 -0.128600 -45.812045 -0.819822 0.064680 0.567912 215.260601
0.578377 0.116026 0.806733 467.506866 -0.018070 0.990784 -0.129545 -45.823766 -0.814846 0.060384 0.575495 215.315269
0.586462 0.123051 0.799818 467.539818 -0.028270 0.990265 -0.131625 -45.834487 -0.808746 0.054615 0.584593 215.369060
0.592053 0.128136 0.794883 467.573794 -0.035296 0.989818 -0.133272 -45.842750 -0.804383 0.050878 0.590913 215.416359
0.596624 0.127306 0.791588 467.614028 -0.035323 0.989906 -0.132580 -45.849569 -0.800993 0.051170 0.595470 215.454754
0.603203 0.122187 0.787390 467.660500 -0.031201 0.990408 -0.129793 -45.855092 -0.796215 0.053757 0.601608 215.486123
0.608419 0.117099 0.784143 467.705175 -0.026733 0.990871 -0.127231 -45.860161 -0.792400 0.056481 0.606377 215.517065
0.612180 0.115310 0.781490 467.741984 -0.026286 0.991095 -0.125649 -45.865357 -0.789526 0.056411 0.610138 215.551029
0.616965 0.117008 0.777478 467.769590 -0.030545 0.991076 -0.124919 -45.870393 -0.785652 0.053354 0.615408 215.587604
0.621020 0.120172 0.773772 467.792356 -0.036005 0.990891 -0.124999 -45.874500 -0.782232 0.049796 0.620062 215.623221
0.623783 0.122992 0.771096 467.814092 -0.040087 0.990650 -0.125588 -45.877834 -0.779826 0.047456 0.623261 215.655088
