-0.000000 -0.000000 0.000000 0.000000
0.285863 2.971282 0.280855 3.085301
0.965129 5.864052 0.995125 6.123807
2.035232 8.610548 2.113432 9.004073
3.511292 11.251860 3.572711 11.677927
5.277620 13.553230 5.383589 14.102857
7.334788 15.565280 7.498614 16.232360
9.631009 17.251580 9.867483 18.032297
12.143850 18.602650 12.482220 19.503626
14.841400 19.648650 15.328572 20.648939
17.697640 20.433940 18.359399 21.504839
20.680720 20.948830 21.739232 22.060959
23.916920 21.209200 25.329736 22.344452
27.181170 21.205240 29.058971 22.341213
30.545830 21.016600 32.975228 22.153738
33.974890 20.703820 36.864004 21.854939
37.546610 20.263470 40.822776 21.440067
41.312710 19.730810 44.895535 20.944631
45.274640 19.121980 49.105936 20.379287
49.419810 18.458070 53.491264 19.766424
53.746780 17.753180 57.997048 19.126667
58.261900 17.032510 62.691984 18.475063
63.123260 16.276810 67.581686 17.814882
67.997070 15.525970 72.624347 17.141050
72.994320 14.769160 77.777578 16.473079
78.140230 13.999470 83.068702 15.792403
83.411740 13.211260 88.451932 15.108967
88.813020 12.391030 93.973970 14.393801
94.347900 11.532730 99.556758 13.672190
99.992780 10.604900 105.245774 12.887436
105.711000 9.578389 110.977710 12.015566
111.707500 8.417470 116.809510 11.050411
117.585200 7.177515 122.746576 9.966635
123.526500 5.814772 128.694728 8.777945
129.525000 4.334961 134.675372 7.482382
135.581000 2.743391 140.704689 6.072657
141.699900 1.073069 146.800104 4.596564
147.878500 -0.700603 152.919858 3.031255
154.109600 -2.585442 159.103454 1.367224
160.385800 -4.574985 165.333480 -0.401648
166.917800 -6.727674 171.587744 -2.259018
173.294800 -8.916474 177.882920 -4.219531
179.723300 -11.193760 184.180314 -6.258513
186.196500 -13.551180 190.480407 -8.348061
192.716600 -16.009120 196.826282 -10.537417
199.270300 -18.565980 203.240572 -12.827166
205.833700 -21.214680 209.615557 -15.171656
212.407500 -23.960140 216.017773 -17.609559
218.985900 -26.765720 222.503526 -20.145694
225.561100 -29.633810 229.012220 -22.755621
232.335900 -32.668650 235.391855 -25.381915
238.880800 -35.667260 241.762537 -28.070477
245.387400 -38.736510 248.244745 -30.898884
251.846200 -41.883500 254.658736 -33.796539
258.281900 -45.110820 261.101738 -36.802461
264.698200 -48.425580 267.569987 -39.921987
271.114800 -51.837160 273.975515 -43.094927
277.573000 -55.359710 280.463920 -46.395085
284.079600 -58.989250 286.967848 -49.785299
290.640900 -62.737900 293.500054 -53.288386
297.476800 -66.706130 300.064196 -56.870579
304.155400 -70.649610 306.664739 -60.545690
310.888500 -74.701620 311.440712 -63.175626
317.634100 -78.911620 313.155219 -64.038093
324.382100 -83.270620 318.346755 -67.141796
331.097100 -87.732360 325.075419 -71.319848
337.766200 -92.302860 331.773371 -75.617277
344.395600 -96.977430 334.466568 -77.365020
350.998200 -101.723500 339.708170 -80.907695
357.543800 -106.558800 345.028399 -84.590493
364.044900 -111.466700 351.602277 -89.219815
370.683100 -116.604900 358.143655 -93.916125
377.047800 -121.615200 364.689688 -98.683790
383.336000 -126.728900 371.136854 -103.533218
389.607000 -131.844500 377.565154 -108.386981
395.773000 -137.027500 383.918495 -113.324274
401.895000 -142.262600 390.225444 -118.306169
407.951800 -147.559300 395.450200 -122.550568
413.986100 -152.884900 403.739588 -129.206715
419.986400 -158.216800 408.854038 -133.444010
425.959900 -163.574200 415.017269 -138.525507
432.096000 -169.127700 421.150218 -143.639411
438.021200 -174.485100 427.293941 -148.757787
443.999600 -179.790100 433.461475 -153.798716
450.008300 -185.052000 439.663889 -158.785595
456.076700 -190.236400 442.811880 -161.321337
462.144500 -195.415000 444.457501 -162.698049
468.226700 -200.555900 450.692851 -167.530760
474.321700 -205.683800 457.009158 -172.393308
480.437500 -210.781200 463.335472 -177.204170
486.565900 -215.855700 469.694313 -181.988725
492.705700 -220.926100 471.321859 -183.198861
499.042800 -226.150500 472.887117 -184.373131
505.183500 -231.221600 472.851473 -184.367898
511.315300 -236.290500 472.612845 -183.831723
517.450200 -241.358200 477.145265 -187.465601
523.590700 -246.425800 483.333171 -192.467792
529.731400 -251.486800 488.654363 -196.752945
535.879200 -256.541400 494.882947 -201.750455
542.031800 -261.601200 501.099183 -206.726963
548.175200 -266.661100 507.287775 -211.678757
554.322600 -271.733900 513.524539 -216.670845
560.666800 -276.971400 519.759017 -221.651556
566.819700 -282.045500 526.016000 -226.630162
572.975400 -287.114400 525.261422 -226.098749
579.129600 -292.167000 531.500922 -231.025013
585.282500 -297.207600 537.768496 -235.944644
591.437200 -302.222800 544.017347 -240.815057
597.604200 -307.218600 550.335867 -245.711318
603.779500 -312.207400 553.491318 -248.131587
609.955600 -317.203100 558.913516 -252.304156
616.325900 -322.363100 563.616920 -255.936891
622.508900 -327.361200 570.263897 -261.054830
628.695800 -332.355200 576.587482 -265.910215
634.884400 -337.341800 580.689681 -269.053168
641.070100 -342.320300 587.003217 -273.860997
647.255400 -347.287300 593.314341 -278.646859
653.447800 -352.239900 599.648309 -283.424521
659.645900 -357.176500 605.987830 -288.176907
665.850200 -362.106400 612.353974 -292.921113
672.063900 -367.032600 618.715598 -297.641764
678.477200 -372.128600 625.093619 -302.372862
684.685400 -377.078700 631.445583 -307.097599
690.886500 -382.032700 637.807246 -311.829040
697.095900 -386.986800 642.730417 -315.505222
703.307500 -391.927200 650.516199 -321.231371
709.525800 -396.866300 656.888233 -325.920982
715.744400 -401.770900 663.270669 -330.595235
721.963900 -406.651700 669.677825 -335.258833
728.208200 -411.516200 674.486601 -338.735875
734.452600 -416.368700 677.699239 -341.069760
740.912400 -421.372600 684.163247 -345.690004
747.171200 -426.218500 690.594528 -350.277884
753.431100 -431.068100 697.045441 -354.872434
759.706900 -435.900000 701.917283 -358.324330
766.006400 -440.717100 706.787239 -361.746764
772.320800 -445.515000 708.392421 -362.864362
778.645900 -450.297300 710.002162 -363.971019
784.975700 -455.063700 709.938128 -363.925705
791.287500 -459.828500 714.823953 -367.272990
797.576400 -464.601500 719.699870 -370.644243
804.047000 -469.518200 721.862812 -372.221171
810.314700 -474.283000 728.359533 -376.662163
816.592400 -479.040800 734.878712 -381.098992
822.893900 -483.778100 741.417620 -385.503803
829.228400 -488.493800 748.016586 -389.900813
835.588600 -493.191900 754.649820 -394.263407
841.974000 -497.889500 761.264805 -398.567840
848.371800 -502.589000 767.913193 -402.874224
854.783100 -507.296100 770.629289 -404.670534
861.204500 -512.009300 769.917188 -404.286691
867.840000 -516.865200 770.246363 -404.649487
874.252000 -521.550500 769.365568 -404.288877
880.673500 -526.198500 768.765261 -404.242851
887.089900 -530.786600 768.126478 -403.880695
893.493700 -535.326000 767.256478 -403.398497
899.889200 -539.826700 766.300315 -402.881328
906.283100 -544.289400 765.376487 -402.356896
912.666300 -548.727200 764.489649 -401.841279
919.054600 -553.156300 763.840370 -401.428157
925.438800 -557.540800 762.740243 -400.861059
931.836500 -561.939900 762.582005 -400.761455
938.431100 -566.471500 762.358759 -400.718094
944.834000 -570.850400 762.186388 -400.684799
951.257600 -575.224900 763.213606 -401.293264
957.704100 -579.576700 768.974113 -404.280206
964.169300 -583.918800 772.361285 -406.048278
970.639800 -588.238000 774.551480 -407.103617
977.108000 -592.562200 781.470870 -410.551590
983.585800 -596.875300 788.465991 -414.014455
990.062200 -601.209900 795.457215 -417.485167
996.755700 -605.670300 802.441986 -420.923106
1003.237000 -609.971100 809.373043 -424.304836
1009.717000 -614.249000 816.320847 -427.674983
1016.179000 -618.502300 823.266646 -431.017310
1022.621000 -622.748700 830.220313 -434.349687
1029.040000 -626.972900 835.232299 -436.796384
1035.453000 -631.152000 842.213380 -440.075685
1041.857000 -635.298800 849.138698 -443.306430
1048.261000 -639.437000 855.994246 -446.483476
1054.664000 -643.531400 862.926918 -449.659299
1061.292000 -647.747000 869.789461 -452.769766
1067.717000 -651.783100 876.682335 -455.852269
1074.131000 -655.824400 883.589785 -458.945190
1080.547000 -659.872300 888.020502 -461.187958
1086.959000 -663.900600 892.952441 -463.547845
1093.387000 -667.911600 899.933128 -466.536054
1099.845000 -671.898000 906.879232 -469.454703
1106.293000 -675.863800 913.835502 -472.353727
1112.759000 -679.809900 920.838120 -475.240708
1119.239000 -683.729800 927.835817 -478.085231
1125.749000 -687.648400 934.892982 -480.921815
1132.489000 -691.677400 941.955450 -483.723940
1139.048000 -695.573700 949.065036 -486.509477
1145.639000 -699.461800 956.238076 -489.294424
1152.246000 -703.341100 963.402836 -492.046444
1158.866000 -707.228500 970.572684 -494.801974
1165.499000 -711.119600 977.767991 -497.537476
1172.154000 -715.032500 984.974029 -500.235246
1178.838000 -718.957400 992.294672 -502.976053
1185.557000 -722.895300 999.627843 -505.694279
1192.307000 -726.842000 1006.939424 -508.370232
1199.309000 -730.927200 1014.302704 -511.054878
1206.124000 -734.876300 1021.714533 -513.727105
1212.967000 -738.814100 1029.128435 -516.332685
1219.836000 -742.752900 1036.583674 -518.933393
1226.746000 -746.669800 1044.107014 -521.508486
1233.698000 -750.563900 1051.580658 -523.984559
1240.683000 -754.449500 1059.142603 -526.483236
1247.706000 -758.338400 1066.778200 -528.990443
1254.767000 -762.223800 1074.535219 -531.498090
1261.860000 -766.109600 1082.275742 -533.964027
1268.979000 -769.987000 1090.044700 -536.408558
1276.380000 -773.995500 1097.810648 -538.818865
1283.567000 -777.869300 1105.579739 -541.185109
1290.762000 -781.731400 1113.394307 -543.552600
1297.968000 -785.583600 1121.162607 -545.874834
1305.178000 -789.419900 1128.961174 -548.179216
1312.389000 -793.242000 1136.810514 -550.492504
1319.609000 -797.051100 1144.687373 -552.789814
1326.843000 -800.832000 1152.530713 -555.048632
1334.077000 -804.604100 1160.362544 -557.275046
1341.314000 -808.372000 1168.198143 -559.486543
1348.553000 -812.124500 1176.030660 -561.666547
1355.792000 -815.869100 1183.846443 -563.825727
1363.253000 -819.710500 1191.670274 -565.969987
1370.460000 -823.406500 1199.475248 -568.086575
1377.652000 -827.077300 1207.300326 -570.193707
1384.849000 -830.727300 1215.108359 -572.261438
1392.055000 -834.355900 1222.924328 -574.295063
1399.267000 -837.965700 1230.696354 -576.285723
1406.468000 -841.554000 1238.480745 -578.254597
1413.649000 -845.111000 1246.234894 -580.182296
1420.814000 -848.641100 1253.980320 -582.090617
1428.218000 -852.259200 1261.737813 -583.970072
1435.390000 -855.753300 1269.486873 -585.816166
1442.561000 -859.230500 1277.150221 -587.611998
1449.719000 -862.684900 1284.737272 -589.364726
1456.864000 -866.107300 1292.376206 -591.110498
1463.982000 -869.503800 1299.972195 -592.816848
1471.077000 -872.874400 1307.560655 -594.496093
1478.143000 -876.216700 1315.166277 -596.163434
1485.173000 -879.521100 1322.748847 -597.802287
1492.162000 -882.801900 1330.271130 -599.426625
1499.332000 -886.159400 1337.689956 -601.003108
1506.237000 -889.388600 1345.056207 -602.563012
1513.118000 -892.591100 1352.383783 -604.101493
1519.976000 -895.764900 1359.756988 -605.620421
1526.814000 -898.912300 1367.089800 -607.119123
1533.615000 -902.028700 1374.392345 -608.586402
1540.400000 -905.118100 1381.677548 -610.011405
1547.145000 -908.171000 1388.880026 -611.399898
1553.856000 -911.196500 1396.085692 -612.780511
1560.530000 -914.191400 1403.265289 -614.135695
1567.155000 -917.183900 1410.423421 -615.492869
1573.960000 -920.277000 1410.772923 -615.551204
1580.522000 -923.278800 1410.907368 -615.581686
1587.062000 -926.288100 1410.167222 -615.467401
1593.559000 -929.316100 1413.962970 -616.250398
1599.995000 -932.378200 1420.887717 -617.693435
1606.368000 -935.473500 1427.740240 -619.164353
1612.673000 -938.608300 1434.560734 -620.690137
1618.916000 -941.764100 1441.386530 -622.269388
1625.094000 -944.938400 1446.241694 -623.504515
1631.219000 -948.097300 1452.940029 -625.084778
1637.487000 -951.349900 1459.598223 -626.666696
1643.509000 -954.478800 1460.508644 -627.227432
1649.498000 -957.575700 1465.772984 -628.510434
1655.453000 -960.608600 1470.979999 -629.735869
1661.382000 -963.591200 1475.931528 -630.873228
1667.327000 -966.502200 1479.783914 -631.736008
1673.265000 -969.361300 1483.985834 -632.624641
1679.200000 -972.170200 1484.871748 -632.843643
1685.116000 -974.959700 1487.368178 -633.372891
1691.001000 -977.736400 1482.021971 -632.549914
1697.045000 -980.587800 1487.024563 -633.499106
1702.874000 -983.328700 1493.360629 -634.653071
1708.682000 -986.039300 1498.339940 -635.556159
1714.462000 -988.717000 1503.302583 -636.430649
1720.243000 -991.348000 1509.563397 -637.469616
1725.998000 -993.937000 1514.520019 -638.262245
1731.711000 -996.484200 1512.808199 -637.932893
1737.344000 -998.988900 1518.975013 -638.892577
1742.881000 -1001.446000 1525.000416 -639.807300
1748.531000 -1003.917000 1530.961777 -640.700395
1753.930000 -1006.297000 1536.871949 -641.594799
1759.268000 -1008.666000 1542.735395 -642.492589
1764.497000 -1011.033000 1548.481554 -643.400605
1769.593000 -1013.373000 1550.609871 -643.824567
1774.558000 -1015.684000 1557.687589 -644.929131
1779.397000 -1017.973000 1563.027116 -645.822259
1784.077000 -1020.236000 1568.208629 -646.725744
1788.588000 -1022.485000 1573.219815 -647.654345
1793.052000 -1024.837000 1578.064575 -648.654765
1797.166000 -1027.218000 1582.704602 -649.795993
1801.074000 -1029.755000 1587.195987 -651.143096
1804.783000 -1032.456000 1591.546300 -652.700668
1808.283000 -1035.357000 1595.751249 -654.503523
1811.560000 -1038.466000 1599.791605 -656.562199
1814.589000 -1041.805000 1603.680795 -658.926327
1817.336000 -1045.350000 1607.348309 -661.565224
1819.854000 -1049.216000 1610.793517 -664.488058
1821.972000 -1053.144000 1613.975988 -667.666879
1823.740000 -1057.234000 1616.874854 -671.111616
1825.158000 -1061.448000 1619.475721 -674.774009
1826.213000 -1065.763000 1621.759335 -678.646711
1826.909000 -1070.151000 1623.719495 -682.688461
1827.248000 -1074.585000 1625.361187 -686.894860
1827.242000 -1079.044000 1626.679128 -691.217798
1826.894000 -1083.506000 1627.670944 -695.644614
1826.164000 -1088.097000 1628.316846 -700.149206
1825.082000 -1092.491000 1628.593975 -704.727205
1823.625000 -1096.792000 1628.485352 -709.325284
1821.793000 -1100.952000 1627.986876 -713.912790
1819.572000 -1104.931000 1627.081529 -718.452272
1817.021000 -1108.714000 1625.776250 -722.896143
1814.155000 -1112.247000 1624.091200 -727.172772
1810.985000 -1115.508000 1622.019806 -731.305365
1807.531000 -1118.474000 1619.556575 -735.274545
1803.680000 -1121.230000 1616.742010 -739.029351
1799.708000 -1123.585000 1614.237365 -742.003304
1795.521000 -1125.636000 1613.507767 -742.984756
1791.144000 -1127.400000 1609.770400 -746.067919
1786.606000 -1128.872000 1605.763276 -748.901547
1781.928000 -1130.089000 1601.503461 -751.556149
1777.137000 -1131.097000 1597.125979 -753.996015
1772.246000 -1131.937000 1592.544873 -756.338931
1767.261000 -1132.636000 1587.836050 -758.562821
1762.219000 -1133.240000 1583.097660 -760.684198
1757.154000 -1133.775000 1578.331674 -762.736808
1751.916000 -1134.267000 1573.552126 -764.732097
1746.828000 -1134.715000 1568.741830 -766.707064
1741.729000 -1135.143000 1563.936668 -768.657915
1736.624000 -1135.555000 1559.138854 -770.588556
1731.535000 -1135.949000 1554.365704 -772.490702
1726.509000 -1136.321000 1550.877535 -773.867585
1721.536000 -1136.665000 1547.111624 -775.343090
1716.630000 -1136.958000 1542.489995 -777.101654
1711.823000 -1137.141000 1537.925258 -778.731231
1706.978000 -1137.162000 1533.408537 -780.172728
1702.417000 -1136.957000 1528.923792 -781.371836
1697.988000 -1136.482000 1524.461984 -782.277072
1693.657000 -1135.656000 1520.034810 -782.847996
1689.415000 -1134.533000 1515.616823 -783.030092
1685.296000 -1133.029000 1511.202821 -782.813318
1681.386000 -1131.140000 1506.857680 -782.165413
1677.730000 -1128.856000 1502.614024 -781.062537
1674.251000 -1126.113000 1498.527342 -779.526410
1671.214000 -1123.116000 1494.624486 -777.533762
1668.529000 -1119.813000 1490.968559 -775.144811
1666.213000 -1116.252000 1487.590835 -772.390306
1664.247000 -1112.458000 1484.459713 -769.302687
1662.638000 -1108.494000 1481.573280 -765.916670
1661.377000 -1104.368000 1478.973528 -762.254787
1660.529000 -1100.157000 1476.765658 -758.379625
1660.121000 -1095.822000 1474.952116 -754.224344
1660.150000 -1091.329000 1473.569984 -749.956735
1660.619000 -1086.982000 1472.585786 -745.481475
1661.516000 -1082.672000 1471.801172 -742.665229
1662.830000 -1078.396000 1471.683377 -737.962243
1664.504000 -1074.176000 1471.936729 -733.136646
1666.476000 -1070.004000 1472.512778 -728.253841
1668.675000 -1065.860000 1473.327235 -723.307295
1671.071000 -1061.736000 1474.311977 -718.373260
1673.568000 -1057.580000 1475.403247 -713.318934
1676.142000 -1053.363000 1476.533434 -708.280971
1678.867000 -1048.967000 1477.724813 -703.106154
