0.000000 0.000000 0.000000 0.000000
-0.030692 2.885424 -0.000436 2.879357
-0.063682 5.734508 0.003649 5.718114
-0.100041 8.530096 -0.014738 8.515289
-0.140054 11.300480 -0.037126 11.287999
-0.182799 14.030220 -0.070137 14.027346
-0.234268 16.729530 -0.116682 16.736046
-0.290909 19.397670 -0.180378 19.416348
-0.348491 22.018570 -0.251201 22.052656
-0.408083 24.581810 -0.326401 24.626279
-0.464730 27.047470 -0.413036 27.110188
-0.532964 29.419480 -0.499237 29.497458
-0.604568 31.712160 -0.592540 31.808279
-0.701256 33.920430 -0.696621 34.036379
-0.816071 36.036940 -0.816167 36.167101
-0.928995 38.061730 -0.938285 38.208673
-1.015800 39.985230 -1.035589 40.151633
-1.100037 41.835890 -1.123695 42.021491
-1.149320 43.536120 -1.175207 43.737281
-1.158244 45.054930 -1.187129 45.274831
-1.131371 46.417350 -1.158331 46.616146
-1.070098 47.531840 -1.099111 47.750416
-0.997410 48.423590 -1.026395 48.666425
-0.888826 49.202600 -1.202991 49.800540
-0.748692 49.953900 -1.063388 50.588550
-0.553768 50.673090 -0.862093 51.346718
-0.308831 51.383770 -0.606086 52.097798
0.006730 52.089220 -0.277726 52.833296
0.433989 52.759210 0.165981 53.512467
0.966452 53.425510 0.719955 54.185923
1.657292 54.106120 1.425089 54.876755
2.637066 54.763950 2.353453 55.537387
3.795130 55.307930 3.506634 56.119583
5.131660 55.688860 4.856089 56.574737
6.628641 55.865180 6.377390 56.802831
8.241931 55.933360 8.014584 56.914618
9.967148 55.942650 9.764330 56.934949
11.736130 55.924880 11.597307 56.908616
13.714110 55.842260 13.531798 56.854491
15.682620 55.740240 15.587831 56.783258
17.772010 55.632570 17.698114 56.710139
19.965600 55.550180 19.901777 56.658605
22.152880 55.469200 22.100576 56.612920
24.357170 55.443910 24.314259 56.612689
26.552160 55.430440 26.525257 56.620625
28.760980 55.467940 28.756263 56.643975
30.965440 55.505870 31.007048 56.693482
33.184390 55.569840 33.263781 56.772079
35.636370 55.676220 35.539300 56.875223
37.747990 55.785400 37.826339 57.002948
40.043500 55.934940 40.139532 57.163052
42.378570 56.099950 42.487089 57.341331
44.750860 56.302700 44.880366 57.555136
47.141770 56.562330 47.267898 57.824462
49.575330 56.880740 49.697414 58.150232
52.007490 57.253790 52.128985 58.536616
54.362720 57.655110 54.490801 58.953917
56.660530 58.075840 56.800021 59.398523
58.896640 58.523710 59.052495 59.868706
61.031490 58.976840 61.193995 60.340120
63.069800 59.422950 63.242479 60.799346
65.042990 59.855590 65.228385 61.250459
66.927510 60.250480 67.132304 61.677459
68.717400 60.627020 68.939442 62.064987
70.447830 60.983220 70.697835 62.435265
72.083620 61.296580 72.362616 62.754594
73.696410 61.606590 73.997906 63.074371
75.329590 61.893410 75.657994 63.380076
76.983590 62.238590 77.336589 63.743767
78.685240 62.638820 79.049178 64.165408
80.489520 63.138940 80.807146 64.664714
82.254040 63.684190 82.637003 65.243840
84.178800 64.341480 84.557366 65.917706
86.203180 65.091870 86.569729 66.676898
88.336260 65.930400 88.681386 67.516520
90.546280 66.872100 90.820935 68.435901
92.647230 67.867250 92.917324 69.410957
94.654200 68.874740 94.942733 70.406638
96.604660 69.867450 96.906592 71.392986
98.460940 70.840550 98.788740 72.368079
100.238900 71.773230 100.591307 73.305362
101.929900 72.691410 102.311598 74.221629
103.535500 73.576060 103.957217 75.104442
105.080700 74.435410 105.521912 75.978275
106.580200 75.292970 107.037139 76.851183
108.043800 76.178400 108.490162 77.746943
109.504100 77.113320 109.938373 78.694517
111.030900 78.122580 111.427456 79.723769
112.601100 79.198060 112.958379 80.817453
114.246300 80.376720 114.555383 82.014213
115.964200 81.679030 116.224031 83.326102
117.717300 83.101210 117.937925 84.755902
119.538000 84.633070 119.719512 86.301569
121.436400 86.229820 121.583567 87.924600
123.382100 87.915700 123.500879 89.638039
125.317800 89.692460 125.396836 91.428274
127.282100 91.534840 127.341049 93.299927
129.230000 93.400000 129.295347 95.191733
131.155400 95.339340 131.215046 97.136090
133.063000 97.351670 133.121103 99.158775
134.956300 99.418660 135.005496 101.235012
136.853400 101.506300 136.897677 103.339574
138.805500 103.667700 138.771619 105.454446
140.650500 105.678300 140.654976 107.561908
142.580000 107.717900 142.565269 109.632035
144.486900 109.697000 144.456558 111.646318
146.485100 111.715900 146.360099 113.617102
148.437000 113.603500 148.300400 115.539054
150.425200 115.408300 150.242584 117.404587
152.451800 117.189900 152.217371 119.256145
154.518400 118.948400 154.238721 121.079125
156.690800 120.686600 156.370342 122.899133
158.929100 122.376400 158.574706 124.666185
161.217800 124.006900 160.827355 126.358849
163.512800 125.538700 163.119166 127.995967
165.836400 127.042300 165.380182 129.528855
168.062000 128.463800 167.594356 130.992698
170.224800 129.828200 169.757291 132.392545
172.350300 131.119900 171.900151 133.722063
174.379800 132.359900 173.958391 134.998797
176.378700 133.572400 175.983167 136.234689
178.318300 134.718200 177.933560 137.414405
180.197900 135.803100 179.826973 138.522363
182.008200 136.826700 181.663509 139.568488
183.766400 137.780800 183.446240 140.552529
185.519600 138.687400 185.229329 141.486111
187.330000 139.583100 187.057491 142.412738
189.208600 140.458300 188.948871 143.317500
191.172500 141.310900 190.925024 144.203498
193.247700 142.133100 193.002783 145.057877
195.444900 142.948800 195.204574 145.913399
197.759000 143.757000 197.521705 146.760773
200.137800 144.533100 199.921223 147.583574
202.738200 145.339500 202.445055 148.398174
205.297000 146.113700 204.978434 149.215985
207.845000 146.849300 207.624288 150.025769
210.530600 147.566400 210.332555 150.788608
213.458500 148.315700 213.107223 151.533304
216.151500 148.992700 215.912008 152.277378
218.927400 149.669200 218.714204 152.999772
221.712000 150.324500 221.534802 153.701289
224.465800 150.960500 224.305192 154.377955
227.228100 151.582600 227.088765 155.039255
229.974900 152.167900 229.871972 155.664725
232.737900 152.721200 232.643954 156.247343
235.497000 153.247700 235.417836 156.803542
238.243500 153.736400 238.178785 157.337321
240.976400 154.188700 240.926638 157.834339
243.710400 154.600000 243.690798 158.292284
246.406300 154.971500 246.419929 158.716011
249.105300 155.287800 249.149551 159.078316
251.757000 155.561500 251.800594 159.403673
254.431200 155.809200 254.501689 159.705838
257.069800 156.017000 257.169529 159.965918
259.684100 156.150700 259.822264 160.147954
262.294400 156.242200 262.455062 160.276511
264.888700 156.282800 265.089882 160.358722
267.481000 156.285300 267.716489 160.399549
270.060800 156.269000 270.312260 160.428811
272.605900 156.255000 272.867501 160.450055
275.075700 156.254700 275.359319 160.483613
277.469600 156.283800 277.770643 160.542882
279.760900 156.353500 280.078454 160.640057
281.957700 156.443700 282.304495 160.753405
283.970200 156.553200 284.405270 160.881945
285.989200 156.684600 286.364803 161.029676
287.829500 156.820800 288.215755 161.192483
289.569000 156.964000 289.953093 161.362403
291.218300 157.102500 291.605169 161.534659
292.778900 157.246100 293.163109 161.707113
294.254600 157.389200 294.648331 161.884542
295.717600 157.538000 296.123746 162.057527
297.223600 157.686200 297.635745 162.230644
298.780100 157.809800 299.202868 162.377517
300.440700 157.937300 300.870333 162.535969
302.193900 158.061000 302.627036 162.683751
304.040200 158.187100 304.491573 162.827785
305.994600 158.324700 306.446620 162.991976
308.077900 158.452500 308.501430 163.150411
310.166900 158.579400 310.649019 163.307162
312.372100 158.689500 312.874270 163.444658
314.664800 158.785400 315.183679 163.564053
317.024200 158.892800 317.566687 163.701329
319.504900 159.015600 320.023973 163.854422
321.968700 159.147800 322.558453 164.030911
324.542800 159.301000 325.145519 164.221460
327.185300 159.476800 327.801273 164.435710
329.874800 159.677400 330.504748 164.684026
332.593600 159.906200 333.252394 164.963888
335.333800 160.155500 336.018026 165.243558
338.076000 160.415100 338.787285 165.540082
340.796800 160.664000 341.558547 165.849861
343.508300 160.901600 344.299096 166.151414
346.214100 161.139300 347.012585 166.451761
348.896200 161.385900 349.727550 166.745671
351.553700 161.626400 352.429941 167.033591
354.266900 161.880700 355.110160 167.350044
356.960200 162.150000 357.791691 167.710251
359.663200 162.460400 360.472241 168.117774
362.371200 162.804900 363.143797 168.570381
365.060800 163.230900 365.805496 169.095366
367.553800 163.717500 368.453487 169.704066
370.348700 164.381300 371.076223 170.376767
372.963900 165.044100 373.708230 171.094354
375.599200 165.731300 376.339789 171.844720
378.231100 166.470100 378.963867 172.631953
380.804900 167.261500 381.566964 173.452398
383.322700 168.075400 384.117088 174.301593
385.813900 168.917500 386.648195 175.189887
388.253100 169.759700 389.123427 176.073778
390.659600 170.598900 391.576533 176.957119
393.025400 171.408000 393.973005 177.795913
395.414700 172.188100 396.369562 178.615423
397.791500 172.967500 398.769149 179.444297
400.218700 173.778100 401.219243 180.297424
402.789900 174.620000 403.713122 181.164198
405.252700 175.433500 406.280784 182.052259
407.826500 176.273600 408.876914 182.944018
410.396400 177.149700 411.474934 183.862483
412.962700 177.995900 414.055065 184.786232
415.520700 178.811100 416.602157 185.687122
418.163400 179.676800 419.075396 186.573462
420.422700 180.403200 421.469905 187.423684
422.744700 181.133100 423.771472 188.230376
424.992500 181.856500 426.014071 189.016422
427.210300 182.556900 428.228870 189.779111
429.384000 183.232700 430.398032 190.516778
431.691200 183.958100 432.557922 191.244569
433.729300 184.607500 434.725781 191.982529
435.905600 185.295100 436.896777 192.725083
437.996100 185.991900 438.996630 193.460342
439.997500 186.676100 441.009242 194.177969
441.912000 187.324200 442.931500 194.874764
443.731700 187.941900 444.755613 195.536500
445.452600 188.535300 446.480486 196.175385
446.977600 189.065700 448.110891 196.782530
448.612700 189.639800 449.649523 197.360571
450.036900 190.148800 451.085738 197.907449
451.374500 190.620800 452.430880 198.413583
452.648100 191.070900 453.676935 198.885550
453.732500 191.449300 454.811500 199.309432
454.752900 191.810000 455.851796 199.693447
455.674800 192.145600 456.791577 200.042240
456.527700 192.432500 457.655122 200.353722
457.315700 192.715500 458.480710 200.656331
458.132700 193.010000 459.275075 200.958885
458.919000 193.308800 460.069069 201.266195
459.721200 193.658200 460.874085 201.614399
460.554600 194.063300 461.706055 202.017712
461.395800 194.530300 462.534903 202.487445
462.236200 195.072000 463.311467 203.008447
462.925300 195.511300 464.044065 203.500215
463.708400 195.901700 464.752400 203.892438
464.372200 196.169400 465.468562 204.212440
465.156500 196.446500 466.241674 204.497394
465.986400 196.701900 467.041792 204.751225
466.732600 196.902800 467.811247 204.982000
467.447300 197.111200 468.500163 205.207628
468.039400 197.328700 469.090018 205.450382
468.513900 197.540200 469.572099 205.698842
468.911800 197.686700 469.958652 205.887234
469.227500 197.880700 470.260215 206.118645
469.501800 198.033900 470.523446 206.314124
469.737700 198.161300 470.746929 206.489183
469.886200 198.298500 470.891750 206.651837
470.013600 198.404400 471.016119 206.767296
470.122500 198.499200 471.128834 206.867085
