-0.000000 0.000000 0.000000 0.000000
0.002831 3.908352 -0.014756 4.028903
0.009175 7.845470 -0.033603 8.059057
0.009165 11.934610 -0.061000 12.078468
-0.002514 15.928620 -0.101530 16.135388
0.009195 19.952040 -0.115264 20.211484
-0.002250 24.002900 -0.145329 24.318285
0.007965 28.223410 -0.155812 28.456195
0.013601 32.330030 -0.174222 32.599058
0.019696 36.468960 -0.195308 36.778896
0.027945 40.633250 -0.224972 41.016744
0.035771 44.958420 -0.248082 45.268408
0.043871 49.177610 -0.275244 49.521870
0.036618 53.422600 -0.318233 53.807644
0.025418 57.678050 -0.357718 58.143635
0.015612 62.064410 -0.399724 62.436295
0.007883 66.291400 -0.438117 66.714733
-0.012162 70.500630 -0.487538 70.989904
-0.030918 74.682290 -0.536170 75.201692
-0.036211 78.975690 -0.564233 79.409989
-0.031054 83.108430 -0.584897 83.568837
-0.056851 87.228370 -0.617900 87.746164
-0.091427 91.324100 -0.648662 91.906776
-0.150678 95.509740 -0.694440 96.060558
-0.213893 99.534780 -0.746091 100.122244
-0.265112 103.536600 -0.796571 104.148808
-0.311467 107.527200 -0.838042 108.158757
-0.370134 111.507100 -0.871302 112.178284
-0.405501 115.588200 -0.910553 116.186101
-0.405583 119.559200 -0.924890 120.227540
-0.430087 123.591700 -0.929944 124.269953
-0.444071 127.631600 -0.923565 128.321431
-0.442347 131.792900 -0.900321 132.389405
-0.437644 135.817900 -0.869099 136.438088
-0.434855 139.838000 -0.846998 140.486066
-0.444428 143.854300 -0.837465 144.545182
-0.453357 147.996600 -0.818825 148.603193
-0.466427 152.003100 -0.806801 152.627471
-0.486234 156.012100 -0.819575 156.693917
-0.457554 160.026500 -0.804303 160.762599
-0.442060 164.173600 -0.816501 164.820350
-0.414118 168.213400 -0.821312 168.893331
-0.375204 172.265100 -0.833581 172.979624
-0.322487 176.357100 -0.843969 177.118504
-0.275615 180.591500 -0.831489 181.335731
-0.279896 184.720200 -0.864335 185.586897
-0.269386 188.885100 -0.893350 189.852467
-0.260401 193.076400 -0.902759 194.168767
-0.254337 197.437500 -0.899250 198.498092
-0.290444 201.679700 -0.930583 202.792943
-0.304994 205.963500 -0.953035 207.152814
-0.298829 210.280700 -0.953316 211.534849
-0.312644 214.638000 -0.969193 216.001918
-0.314790 219.173600 -0.990261 220.451747
-0.328710 223.589300 -1.019920 224.957128
-0.330787 228.026400 -1.052466 229.483927
-0.325921 232.474000 -1.082512 234.023261
-0.328888 237.087400 -1.111319 238.552232
-0.331511 241.584900 -1.141525 243.120901
-0.325590 246.100300 -1.163812 247.696691
-0.313505 250.639900 -1.178618 252.316925
-0.302853 255.347100 -1.200799 256.936049
-0.286234 259.925900 -1.208985 261.554738
-0.269990 264.508500 -1.217376 266.160960
-0.261066 269.100600 -1.225920 270.786465
-0.256839 273.695600 -1.239784 275.402533
-0.247701 278.445800 -1.238824 280.049444
-0.216957 283.062900 -1.216789 284.817905
-0.169993 287.680400 -1.187662 289.495159
-0.131733 292.319400 -1.165795 294.138565
-0.106495 296.989500 -1.155939 298.898684
-0.080234 301.859200 -1.159468 303.677706
-0.047023 306.612700 -1.150039 308.505129
-0.028034 311.405500 -1.145207 313.344928
-0.041775 316.236100 -1.163889 318.264104
-0.036585 321.247600 -1.178609 323.200014
-0.028164 326.099900 -1.198002 328.120637
-0.005094 330.949000 -1.207489 333.003269
0.015848 335.767400 -1.214272 337.879075
0.028629 340.566600 -1.232784 342.711410
0.037198 345.506000 -1.261284 347.532624
0.031523 350.272500 -1.301038 352.364728
-0.000748 355.023100 -1.347765 357.194917
-0.033498 359.762300 -1.394499 361.992502
-0.065121 364.501500 -1.438837 366.774394
-0.108995 369.412200 -1.484709 371.595509
-0.159178 374.177600 -1.531631 376.414567
-0.190980 378.957700 -1.250695 382.405789
-0.215444 383.759900 -0.560001 386.638522
-0.235259 388.731800 -0.669765 391.503505
-0.241436 393.567200 -0.779025 396.354117
