-0.000000 0.000000 0.000000 0.000000
0.059552 0.427954 0.057081 0.431200
0.237981 0.973886 0.238351 0.982893
0.538546 1.628207 0.541299 1.637967
1.003793 2.290144 0.990837 2.275937
1.634883 2.945947 1.592840 2.911565
2.461237 3.573867 2.404483 3.545531
3.496792 4.193755 3.456293 4.182551
4.776317 4.781829 4.746139 4.774989
6.304938 5.319486 6.289985 5.315868
8.139100 5.883474 8.077409 5.862757
10.138770 6.453262 10.093557 6.431977
12.333930 7.002406 12.305465 6.980917
14.663490 7.511301 14.656589 7.486663
17.049860 7.930321 17.064231 7.902611
19.487290 8.223794 19.532183 8.194537
21.969070 8.303235 22.053570 8.260283
24.467550 8.125850 24.572837 8.069561
27.022420 7.668368 27.066215 7.606977
29.457670 6.987021 29.512658 6.912718
31.794470 6.148614 31.850448 6.066191
34.063610 5.130169 34.112049 5.041540
36.243660 3.961594 36.263425 3.884881
38.328320 2.758157 38.340235 2.687501
40.369350 1.482965 40.379064 1.413992
42.482770 0.131716 42.501685 0.062583
44.763220 -1.240274 44.776790 -1.305854
47.286550 -2.676534 47.211605 -2.694103
49.853740 -4.139164 49.767175 -4.155956
52.508790 -5.666458 52.411151 -5.683190
55.197810 -7.206980 55.090142 -7.223394
57.878980 -8.733143 57.756863 -8.744856
60.546810 -10.230730 60.419534 -10.238322
63.176560 -11.707400 63.049034 -11.721851
65.830890 -13.273370 65.633026 -13.247320
68.329450 -14.809970 68.144433 -14.788155
70.789660 -16.374780 70.611756 -16.353228
73.211010 -17.939040 73.049590 -17.922245
75.580240 -19.503090 75.436681 -19.491446
77.962690 -21.043460 77.825289 -21.033776
80.337270 -22.541930 80.219858 -22.542121
82.690720 -24.033000 82.595945 -24.037443
85.168040 -25.483980 85.009065 -25.443450
87.610770 -26.783490 87.462970 -26.739481
90.068970 -27.976530 89.939849 -27.929884
92.574540 -29.064810 92.462399 -29.009387
95.086530 -30.046610 94.991417 -29.987243
97.610520 -30.999970 97.523429 -30.938182
100.154900 -31.910620 100.071373 -31.845920
102.699800 -32.740030 102.622568 -32.677543
105.337500 -33.569230 105.189725 -33.483867
107.909900 -34.310500 107.769912 -34.227766
110.495800 -35.002060 110.348216 -34.917430
113.092900 -35.637250 112.935503 -35.542822
115.701700 -36.221950 115.549027 -36.124016
118.312000 -36.795980 118.172506 -36.691014
120.919400 -37.311080 120.791055 -37.199905
123.612600 -37.822490 123.415586 -37.693199
126.200500 -38.317010 126.018380 -38.171824
128.758600 -38.797880 128.587984 -38.632971
131.292400 -39.261370 131.112584 -39.078508
133.787300 -39.702270 133.595865 -39.513957
136.245300 -40.155830 136.056855 -39.959287
138.675100 -40.573430 138.485354 -40.372734
141.069600 -40.920700 140.884740 -40.719011
143.518700 -41.193900 143.257545 -40.984655
145.849600 -41.352690 145.605618 -41.133030
148.128400 -41.397070 147.893745 -41.162902
150.395000 -41.344780 150.181251 -41.113555
152.626900 -41.250630 152.432557 -41.033568
154.870600 -41.179540 154.680027 -40.983267
157.172200 -41.136150 156.909437 -40.957148
159.384800 -41.130380 159.124290 -40.972113
161.552500 -41.150950 161.292539 -41.009099
163.694600 -41.191930 163.427060 -41.063165
165.792000 -41.177250 165.519053 -41.061809
167.843600 -41.044700 167.573329 -40.939282
169.845600 -40.823600 169.590633 -40.720710
171.765800 -40.509700 171.531039 -40.403839
173.628200 -40.114240 173.412938 -40.000281
175.488300 -39.644860 175.220135 -39.549621
177.253700 -39.179270 176.996011 -39.081575
179.058300 -38.642950 178.808929 -38.545008
180.841200 -38.137640 180.610984 -38.038825
182.647000 -37.594640 182.447355 -37.490522
184.486300 -37.005680 184.295151 -36.913538
186.306800 -36.350860 186.139950 -36.257582
188.152800 -35.605480 187.994180 -35.526297
190.059500 -34.740100 189.862522 -34.697276
191.969500 -33.865900 191.766950 -33.817705
193.930900 -32.987990 193.732491 -32.927266
195.979900 -32.100170 195.772650 -32.013358
198.032400 -31.192340 197.811229 -31.087517
200.075200 -30.299550 199.854288 -30.176359
202.121300 -29.397390 201.902537 -29.257151
204.234400 -28.486530 203.952591 -28.362783
206.299500 -27.684270 206.012049 -27.554737
208.403900 -26.954410 208.115555 -26.816070
210.512600 -26.255830 210.225740 -26.101411
212.647500 -25.552610 212.353206 -25.388998
214.813400 -24.853640 214.503259 -24.668397
217.003700 -24.131450 216.690449 -23.920019
219.207600 -23.337180 218.883272 -23.117049
221.478100 -22.461550 221.071929 -22.264641
223.691800 -21.582500 223.264545 -21.386813
225.903700 -20.689360 225.459622 -20.487442
228.080000 -19.766480 227.640986 -19.550486
230.220600 -18.821590 229.804736 -18.586753
232.371400 -17.831880 231.969583 -17.574083
234.550600 -16.834540 234.145614 -16.563675
236.689300 -15.829910 236.283186 -15.540673
238.819600 -14.789820 238.421884 -14.481696
241.046700 -13.677240 240.572149 -13.390234
243.210100 -12.576750 242.732170 -12.277057
245.316900 -11.470820 244.846381 -11.149720
247.473500 -10.355810 246.998507 -10.015708
249.642500 -9.241335 249.158882 -8.886583
251.796000 -8.104650 251.309793 -7.730382
253.942500 -6.958005 253.465776 -6.566231
256.073700 -5.780386 255.611918 -5.366168
258.248600 -4.533407 257.729887 -4.127481
260.334300 -3.265288 259.826838 -2.831497
262.362600 -1.879433 261.864380 -1.416369
264.312500 -0.416146 263.825399 0.081829
266.247800 1.056138 265.779099 1.584087
268.247300 2.425767 267.807623 2.981383
270.295100 3.732130 269.878624 4.308713
272.448400 5.029464 271.992440 5.601682
274.581200 6.268645 274.148625 6.862654
276.706900 7.480684 276.290045 8.099037
278.876600 8.696142 278.489107 9.342642
281.095100 9.923533 280.720520 10.589459
283.325600 11.202600 282.957941 11.883048
285.559100 12.523290 285.183065 13.216650
287.806200 13.884920 287.419040 14.606573
290.053400 15.362280 289.655222 16.105965
292.343100 16.944080 291.876374 17.659952
294.516100 18.486760 294.066354 19.256127
296.735000 20.090600 296.265814 20.935228
298.983900 21.798480 298.423297 22.711760
301.357000 23.619910 300.553729 24.548809
303.631300 25.464620 302.657002 26.412316
305.848900 27.397400 304.753175 28.349732
307.989800 29.349030 306.817380 30.305356
310.170100 31.390990 308.869699 32.291787
312.215400 33.408810 310.879228 34.327280
314.201800 35.448870 312.834228 36.380161
316.142500 37.509720 314.756092 38.459589
318.044300 39.611170 316.628938 40.582718
319.930600 41.702710 318.488502 42.697375
321.806100 43.785710 320.340854 44.810196
323.778500 45.954410 322.234054 46.935900
325.727200 48.027070 324.170066 49.037618
327.752400 50.081190 326.182275 51.116103
329.843100 52.108160 328.262209 53.175000
331.992000 54.071530 330.403726 55.169850
334.215200 56.020980 332.611402 57.152780
336.477500 57.964060 334.858708 59.122648
338.785300 59.887540 337.157676 61.076579
341.214300 61.849760 339.506978 63.011304
343.584100 63.732200 341.869635 64.927801
345.978000 65.579030 344.264185 66.814424
348.398300 67.414160 346.675732 68.693399
350.805400 69.219100 349.068356 70.553382
353.248600 71.021730 351.485392 72.412584
355.684300 72.821150 353.896062 74.267912
358.119600 74.621300 356.297791 76.117494
360.552900 76.417330 358.691146 77.961071
363.066000 78.271610 361.096086 79.804725
365.483500 80.053890 363.496845 81.628436
367.864700 81.824570 365.860236 83.436777
370.176800 83.573860 368.156929 85.225848
372.394800 85.275340 370.363917 86.972611
374.491500 86.925630 372.446642 88.660205
376.464100 88.470800 374.404629 90.241806
378.351300 89.904650 376.274168 91.712633
380.159600 91.269180 378.067833 93.109081
381.957000 92.576070 379.799429 94.421574
383.678100 93.760360 381.512909 95.650596
385.486300 94.913560 383.314858 96.844562
387.360000 96.015880 385.194037 97.982370
389.291500 97.068890 387.133580 99.070521
391.316700 98.151370 389.169583 100.184241
393.388400 99.239810 391.233946 101.294449
395.587200 100.325400 393.360474 102.371908
397.730400 101.320000 395.504028 103.398843
399.840900 102.272400 397.609337 104.378080
401.923100 103.129100 399.683782 105.257379
403.947100 103.887300 401.707779 106.037142
405.943800 104.572200 403.698007 106.743802
407.980900 105.087600 405.745900 107.294880
410.171800 105.477200 407.881652 107.710672
412.387900 105.780100 410.100717 108.054595
414.642600 106.046500 412.358074 108.362013
416.906300 106.284400 414.622355 108.639149
419.162900 106.492200 416.884178 108.873658
421.483500 106.711900 419.197984 109.125558
423.720100 106.930900 421.442230 109.385648
425.954300 107.174600 423.649495 109.666057
428.139400 107.410000 425.763013 109.925659
430.175900 107.659600 427.793727 110.186168
432.134800 107.894700 429.757848 110.437225
434.030100 107.993900 431.668300 110.549007
435.752800 107.994600 433.423722 110.546868
437.285800 107.916900 434.987473 110.467480
438.565100 107.756700 436.295852 110.300498
439.683200 107.590200 437.393985 110.144728
440.620300 107.393000 438.336709 109.955706
441.406400 107.274000 439.127523 109.841370
441.997500 107.164100 439.717080 109.727769
442.451600 107.095900 440.170705 109.643016
442.907400 107.024000 440.624488 109.547548
443.346600 106.999400 441.062251 109.500602
443.832600 106.974400 441.546785 109.452151
444.465300 106.975100 442.180580 109.431417
445.222200 106.932000 442.913807 109.367165
446.029100 106.940100 443.717736 109.351876
446.917000 107.020900 444.599890 109.410202
447.901000 107.197000 445.570743 109.565827
448.993500 107.432800 446.652954 109.782556
450.190600 107.806900 447.840792 110.129905
451.485600 108.383800 449.154635 110.598433
452.915300 109.063100 450.594222 111.200453
454.481500 109.772400 452.145489 111.928721
456.189600 110.666800 453.777070 112.820744
457.994400 111.642400 455.516132 113.844107
459.891200 112.727400 457.361951 114.972035
461.888300 113.901400 459.315973 116.188344
463.985200 115.163200 461.378730 117.490254
466.164500 116.494200 463.529015 118.864212
468.412600 117.893500 465.742629 120.306201
470.746800 119.365800 468.042645 121.826115
473.255300 120.932300 470.433513 123.397323
475.768300 122.509500 472.891563 125.018506
478.359200 124.152700 475.428136 126.711727
480.996200 125.849400 478.040279 128.468951
483.671800 127.570700 480.713593 130.244845
486.423300 129.243200 483.478238 131.969166
489.275200 130.788400 486.375242 133.567378
492.325600 132.214000 489.355824 134.997571
495.386800 133.430800 492.446716 136.234238
498.522700 134.395300 495.588824 137.236745
501.739900 135.046000 498.825989 137.954762
505.016100 135.409300 502.130040 138.377073
508.355500 135.539800 505.476914 138.578097
511.726200 135.461300 508.851843 138.566906
515.241300 135.280100 512.255232 138.444504
518.670000 135.078600 515.684586 138.302863
522.179600 134.828100 519.180533 138.120450
525.762000 134.560300 522.748062 137.925468
529.412500 134.276300 526.403361 137.712200
533.134000 133.993900 530.149534 137.501453
536.921100 133.671100 533.972601 137.252237
540.776500 133.312500 537.873429 136.965364
544.757600 132.880600 541.828884 136.635974
548.788600 132.406500 545.835632 136.263713
553.003800 131.876600 549.925404 135.842904
557.143300 131.305400 554.102256 135.372266
561.344800 130.685500 558.313642 134.864623
565.610700 130.032400 562.567057 134.320488
569.938100 129.350700 566.889440 133.765120
574.333100 128.652300 571.286172 133.193895
578.743600 127.942100 574.648690 132.115697
583.184800 127.249300 577.373327 131.488636
587.645800 126.560100 581.860100 131.082584
592.260900 125.858100 586.350437 130.698142
596.725400 125.191100 590.868013 130.329780
601.178600 124.536100 595.338060 129.992089
605.613300 123.850300 599.821805 129.640071
610.037300 123.176200 604.258359 129.311299
614.466700 122.531200 608.730689 129.000197
618.892900 121.890000 613.197334 128.701038
623.304800 121.242800 617.618510 128.394355
627.682800 120.604900 622.029767 128.105041
632.136800 119.988500 626.373163 127.854180
636.367300 119.386900 630.656088 127.594219
640.518500 118.801300 634.828564 127.350107
644.519900 118.233900 638.898134 127.105363
648.284500 117.678500 642.772404 126.866100
651.811300 117.157700 646.349599 126.642539
655.048800 116.695400 649.636838 126.459126
657.957800 116.298000 652.577420 126.315510
660.498900 115.948900 655.143484 126.193839
662.737600 115.607200 657.343166 126.063306
664.566900 115.163200 659.251792 125.789384
666.217000 114.538200 660.991439 125.284379
667.675200 113.706300 662.545096 124.546430
668.884100 112.625100 663.865339 123.592639
669.748100 111.396500 664.856495 122.407178
670.371700 110.020400 665.636044 121.041089
670.715900 108.517400 666.119886 119.575341
670.800300 106.897800 666.321016 117.959824
670.547000 105.166800 666.184401 116.256478
669.918100 103.470900 665.700054 114.506823
668.941700 101.778900 664.903582 112.742385
667.708800 100.097900 663.816701 110.972949
666.278700 98.403650 662.545236 109.154914
664.689000 96.706740 661.114909 107.328670
662.951700 95.050940 659.520573 105.525767
661.051800 93.502910 657.772103 103.820987
658.992400 92.100290 655.837047 102.257003
656.810500 90.793690 653.778832 100.791253
654.535200 89.447090 651.643359 99.286377
652.146200 88.022450 649.456270 97.725235
649.760400 86.587100 647.206524 96.092047
647.344800 85.079680 644.919252 94.369195
644.832200 83.525160 642.536639 92.578931
642.253600 81.931000 640.109474 90.747190
639.690500 80.312200 637.713387 88.904373
637.167400 78.652320 635.358882 87.035748
634.694000 76.994220 633.033822 85.161716
632.287100 75.361440 630.775358 83.331889
629.848000 73.699140 628.567410 81.549259
627.568300 72.130020 626.445372 79.804631
625.373600 70.582440 624.403778 78.098100
623.314700 69.095210 622.489375 76.466788
621.414100 67.694320 620.723422 74.941299
619.679400 66.426570 619.119842 73.561427
618.166900 65.281420 617.715774 72.322821
616.880900 64.320490 616.519534 71.275424
615.805400 63.503330 615.557046 70.404379
614.965300 62.908280 614.766375 69.724040
614.325500 62.440300 614.159081 69.177062
613.808100 62.049750 613.667571 68.739282
613.311700 61.675870 613.195151 68.323188
612.830700 61.305510 612.730895 67.905343
612.349800 60.940860 612.264722 67.495875
611.903400 60.604030 611.823315 67.102998
611.480300 60.284800 611.412376 66.741515
611.103200 59.989940 611.067788 66.426188
610.761200 59.737380 610.739375 66.144456
610.430600 59.463960 610.434882 65.850491
610.125000 59.217400 610.140071 65.581745
609.809400 58.965130 609.840307 65.309795
609.427400 58.666550 609.479164 64.983962
608.887500 58.230040 608.971375 64.506265
608.147500 57.632000 608.290035 63.850883
607.236600 56.857900 607.465864 63.014973
606.190500 55.921690 606.526864 61.993077
604.973300 54.782930 605.473212 60.799754
603.709100 53.510430 604.351101 59.432449
602.350500 52.105810 603.140405 57.920288
600.871800 50.581940 601.811964 56.286520
599.318500 48.929960 600.415118 54.510415
597.650100 47.152260 598.906974 52.606815
595.901700 45.254520 597.308052 50.569378
594.084300 43.250820 595.655262 48.422642
592.203400 41.121460 594.002113 46.203953
590.398700 39.060810 592.388681 43.978006
588.578300 37.007250 590.772498 41.758313
586.724900 34.934500 589.118364 39.538137
584.840100 32.858680 587.421815 37.301617
582.921800 30.775650 585.693685 35.056457
580.975900 28.688250 583.941788 32.802480
579.008400 26.572880 582.169144 30.516421
576.960100 24.364750 580.392342 28.211919
574.990100 22.220810 578.620654 25.892878
573.044000 20.058480 576.860701 23.539592
571.125000 17.915440 575.142920 21.223033
569.248600 15.792610 573.468453 18.922794
567.405100 13.672560 571.824966 16.627146
565.606000 11.590450 570.221746 14.378524
563.792000 9.571343 568.605657 12.201003
562.035600 7.618653 567.021316 10.070257
560.330900 5.717215 565.541331 8.071792
558.770800 4.023775 564.141108 6.230850
557.375900 2.528645 562.883356 4.603695
556.158400 1.201776 561.781972 3.152873
555.083500 0.020579 560.805182 1.862492
554.092900 -1.077998 559.898911 0.663106
553.160100 -2.102953 559.051326 -0.456967
552.272400 -3.045505 558.244110 -1.482405
551.454400 -3.923815 557.501943 -2.437503
550.703000 -4.735798 556.832384 -3.309952
550.046400 -5.434982 556.225010 -4.092221
549.465900 -6.084458 555.702919 -4.807483
548.987500 -6.645761 555.273577 -5.419262
548.579700 -7.106833 554.913978 -5.913786
548.256300 -7.494883 554.619945 -6.329586
547.986800 -7.817248 554.372819 -6.668735
547.768200 -8.084072 554.171296 -6.950312
547.592500 -8.307371 554.008249 -7.190975
547.434100 -8.487311 553.868167 -7.385328
547.308500 -8.627009 553.754476 -7.545859
547.209500 -8.744162 553.662596 -7.675681
547.135000 -8.832791 553.589049 -7.777415
547.090300 -8.894651 553.543744 -7.845447
547.066800 -8.931374 553.511265 -7.888655
547.037900 -8.964393 553.486689 -7.923683
546.975600 -9.018060 553.452155 -7.975159
546.904600 -9.090244 553.395969 -8.052469
546.819300 -9.193559 553.328827 -8.151621
546.713800 -9.325813 553.233045 -8.287749
546.573900 -9.489052 553.105745 -8.461104
546.408200 -9.684458 552.954664 -8.672188
546.219800 -9.912434 552.785407 -8.913454
546.011600 -10.157390 552.595915 -9.176381
545.782200 -10.412970 552.387240 -9.454751
545.568800 -10.660580 552.192236 -9.725187
545.387200 -10.882140 552.026550 -9.958740
545.238200 -11.068190 551.893060 -10.147755
