0 0.000000 0.008401 100.000000 13.513514
0 0.000000 0.006755 200.000000 13.605442
0 0.000000 0.007369 300.000000 14.084507
10 0.000000 0.005811 100.000000 13.513514
10 0.000000 0.005751 200.000000 13.698630
10 0.000000 0.006504 300.000000 14.150944
20 0.000000 0.004235 100.000000 13.513514
20 0.000000 0.005932 200.000000 13.698630
20 0.000000 0.006303 300.000000 14.285714
30 0.000000 0.001993 100.000000 13.513514
30 0.000000 0.005964 200.000000 13.793103
30 0.000000 0.006284 300.000000 14.423077
40 0.000000 0.004237 100.000000 13.333333
40 0.000000 0.006610 200.000000 13.888889
40 0.000000 0.006654 300.000000 14.492754
50 0.000000 0.003937 100.000000 13.333333
50 0.000000 0.006211 200.000000 13.888889
50 0.000000 0.006422 300.000000 14.563107
60 0.000000 0.005121 100.000000 13.333333
60 0.000000 0.006699 200.000000 14.084507
60 0.000000 0.008403 300.000000 14.634147
70 0.000000 0.005342 100.000000 13.333333
70 0.000000 0.006890 200.000000 14.184397
80 0.000000 0.007233 100.000000 13.513514
80 0.000000 0.007117 200.000000 14.285714
90 0.000000 0.007824 100.000000 13.698630
90 0.000000 0.007947 200.000000 14.492754
100 0.000000 0.009512 100.000000 13.698630
100 0.000000 0.007943 200.000000 14.705882
110 0.000000 0.011188 100.000000 14.084507
110 0.000000 0.008995 200.000000 14.814815
120 0.000000 0.011674 100.000000 14.285714
120 0.000000 0.009706 200.000000 15.037594
130 0.000000 0.010586 100.000000 14.492754
130 0.000000 0.014305 200.000000 15.151515
140 0.000000 0.009861 100.000000 14.705882
140 0.000051 0.010152 200.000000 15.384615
150 0.000000 0.008708 100.000000 14.925373
160 0.000000 0.008332 100.000000 15.151515
170 0.000000 0.008586 100.000000 15.384615
180 0.000000 0.008536 100.000000 15.384615
190 0.000000 0.008934 100.000000 15.625000
200 0.000121 0.014284 100.000000 15.625000
