0 0.000180 0.011462 100.000000 8.474576
0 0.000116 0.011797 200.000000 9.433962
0 0.000129 0.014258 300.000000 10.416667
0 0.000115 0.019954 400.000000 10.471204
0 0.000085 0.024319 500.000000 10.416667
0 0.000095 0.024931 600.000000 10.416667
0 0.000077 0.026150 700.000000 10.279001
0 0.000072 0.027837 800.000000 10.282776
10 0.000132 0.007413 100.000000 9.009009
10 0.000078 0.008913 200.000000 9.756098
10 0.000107 0.013583 300.000000 10.714286
10 0.000094 0.019848 400.000000 10.666667
10 0.000065 0.022324 500.000000 10.570825
10 0.000081 0.021915 600.000000 10.544815
10 0.000065 0.022517 700.000000 10.370370
10 0.000062 0.024634 800.000000 10.376135
20 0.000084 0.007752 100.000000 9.523809
20 0.000055 0.008208 200.000000 10.000000
20 0.000106 0.014353 300.000000 10.948905
20 0.000084 0.020593 400.000000 10.810811
20 0.000058 0.022573 500.000000 10.706638
20 0.000076 0.021821 600.000000 10.657193
20 0.000061 0.022300 700.000000 10.447762
20 0.000057 0.024425 800.000000 10.471204
30 0.000000 0.007945 100.000000 10.101010
30 0.000024 0.008234 200.000000 10.256411
30 0.000103 0.014822 300.000000 11.194030
30 0.000077 0.020917 400.000000 10.928962
30 0.000054 0.022436 500.000000 10.822511
30 0.000072 0.021470 600.000000 10.752688
30 0.000056 0.022196 700.000000 10.510510
30 0.000054 0.024085 800.000000 10.554090
40 0.000000 0.007721 100.000000 10.638298
40 0.000000 0.008601 200.000000 10.471204
40 0.000108 0.015389 300.000000 11.406844
40 0.000072 0.021070 400.000000 11.019283
40 0.000053 0.022681 500.000000 10.917030
40 0.000067 0.021440 600.000000 10.830325
40 0.000054 0.022663 700.000000 10.542169
40 0.000052 0.024306 800.000000 10.624170
50 0.000000 0.007279 100.000000 10.989011
50 0.000047 0.009392 200.000000 10.638298
50 0.000125 0.016235 300.000000 11.538462
50 0.000075 0.021556 400.000000 11.080333
50 0.000056 0.023252 500.000000 10.989011
50 0.000068 0.022241 600.000000 10.889292
50 0.000054 0.023711 700.000000 10.558069
50 0.000053 0.025039 800.000000 10.680908
60 0.000000 0.007901 100.000000 11.363636
60 0.000000 0.010334 200.000000 10.810811
60 0.000128 0.017223 300.000000 11.627907
60 0.000066 0.022221 400.000000 11.080333
60 0.000048 0.023318 500.000000 11.013216
60 0.000064 0.021942 600.000000 10.909091
60 0.000054 0.023688 700.000000 10.558069
60 0.000049 0.025059 800.000000 10.738256
70 0.000000 0.008058 100.000000 11.494253
70 0.000035 0.012014 200.000000 10.928962
70 0.000130 0.018967 300.000000 11.627907
70 0.000062 0.022891 400.000000 11.080333
70 0.000063 0.023128 500.000000 10.964912
70 0.000060 0.021847 600.000000 10.909091
70 0.000053 0.023622 700.000000 10.558069
70 0.000048 0.025068 800.000000 10.767160
80 0.000000 0.007699 100.000000 11.494253
80 0.000040 0.013722 200.000000 11.049724
80 0.000124 0.020340 300.000000 11.583012
80 0.000065 0.023720 400.000000 11.049724
80 0.000067 0.023454 500.000000 10.940919
80 0.000058 0.022452 600.000000 10.889292
80 0.000052 0.024432 700.000000 10.558069
80 0.000048 0.025738 800.000000 10.796222
90 0.000000 0.006890 100.000000 11.494253
90 0.000028 0.014766 200.000000 11.235955
90 0.000121 0.021257 300.000000 11.538462
90 0.000065 0.024250 400.000000 11.049724
90 0.000063 0.024027 500.000000 10.917030
90 0.000058 0.023171 600.000000 10.849910
90 0.000052 0.025111 700.000000 10.558069
90 0.000050 0.026394 800.000000 10.825439
100 0.000000 0.006714 100.000000 11.235955
100 0.000084 0.015900 200.000000 11.428572
100 0.000122 0.022537 300.000000 11.450381
100 0.000064 0.025067 400.000000 11.019283
100 0.000070 0.024564 500.000000 10.917030
100 0.000058 0.024038 600.000000 10.771993
100 0.000053 0.025947 700.000000 10.558069
100 0.000053 0.027063 800.000000 10.854816
110 0.000000 0.008213 100.000000 10.752688
110 0.000121 0.017018 200.000000 11.560694
110 0.000120 0.023560 300.000000 11.406844
110 0.000064 0.025576 400.000000 11.019283
110 0.000071 0.024835 500.000000 10.917030
110 0.000055 0.024827 600.000000 10.695188
110 0.000053 0.026270 700.000000 10.574018
110 0.000058 0.027265 800.000000 10.854816
120 0.000000 0.007851 100.000000 10.416667
120 0.000127 0.018017 200.000000 11.695907
120 0.000110 0.024666 300.000000 11.278195
120 0.000060 0.025672 400.000000 11.019283
120 0.000071 0.024619 500.000000 10.893247
120 0.000051 0.025013 600.000000 10.619469
120 0.000053 0.026243 700.000000 10.590015
120 0.000059 0.027509 800.000000 10.825439
130 0.000078 0.009540 100.000000 10.204082
130 0.000164 0.019368 200.000000 11.764706
130 0.000103 0.025764 300.000000 11.152416
130 0.000062 0.026527 400.000000 10.958904
130 0.000072 0.024954 500.000000 10.845987
130 0.000054 0.026042 600.000000 10.526316
130 0.000054 0.026634 700.000000 10.590015
130 0.000067 0.028372 800.000000 10.796222
140 0.000104 0.012987 100.000000 10.101010
140 0.000188 0.021652 200.000000 11.695907
140 0.000103 0.026243 300.000000 11.029411
140 0.000060 0.027106 400.000000 10.928962
140 0.000068 0.025452 500.000000 10.822511
140 0.000054 0.026865 600.000000 10.452962
140 0.000052 0.027058 700.000000 10.606061
140 0.000071 0.029179 800.000000 10.767160
150 0.000138 0.015046 100.000000 10.204082
150 0.000208 0.023662 200.000000 11.627907
150 0.000101 0.027727 300.000000 10.909091
150 0.000068 0.028049 400.000000 10.869565
150 0.000066 0.026512 500.000000 10.799136
150 0.000059 0.028139 600.000000 10.398614
150 0.000054 0.027853 700.000000 10.638298
150 0.000075 0.030454 800.000000 10.752688
160 0.000195 0.018096 100.000000 10.309278
160 0.000214 0.025605 200.000000 11.560694
160 0.000103 0.028702 300.000000 10.869565
160 0.000083 0.028370 400.000000 10.781672
160 0.000065 0.027281 500.000000 10.752688
160 0.000060 0.028657 600.000000 10.380623
160 0.000056 0.028258 700.000000 10.670732
160 0.000076 0.031242 800.000000 10.752688
170 0.000132 0.021454 100.000000 10.638298
170 0.000194 0.027518 200.000000 11.494253
170 0.000098 0.028750 300.000000 10.830325
170 0.000074 0.027324 400.000000 10.752688
170 0.000059 0.026147 500.000000 10.729613
170 0.000048 0.027274 600.000000 10.380623
170 0.000052 0.027441 700.000000 10.703364
170 0.000072 0.030731 800.000000 10.767160
180 0.000091 0.023051 100.000000 10.989011
180 0.000168 0.027778 200.000000 11.428572
180 0.000082 0.027036 300.000000 10.869565
180 0.000063 0.024938 400.000000 10.752688
180 0.000052 0.023742 500.000000 10.683761
180 0.000045 0.024922 600.000000 10.398614
180 0.000047 0.025477 700.000000 10.736197
180 0.000067 0.029106 800.000000 10.767160
190 0.000072 0.023636 100.000000 11.494253
190 0.000145 0.026782 200.000000 11.494253
190 0.000057 0.024434 300.000000 10.909091
190 0.000055 0.022099 400.000000 10.810811
190 0.000038 0.021298 500.000000 10.638298
190 0.000033 0.022278 600.000000 10.434783
190 0.000041 0.023081 700.000000 10.785825
190 0.000055 0.027048 800.000000 10.752688
200 0.000147 0.023103 100.000000 12.195122
200 0.000143 0.026951 200.000000 11.560694
200 0.000055 0.024290 300.000000 11.029411
200 0.000061 0.021620 400.000000 10.869565
200 0.000035 0.021181 500.000000 10.638298
200 0.000037 0.021991 600.000000 10.507881
200 0.000047 0.023121 700.000000 10.835914
200 0.000055 0.027424 800.000000 10.723861
210 0.000159 0.024590 100.000000 12.820513
210 0.000129 0.026498 200.000000 11.695907
210 0.000051 0.022924 300.000000 11.111111
210 0.000066 0.019980 400.000000 10.928962
210 0.000033 0.019886 500.000000 10.615711
210 0.000034 0.020741 600.000000 10.563380
210 0.000049 0.022147 700.000000 10.852714
210 0.000053 0.026392 800.000000 10.709505
220 0.000202 0.025318 100.000000 13.333333
220 0.000119 0.026391 200.000000 11.695907
220 0.000047 0.022449 300.000000 11.194030
220 0.000064 0.019545 400.000000 10.989011
220 0.000036 0.019851 500.000000 10.593221
220 0.000035 0.020569 600.000000 10.600707
220 0.000053 0.022369 700.000000 10.852714
220 0.000056 0.026344 800.000000 10.666667
230 0.000189 0.027404 100.000000 13.698630
230 0.000076 0.024058 200.000000 11.560694
230 0.000023 0.019570 300.000000 11.194030
230 0.000052 0.016518 400.000000 10.989011
230 0.000015 0.017197 500.000000 10.548523
230 0.000021 0.018071 600.000000 10.657193
230 0.000049 0.020808 700.000000 10.852714
230 0.000051 0.023945 800.000000 10.582010
240 0.000223 0.030854 100.000000 13.513514
240 0.000058 0.022021 200.000000 11.428572
240 0.000000 0.016733 300.000000 11.152416
240 0.000045 0.013790 400.000000 10.958904
240 0.000000 0.014639 500.000000 10.460251
240 0.000000 0.016037 600.000000 10.676157
240 0.000055 0.019350 700.000000 10.835914
240 0.000049 0.021493 800.000000 10.498688
250 0.000221 0.031156 100.000000 13.157895
250 0.000038 0.019719 200.000000 11.173184
250 0.000032 0.013702 300.000000 10.989011
250 0.000040 0.011583 400.000000 10.869565
250 0.000000 0.012693 500.000000 10.395010
250 0.000000 0.014810 600.000000 10.695188
250 0.000050 0.018244 700.000000 10.819165
250 0.000044 0.019515 800.000000 10.430247
260 0.000205 0.030189 100.000000 12.500000
260 0.000000 0.017706 200.000000 10.928962
260 0.000056 0.012716 300.000000 10.791367
260 0.000037 0.011503 400.000000 10.752688
260 0.000000 0.012704 500.000000 10.309278
260 0.000000 0.015176 600.000000 10.676157
260 0.000052 0.018653 700.000000 10.769231
260 0.000045 0.019049 800.000000 10.376135
270 0.000191 0.026384 100.000000 11.627907
270 0.000000 0.014709 200.000000 10.695188
270 0.000045 0.011091 300.000000 10.600707
270 0.000029 0.010752 400.000000 10.526316
270 0.000000 0.012056 500.000000 10.245902
270 0.000000 0.014745 600.000000 10.657193
270 0.000048 0.018361 700.000000 10.703364
270 0.000038 0.018058 800.000000 10.322580
280 0.000107 0.019907 100.000000 10.869565
280 0.000000 0.009705 200.000000 10.471204
280 0.000015 0.007136 300.000000 10.452962
280 0.000000 0.007767 400.000000 10.282776
280 0.000000 0.009059 500.000000 10.183299
280 0.000000 0.012360 600.000000 10.600707
280 0.000000 0.015796 700.000000 10.542169
280 0.000017 0.015650 800.000000 10.243278
290 0.000024 0.014209 100.000000 10.416667
290 0.000000 0.006261 200.000000 10.309278
290 0.000028 0.005067 300.000000 10.344828
290 0.000000 0.006406 400.000000 10.101010
290 0.000000 0.008261 500.000000 10.162601
290 0.000000 0.011946 600.000000 10.526316
290 0.000000 0.015107 700.000000 10.385756
290 0.000000 0.014888 800.000000 10.191083
300 0.000000 0.008693 100.000000 9.900990
300 0.000000 0.003426 200.000000 10.204082
300 0.000006 0.002652 300.000000 10.273973
300 0.000000 0.003621 400.000000 9.950249
300 0.000000 0.006675 500.000000 10.162601
300 0.000000 0.010465 600.000000 10.471204
300 0.000000 0.012605 700.000000 10.248902
300 0.000000 0.013649 800.000000 10.139417
310 0.000000 0.007843 100.000000 9.708738
310 0.000000 0.003831 200.000000 10.152285
310 0.000000 0.002727 300.000000 10.238908
310 0.000000 0.002677 400.000000 9.876543
310 0.000000 0.006518 500.000000 10.204082
310 0.000000 0.009822 600.000000 10.452962
310 0.000000 0.011352 700.000000 10.159652
310 0.000000 0.013288 800.000000 10.050251
320 0.000000 0.008097 100.000000 9.615385
320 0.000000 0.005052 200.000000 10.101010
320 0.000000 0.003122 300.000000 10.238908
320 0.000000 0.003255 400.000000 9.828010
320 0.000000 0.007469 500.000000 10.245902
320 0.000000 0.009947 600.000000 10.452962
320 0.000000 0.011344 700.000000 10.115607
320 0.000000 0.013431 800.000000 9.962640
330 0.000000 0.008128 100.000000 9.523809
330 0.000000 0.005524 200.000000 10.050251
330 0.000000 0.002824 300.000000 10.238908
330 0.000000 0.003863 400.000000 9.852217
330 0.000000 0.008162 500.000000 10.309278
330 0.000000 0.010087 600.000000 10.489511
330 0.000000 0.011515 700.000000 10.115607
330 0.000000 0.013411 800.000000 9.925558
340 0.000000 0.006875 100.000000 9.615385
340 0.000011 0.004117 200.000000 10.000000
340 0.000000 0.002068 300.000000 10.238908
340 0.000000 0.003913 400.000000 9.852217
340 0.000000 0.008539 500.000000 10.373444
340 0.000000 0.010549 600.000000 10.507881
340 0.000000 0.012041 700.000000 10.115607
340 0.000000 0.013591 800.000000 9.913259
350 0.000000 0.005972 100.000000 9.708738
350 0.000000 0.003159 200.000000 10.050251
350 0.000000 0.001896 300.000000 10.204082
350 0.000000 0.004764 400.000000 9.900990
350 0.000000 0.009348 500.000000 10.438414
350 0.000000 0.011267 600.000000 10.526316
350 0.000000 0.012593 700.000000 10.130246
350 0.000000 0.013820 800.000000 9.925558
360 0.000000 0.006070 100.000000 9.803922
360 0.000000 0.002589 200.000000 10.101010
360 0.000000 0.002026 300.000000 10.135135
360 0.000000 0.005985 400.000000 9.950249
360 0.000000 0.010530 500.000000 10.482181
360 0.000000 0.012431 600.000000 10.507881
360 0.000000 0.013499 700.000000 10.130246
360 0.000014 0.014256 800.000000 9.937888
370 0.000000 0.005959 100.000000 9.900990
370 0.000024 0.002349 200.000000 10.152285
370 0.000000 0.002329 300.000000 10.033444
370 0.000000 0.006693 400.000000 10.000000
370 0.000000 0.011289 500.000000 10.504202
370 0.000000 0.013159 600.000000 10.452962
370 0.000000 0.014033 700.000000 10.130246
370 0.000000 0.014720 800.000000 9.950249
380 0.000000 0.004490 100.000000 10.000000
380 0.000066 0.001044 200.000000 10.204082
380 0.000000 0.003049 300.000000 9.966778
380 0.000000 0.007321 400.000000 10.050251
380 0.000000 0.011772 500.000000 10.526316
380 0.000000 0.013996 600.000000 10.380623
380 0.000000 0.014414 700.000000 10.144928
380 0.000000 0.015043 800.000000 9.962640
390 0.000000 0.004064 100.000000 10.204082
390 0.000056 0.001239 200.000000 10.309278
390 0.000000 0.003641 300.000000 9.933775
390 0.000000 0.008423 400.000000 10.101010
390 0.000000 0.012531 500.000000 10.526316
390 0.000000 0.014763 600.000000 10.344828
390 0.000000 0.014931 700.000000 10.144928
390 0.000006 0.015484 800.000000 9.975062
400 0.000000 0.003700 100.000000 10.309278
400 0.000055 0.002783 200.000000 10.362695
400 0.000000 0.004812 300.000000 9.900990
400 0.000000 0.008971 400.000000 10.204082
400 0.000000 0.012933 500.000000 10.548523
400 0.000000 0.015062 600.000000 10.273973
400 0.000000 0.015253 700.000000 10.144928
400 0.000019 0.015772 800.000000 10.000000
410 0.000000 0.005017 100.000000 10.416667
410 0.000048 0.003865 200.000000 10.416667
410 0.000000 0.005813 300.000000 9.868421
410 0.000000 0.010346 400.000000 10.282776
410 0.000000 0.014065 500.000000 10.570825
410 0.000000 0.015790 600.000000 10.221465
410 0.000000 0.016025 700.000000 10.086455
410 0.000025 0.016334 800.000000 10.025063
420 0.000000 0.005576 100.000000 10.526316
420 0.000048 0.006100 200.000000 10.471204
420 0.000000 0.006725 300.000000 9.868421
420 0.000000 0.010520 400.000000 10.362695
420 0.000000 0.014324 500.000000 10.615711
420 0.000000 0.015777 600.000000 10.186757
420 0.000000 0.016401 700.000000 10.014306
420 0.000032 0.016669 800.000000 10.062893
430 0.000097 0.004340 100.000000 10.416667
430 0.000050 0.006400 200.000000 10.526316
430 0.000000 0.006766 300.000000 9.868421
430 0.000000 0.011529 400.000000 10.443864
430 0.000009 0.015116 500.000000 10.638298
430 0.000000 0.016074 600.000000 10.186757
430 0.000025 0.016546 700.000000 9.971510
430 0.000035 0.017228 800.000000 10.088272
440 0.000140 0.002656 100.000000 10.309278
440 0.000057 0.006693 200.000000 10.526316
440 0.000000 0.006889 300.000000 9.900990
440 0.000000 0.011715 400.000000 10.526316
440 0.000021 0.015092 500.000000 10.683761
440 0.000000 0.015871 600.000000 10.186757
440 0.000036 0.016360 700.000000 9.943182
440 0.000036 0.017727 800.000000 10.126582
450 0.000108 0.001867 100.000000 10.309278
450 0.000038 0.005204 200.000000 10.416667
450 0.000000 0.007614 300.000000 9.933775
450 0.000000 0.012697 400.000000 10.582010
450 0.000000 0.015393 500.000000 10.706638
450 0.000000 0.015781 600.000000 10.186757
450 0.000034 0.016112 700.000000 9.943182
450 0.000035 0.018190 800.000000 10.152285
460 0.000121 0.003182 100.000000 10.309278
460 0.000044 0.006338 200.000000 10.256411
460 0.000000 0.009501 300.000000 9.933775
460 0.000000 0.013885 400.000000 10.638298
460 0.000000 0.016745 500.000000 10.638298
460 0.000000 0.016502 600.000000 10.169492
460 0.000041 0.016534 700.000000 9.943182
460 0.000037 0.018996 800.000000 10.178117
470 0.000126 0.005423 100.000000 10.309278
470 0.000000 0.007578 200.000000 10.050251
470 0.000000 0.011086 300.000000 9.966778
470 0.000000 0.014798 400.000000 10.638298
470 0.000000 0.017814 500.000000 10.526316
470 0.000000 0.016854 600.000000 10.152285
470 0.000041 0.016801 700.000000 9.929078
470 0.000041 0.019830 800.000000 10.204082
480 0.000108 0.003401 100.000000 10.309278
480 0.000000 0.007521 200.000000 9.852217
480 0.000000 0.011462 300.000000 10.000000
480 0.000000 0.014743 400.000000 10.610080
480 0.000000 0.017574 500.000000 10.416667
480 0.000000 0.016524 600.000000 10.135135
480 0.000037 0.016964 700.000000 9.929078
480 0.000043 0.020490 800.000000 10.243278
490 0.000127 0.006593 100.000000 10.204082
490 0.000000 0.008806 200.000000 9.708738
490 0.000000 0.012612 300.000000 10.067114
490 0.000000 0.015621 400.000000 10.582010
490 0.000000 0.018276 500.000000 10.288066
490 0.000012 0.017093 600.000000 10.101010
490 0.000039 0.017602 700.000000 9.929078
490 0.000048 0.021552 800.000000 10.269576
500 0.000080 0.005891 100.000000 10.309278
500 0.000000 0.009463 200.000000 9.615385
500 0.000000 0.013037 300.000000 10.135135
500 0.000000 0.015548 400.000000 10.582010
500 0.000000 0.017460 500.000000 10.183299
500 0.000016 0.017008 600.000000 10.050251
500 0.000039 0.017919 700.000000 9.943182
500 0.000047 0.022254 800.000000 10.309278
510 0.000075 0.007574 100.000000 10.309278
510 0.000000 0.010584 200.000000 9.523809
510 0.000000 0.013402 300.000000 10.204082
510 0.000040 0.016194 400.000000 10.582010
510 0.000026 0.017592 500.000000 10.101010
510 0.000036 0.017943 600.000000 9.950249
510 0.000050 0.018849 700.000000 9.971510
510 0.000053 0.023593 800.000000 10.335917
520 0.000000 0.008590 100.000000 10.416667
520 0.000000 0.010132 200.000000 9.523809
520 0.000000 0.011372 300.000000 10.344828
520 0.000000 0.013720 400.000000 10.638298
520 0.000000 0.015154 500.000000 10.101010
520 0.000030 0.016860 600.000000 9.884679
520 0.000049 0.019096 700.000000 10.000000
520 0.000052 0.024221 800.000000 10.389610
530 0.000000 0.009125 100.000000 10.416667
530 0.000000 0.010278 200.000000 9.569378
530 0.000000 0.011526 300.000000 10.452962
530 0.000000 0.013350 400.000000 10.695188
530 0.000000 0.014609 500.000000 10.121457
530 0.000040 0.016508 600.000000 9.852217
530 0.000046 0.019383 700.000000 10.043041
530 0.000051 0.024693 800.000000 10.430247
540 0.000000 0.009354 100.000000 10.526316
540 0.000000 0.010219 200.000000 9.661836
540 0.000000 0.011510 300.000000 10.563380
540 0.000000 0.013610 400.000000 10.752688
540 0.000000 0.014716 500.000000 10.121457
540 0.000049 0.016600 600.000000 9.852217
540 0.000049 0.020137 700.000000 10.086455
540 0.000053 0.025584 800.000000 10.484928
550 0.000000 0.009521 100.000000 10.309278
550 0.000000 0.009990 200.000000 9.708738
550 0.000000 0.011291 300.000000 10.676157
550 0.000018 0.013854 400.000000 10.752688
550 0.000000 0.014508 500.000000 10.121457
550 0.000052 0.016837 600.000000 9.868421
550 0.000050 0.020860 700.000000 10.130246
550 0.000054 0.026290 800.000000 10.526316
560 0.000000 0.009742 100.000000 9.803922
560 0.000000 0.009623 200.000000 9.708738
560 0.000000 0.010871 300.000000 10.714286
560 0.000000 0.014117 400.000000 10.638298
560 0.000002 0.014431 500.000000 10.101010
560 0.000052 0.017222 600.000000 9.852217
560 0.000050 0.021714 700.000000 10.159652
560 0.000053 0.027050 800.000000 10.554090
570 0.000000 0.009630 100.000000 9.523809
570 0.000000 0.009291 200.000000 9.756098
570 0.000000 0.011056 300.000000 10.676157
570 0.000000 0.014984 400.000000 10.498688
570 0.000000 0.015035 500.000000 10.080646
570 0.000050 0.017831 600.000000 9.852217
570 0.000050 0.022885 700.000000 10.189228
570 0.000054 0.027911 800.000000 10.596026
580 0.000000 0.009905 100.000000 9.259259
580 0.000000 0.009405 200.000000 9.852217
580 0.000000 0.011425 300.000000 10.638298
580 0.000000 0.015547 400.000000 10.362695
580 0.000000 0.015362 500.000000 10.060362
580 0.000048 0.018345 600.000000 9.852217
580 0.000051 0.023713 700.000000 10.233918
580 0.000054 0.028705 800.000000 10.624170
590 0.000000 0.009876 100.000000 9.009009
590 0.000000 0.009636 200.000000 9.950249
590 0.000000 0.012167 300.000000 10.638298
590 0.000000 0.015820 400.000000 10.204082
590 0.000025 0.016315 500.000000 10.020041
590 0.000048 0.019398 600.000000 9.852217
590 0.000053 0.024868 700.000000 10.263929
590 0.000053 0.029653 800.000000 10.652463
600 0.000000 0.009040 100.000000 8.849558
600 0.000000 0.009770 200.000000 10.050251
600 0.000031 0.012298 300.000000 10.600707
600 0.000005 0.015760 400.000000 10.075566
600 0.000043 0.017530 500.000000 9.940358
600 0.000053 0.020771 600.000000 9.868421
600 0.000055 0.026226 700.000000 10.294118
600 0.000057 0.030760 800.000000 10.695188
610 0.000000 0.008859 100.000000 8.695652
610 0.000000 0.010418 200.000000 10.152285
610 0.000049 0.012892 300.000000 10.638298
610 0.000028 0.015728 400.000000 10.000000
610 0.000043 0.018700 500.000000 9.803922
610 0.000059 0.021699 600.000000 9.900990
610 0.000057 0.027300 700.000000 10.339734
610 0.000058 0.031702 800.000000 10.723861
620 0.000000 0.009478 100.000000 8.695652
620 0.000000 0.011249 200.000000 10.309278
620 0.000063 0.013802 300.000000 10.676157
620 0.000037 0.016243 400.000000 9.975062
620 0.000055 0.019363 500.000000 9.727627
620 0.000061 0.022768 600.000000 9.933775
620 0.000064 0.028359 700.000000 10.385756
620 0.000060 0.032604 800.000000 10.767160
630 0.000000 0.009361 100.000000 8.771930
630 0.000000 0.011463 200.000000 10.471204
630 0.000066 0.013746 300.000000 10.752688
630 0.000035 0.016291 400.000000 10.000000
630 0.000065 0.019663 500.000000 9.708738
630 0.000062 0.023532 600.000000 9.983361
630 0.000064 0.029279 700.000000 10.447762
630 0.000061 0.033460 800.000000 10.810811
640 0.000000 0.009969 100.000000 8.928572
640 0.000000 0.011827 200.000000 10.638298
640 0.000066 0.014423 300.000000 10.830325
640 0.000036 0.016489 400.000000 10.025063
640 0.000068 0.019978 500.000000 9.727627
640 0.000064 0.024523 600.000000 10.033444
640 0.000064 0.030206 700.000000 10.494753
640 0.000062 0.034059 800.000000 10.869565
650 0.000000 0.009751 100.000000 9.174312
650 0.000000 0.011788 200.000000 10.869565
650 0.000073 0.015089 300.000000 10.869565
650 0.000051 0.016573 400.000000 10.075566
650 0.000075 0.020242 500.000000 9.765625
650 0.000066 0.025063 600.000000 10.101010
650 0.000066 0.030652 700.000000 10.574018
650 0.000064 0.034434 800.000000 10.928962
660 0.000000 0.010416 100.000000 9.433962
660 0.000000 0.012862 200.000000 11.111111
660 0.000066 0.016796 300.000000 10.869565
660 0.000060 0.017589 400.000000 10.126582
660 0.000078 0.021397 500.000000 9.823183
660 0.000071 0.026333 600.000000 10.186757
660 0.000070 0.031922 700.000000 10.638298
660 0.000067 0.035590 800.000000 11.004127
670 0.000000 0.010583 100.000000 9.803922
670 0.000045 0.013401 200.000000 11.235955
670 0.000070 0.017693 300.000000 10.830325
670 0.000059 0.017978 400.000000 10.178117
670 0.000080 0.021683 500.000000 9.881423
670 0.000071 0.027266 600.000000 10.256411
670 0.000070 0.032579 700.000000 10.719755
670 0.000066 0.036293 800.000000 11.065007
680 0.000000 0.010649 100.000000 10.101010
680 0.000057 0.013406 200.000000 11.363636
680 0.000073 0.017882 300.000000 10.791367
680 0.000057 0.017917 400.000000 10.230179
680 0.000074 0.021829 500.000000 9.920635
680 0.000071 0.027763 600.000000 10.327023
680 0.000070 0.032860 700.000000 10.785825
680 0.000065 0.036314 800.000000 11.142061
690 0.000000 0.010371 100.000000 10.526316
690 0.000080 0.013913 200.000000 11.494253
690 0.000074 0.018809 300.000000 10.714286
690 0.000063 0.018605 400.000000 10.256411
690 0.000076 0.022795 500.000000 9.960159
690 0.000074 0.028673 600.000000 10.416667
690 0.000072 0.033750 700.000000 10.852714
690 0.000066 0.037109 800.000000 11.204482
700 0.000000 0.008946 100.000000 10.869565
700 0.000105 0.011996 200.000000 11.560694
700 0.000059 0.016336 300.000000 10.600707
700 0.000065 0.017763 400.000000 10.282776
700 0.000072 0.022218 500.000000 10.020041
700 0.000071 0.028280 600.000000 10.489511
700 0.000068 0.033068 700.000000 10.920437
700 0.000063 0.036398 800.000000 11.267606
710 0.000000 0.008281 100.000000 11.363636
710 0.000116 0.010344 200.000000 11.695907
710 0.000060 0.014877 300.000000 10.526316
710 0.000066 0.017765 400.000000 10.230179
710 0.000069 0.022371 500.000000 10.080646
710 0.000069 0.028386 600.000000 10.563380
710 0.000066 0.032805 700.000000 10.989011
710 0.000061 0.036036 800.000000 11.331445
720 0.000000 0.007657 100.000000 11.764706
720 0.000128 0.010232 200.000000 11.834319
720 0.000072 0.014551 300.000000 10.489511
720 0.000070 0.018771 400.000000 10.126582
720 0.000075 0.023143 500.000000 10.121457
720 0.000070 0.029137 600.000000 10.619469
720 0.000068 0.033441 700.000000 11.041010
720 0.000062 0.036483 800.000000 11.396011
730 0.000000 0.006511 100.000000 12.195122
730 0.000117 0.009151 200.000000 11.904762
730 0.000058 0.013232 300.000000 10.452962
730 0.000058 0.018263 400.000000 10.000000
730 0.000068 0.022740 500.000000 10.183299
730 0.000068 0.028772 600.000000 10.695188
730 0.000066 0.032941 700.000000 11.093502
730 0.000059 0.036048 800.000000 11.444921
740 0.000000 0.005361 100.000000 12.658228
740 0.000115 0.008355 200.000000 11.976048
740 0.000047 0.012620 300.000000 10.416667
740 0.000067 0.017947 400.000000 9.950249
740 0.000065 0.022831 500.000000 10.224949
740 0.000067 0.028941 600.000000 10.733453
740 0.000062 0.032699 700.000000 11.146497
740 0.000055 0.035689 800.000000 11.494253
750 0.000049 0.005523 100.000000 12.987013
750 0.000121 0.009473 200.000000 11.976048
750 0.000050 0.012782 300.000000 10.416667
750 0.000074 0.018251 400.000000 9.925558
750 0.000066 0.023633 500.000000 10.266940
750 0.000066 0.029628 600.000000 10.791367
750 0.000063 0.033241 700.000000 11.182109
750 0.000062 0.035601 800.000000 11.544011
760 0.000000 0.005150 100.000000 13.157895
760 0.000090 0.009723 200.000000 11.834319
760 0.000039 0.012445 300.000000 10.344828
760 0.000071 0.018354 400.000000 9.900990
760 0.000061 0.024220 500.000000 10.288066
760 0.000062 0.029826 600.000000 10.830325
760 0.000062 0.033196 700.000000 11.217949
760 0.000059 0.035762 800.000000 11.577424
770 0.000079 0.006170 100.000000 12.987013
770 0.000064 0.011019 200.000000 11.363636
770 0.000008 0.013178 300.000000 10.273973
770 0.000068 0.019182 400.000000 9.852217
770 0.000060 0.025369 500.000000 10.330579
770 0.000063 0.030687 600.000000 10.849910
770 0.000060 0.033885 700.000000 11.254020
770 0.000060 0.036498 800.000000 11.611031
780 0.000077 0.006538 100.000000 12.658228
780 0.000026 0.011994 200.000000 10.928962
780 0.000000 0.013718 300.000000 10.169492
780 0.000057 0.019906 400.000000 9.828010
780 0.000060 0.026351 500.000000 10.351967
780 0.000063 0.031171 600.000000 10.869565
780 0.000058 0.034199 700.000000 11.272141
780 0.000061 0.036809 800.000000 11.627907
790 0.000154 0.005201 100.000000 12.048193
790 0.000018 0.011665 200.000000 10.416667
790 0.000034 0.014346 300.000000 10.033444
790 0.000058 0.020564 400.000000 9.779951
790 0.000062 0.026955 500.000000 10.373444
790 0.000062 0.031387 600.000000 10.889292
790 0.000058 0.034361 700.000000 11.290322
790 0.000030 0.039800 800.000000 11.644833
800 0.000199 0.005151 100.000000 11.764706
800 0.000017 0.011063 200.000000 9.950249
800 0.000049 0.016372 300.000000 9.740260
800 0.000061 0.022196 400.000000 9.756098
800 0.000063 0.028490 500.000000 10.373444
800 0.000063 0.032505 600.000000 10.889292
800 0.000060 0.035212 700.000000 11.308562
800 0.000034 0.040466 800.000000 11.611031
810 0.000178 0.006364 100.000000 11.363636
810 0.000000 0.011633 200.000000 9.661836
810 0.000041 0.018288 300.000000 9.375000
810 0.000063 0.023520 400.000000 9.732360
810 0.000067 0.029639 500.000000 10.395010
810 0.000066 0.033413 600.000000 10.889292
810 0.000059 0.036196 700.000000 11.308562
810 0.000011 0.040842 800.000000 11.510792
820 0.000122 0.007252 100.000000 11.111111
820 0.000000 0.012425 200.000000 9.478673
820 0.000060 0.019403 300.000000 9.202454
820 0.000059 0.025105 400.000000 9.708738
820 0.000067 0.031027 500.000000 10.395010
820 0.000063 0.034325 600.000000 10.909091
820 0.000057 0.037035 700.000000 11.326860
820 0.000000 0.040260 800.000000 11.251758
830 0.000107 0.009778 100.000000 10.752688
830 0.000000 0.012412 200.000000 9.345795
830 0.000054 0.019461 300.000000 9.118541
830 0.000054 0.025193 400.000000 9.732360
830 0.000061 0.030963 500.000000 10.416667
830 0.000061 0.034014 600.000000 10.909091
830 0.000061 0.036100 700.000000 11.345219
830 0.000000 0.038138 800.000000 11.111111
840 0.000000 0.010622 100.000000 10.204082
840 0.000000 0.012674 200.000000 9.259259
840 0.000040 0.019554 300.000000 9.090909
840 0.000045 0.025399 400.000000 9.756098
840 0.000056 0.030724 500.000000 10.438414
840 0.000057 0.033324 600.000000 10.948905
840 0.000059 0.035702 700.000000 11.382113
840 0.000000 0.035898 800.000000 11.034483
850 0.000000 0.009919 100.000000 9.708738
850 0.000000 0.012137 200.000000 9.216590
850 0.000000 0.018901 300.000000 9.090909
850 0.000024 0.025117 400.000000 9.803922
850 0.000051 0.029584 500.000000 10.504202
850 0.000052 0.032232 600.000000 10.989011
850 0.000056 0.034605 700.000000 11.419250
850 0.000000 0.033718 800.000000 10.973937
860 0.000000 0.009022 100.000000 9.433962
860 0.000000 0.011220 200.000000 9.216590
860 0.000000 0.018231 300.000000 9.118541
860 0.000017 0.024449 400.000000 9.900990
860 0.000044 0.028565 500.000000 10.570825
860 0.000045 0.031053 600.000000 11.070110
860 0.000054 0.033440 700.000000 11.494253
870 0.000000 0.007993 100.000000 9.009009
870 0.000000 0.011975 200.000000 9.174312
870 0.000000 0.019010 300.000000 9.146341
870 0.000025 0.025013 400.000000 9.975062
870 0.000043 0.028554 500.000000 10.638298
870 0.000045 0.030896 600.000000 11.131725
870 0.000000 0.036512 700.000000 11.532125
880 0.000000 0.009135 100.000000 8.620689
880 0.000000 0.013642 200.000000 9.009009
880 0.000000 0.020289 300.000000 9.174312
880 0.000034 0.025856 400.000000 10.025063
880 0.000049 0.028883 500.000000 10.683761
880 0.000047 0.031032 600.000000 11.194030
880 0.000000 0.036284 700.000000 11.570248
890 0.000000 0.011938 100.000000 8.403361
890 0.000000 0.016841 200.000000 8.733624
890 0.000000 0.022053 300.000000 9.202454
890 0.000043 0.027262 400.000000 10.101010
890 0.000055 0.030085 500.000000 10.729613
890 0.000051 0.032057 600.000000 11.235955
890 0.000000 0.036793 700.000000 11.570248
900 0.000000 0.013849 100.000000 8.264462
900 0.000000 0.019076 200.000000 8.510638
900 0.000000 0.023632 300.000000 9.259259
900 0.000060 0.028794 400.000000 10.152285
900 0.000059 0.031485 500.000000 10.775862
900 0.000052 0.033556 600.000000 11.278195
900 0.000000 0.037655 700.000000 11.419250
910 0.000000 0.016332 100.000000 8.130081
910 0.000000 0.021798 200.000000 8.403361
910 0.000036 0.025754 300.000000 9.287926
910 0.000063 0.030683 400.000000 10.204082
910 0.000062 0.032967 500.000000 10.822511
910 0.000064 0.034567 600.000000 11.320755
910 0.000000 0.037719 700.000000 11.217949
920 0.000000 0.017327 100.000000 8.130081
920 0.000000 0.023421 200.000000 8.403361
920 0.000052 0.027428 300.000000 9.345795
920 0.000066 0.032114 400.000000 10.256411
920 0.000065 0.033887 500.000000 10.893247
920 0.000065 0.035614 600.000000 11.406844
920 0.000000 0.037380 700.000000 11.128776
930 0.000000 0.018240 100.000000 8.264462
930 0.000060 0.024762 200.000000 8.474576
930 0.000064 0.028690 300.000000 9.463722
930 0.000074 0.033035 400.000000 10.389610
930 0.000069 0.034801 500.000000 10.989011
930 0.000068 0.036799 600.000000 11.494253
930 0.000000 0.037110 700.000000 11.128776
940 0.000000 0.019882 100.000000 8.403361
940 0.000071 0.026655 200.000000 8.583691
940 0.000074 0.031370 300.000000 9.615385
940 0.000080 0.035399 400.000000 10.526316
940 0.000073 0.037248 500.000000 11.111111
940 0.000073 0.039385 600.000000 11.605416
940 0.000000 0.038359 700.000000 11.146497
950 0.000000 0.015191 100.000000 8.620689
950 0.000000 0.022654 200.000000 8.733624
950 0.000048 0.027997 300.000000 9.771987
950 0.000065 0.031543 400.000000 10.666667
950 0.000060 0.033419 500.000000 11.235955
950 0.000065 0.035589 600.000000 11.718750
950 0.000000 0.034290 700.000000 11.146497
960 0.000000 0.014258 100.000000 8.849558
960 0.000000 0.022022 200.000000 8.849558
960 0.000051 0.027759 300.000000 9.933775
960 0.000066 0.031017 400.000000 10.781672
960 0.000060 0.032782 500.000000 11.363636
960 0.000065 0.034956 600.000000 11.834319
960 0.000000 0.033241 700.000000 11.146497
970 0.000000 0.011502 100.000000 9.009009
970 0.000000 0.019598 200.000000 9.009009
970 0.000051 0.025487 300.000000 10.101010
970 0.000060 0.028584 400.000000 10.928962
970 0.000058 0.030356 500.000000 11.494253
970 0.000046 0.034585 600.000000 11.952191
980 0.000000 0.009261 100.000000 9.259259
980 0.000000 0.017977 200.000000 9.174312
980 0.000034 0.023809 300.000000 10.273973
980 0.000051 0.026417 400.000000 11.080333
980 0.000051 0.028295 500.000000 11.627907
980 0.000000 0.033919 600.000000 12.072434
990 0.000000 0.012511 100.000000 9.345795
990 0.000000 0.020964 200.000000 9.345795
990 0.000053 0.026399 300.000000 10.452962
990 0.000061 0.028605 400.000000 11.267606
990 0.000058 0.030351 500.000000 11.792453
990 0.000012 0.035743 600.000000 12.195122
1000 0.000000 0.011667 100.000000 9.174312
1000 0.000000 0.018871 200.000000 9.523809
1000 0.000035 0.024080 300.000000 10.638298
1000 0.000052 0.026199 400.000000 11.396011
1000 0.000051 0.027798 500.000000 11.904762
1000 0.000000 0.033134 600.000000 12.269938
1010 0.000000 0.012275 100.000000 8.928572
1010 0.000000 0.017682 200.000000 9.661836
1010 0.000041 0.022834 300.000000 10.791367
1010 0.000049 0.024765 400.000000 11.527377
1010 0.000047 0.026284 500.000000 12.048193
1010 0.000000 0.031266 600.000000 12.295082
1020 0.000000 0.013954 100.000000 8.695652
1020 0.000000 0.018667 200.000000 9.756098
1020 0.000049 0.023674 300.000000 10.909091
1020 0.000054 0.025322 400.000000 11.627907
1020 0.000046 0.026987 500.000000 12.135922
1020 0.000000 0.031257 600.000000 12.170385
1030 0.000000 0.016195 100.000000 8.620689
1030 0.000000 0.019710 200.000000 9.900990
1030 0.000054 0.024466 300.000000 11.070110
1030 0.000055 0.025897 400.000000 11.730206
1030 0.000058 0.027051 500.000000 12.224939
1030 0.000000 0.030690 600.000000 11.952191
1040 0.000000 0.016898 100.000000 8.620689
1040 0.000000 0.019886 200.000000 10.000000
1040 0.000048 0.024266 300.000000 11.194030
1040 0.000052 0.025285 400.000000 11.834319
1040 0.000052 0.026520 500.000000 12.345679
1040 0.000000 0.029160 600.000000 11.834319
1050 0.000000 0.018553 100.000000 8.620689
1050 0.000000 0.020904 200.000000 10.152285
1050 0.000045 0.024880 300.000000 11.278195
1050 0.000051 0.025544 400.000000 11.940298
1050 0.000053 0.027116 500.000000 12.437811
1050 0.000000 0.028283 600.000000 11.764706
1060 0.000000 0.018912 100.000000 8.695652
1060 0.000000 0.022144 200.000000 10.309278
1060 0.000052 0.024964 300.000000 11.450381
1060 0.000050 0.025798 400.000000 12.048193
1060 0.000053 0.027377 500.000000 12.531328
1060 0.000000 0.027461 600.000000 11.718750
1070 0.000000 0.017953 100.000000 8.771930
1070 0.000000 0.021914 200.000000 10.471204
1070 0.000048 0.023867 300.000000 11.583012
1070 0.000046 0.024717 400.000000 12.158054
1070 0.000055 0.026213 500.000000 12.626263
1070 0.000000 0.026141 600.000000 11.627907
1080 0.000000 0.018498 100.000000 8.849558
1080 0.000000 0.022189 200.000000 10.695188
1080 0.000043 0.023593 300.000000 11.718750
1080 0.000046 0.024245 400.000000 12.307693
1080 0.000033 0.028778 500.000000 12.755102
1090 0.000000 0.018188 100.000000 9.009009
1090 0.000000 0.021518 200.000000 10.869565
1090 0.000022 0.021979 300.000000 11.904762
1090 0.000041 0.022752 400.000000 12.461060
1090 0.000000 0.029094 500.000000 12.853471
1100 0.000000 0.017324 100.000000 9.345795
1100 0.000000 0.020573 200.000000 11.173184
1100 0.000040 0.020948 300.000000 12.096774
1100 0.000046 0.021790 400.000000 12.658228
1100 0.000000 0.028091 500.000000 12.987013
1110 0.000000 0.016756 100.000000 9.803922
1110 0.000021 0.020242 200.000000 11.560694
1110 0.000041 0.020732 300.000000 12.396694
1110 0.000049 0.021738 400.000000 12.861736
1110 0.000000 0.027802 500.000000 13.157895
1120 0.000000 0.015399 100.000000 10.309278
1120 0.000000 0.019617 200.000000 11.976048
1120 0.000043 0.020199 300.000000 12.658228
1120 0.000045 0.021091 400.000000 13.114754
1120 0.000000 0.026813 500.000000 13.262600
1130 0.000000 0.011767 100.000000 10.869565
1130 0.000005 0.016668 200.000000 12.345679
1130 0.000041 0.017192 300.000000 12.931034
1130 0.000035 0.018321 400.000000 13.333333
1130 0.000000 0.024008 500.000000 13.262600
1140 0.000000 0.009826 100.000000 11.235955
1140 0.000040 0.015114 200.000000 12.658228
1140 0.000036 0.015354 300.000000 13.157895
1140 0.000032 0.016600 400.000000 13.559322
1140 0.000000 0.021588 500.000000 13.054831
1150 0.000000 0.008482 100.000000 11.627907
1150 0.000000 0.013880 200.000000 12.903226
1150 0.000025 0.013693 300.000000 13.333333
1150 0.000033 0.014404 400.000000 13.698630
1150 0.000000 0.019913 500.000000 12.820513
1160 0.000000 0.008241 100.000000 11.904762
1160 0.000000 0.013269 200.000000 13.157895
1160 0.000029 0.013065 300.000000 13.513514
1160 0.000034 0.014579 400.000000 13.840831
1160 0.000000 0.019344 500.000000 12.690355
1170 0.000000 0.009868 100.000000 12.345679
1170 0.000047 0.013715 200.000000 13.333333
1170 0.000043 0.013774 300.000000 13.698630
1170 0.000042 0.015722 400.000000 13.986014
1170 0.000000 0.019389 500.000000 12.594459
1180 0.000000 0.013925 100.000000 12.658228
1180 0.000035 0.014656 200.000000 13.605442
1180 0.000039 0.014665 300.000000 13.824884
1180 0.000048 0.016500 400.000000 14.084507
1180 0.000000 0.019965 500.000000 12.468828
1190 0.000020 0.015927 100.000000 13.157895
1190 0.000046 0.015488 200.000000 13.793103
1190 0.000049 0.015340 300.000000 14.018692
1190 0.000034 0.021998 400.000000 14.234876
1200 0.000059 0.016115 100.000000 13.513514
1200 0.000045 0.014357 200.000000 13.986014
1200 0.000052 0.014691 300.000000 14.150944
1200 0.000000 0.024157 400.000000 14.285714
1210 0.000056 0.014906 100.000000 13.698630
1210 0.000039 0.012962 200.000000 14.084507
1210 0.000052 0.013679 300.000000 14.218010
1210 0.000000 0.022741 400.000000 14.285714
1220 0.000088 0.015979 100.000000 13.888889
1220 0.000064 0.012297 200.000000 14.184397
1220 0.000050 0.013057 300.000000 14.354067
1220 0.000000 0.021490 400.000000 13.986014
1230 0.000089 0.015648 100.000000 14.084507
1230 0.000057 0.012112 200.000000 14.285714
1230 0.000045 0.012947 300.000000 14.423077
1230 0.000048 0.019779 400.000000 13.333333
1240 0.000018 0.014418 100.000000 14.285714
1240 0.000044 0.011276 200.000000 14.285714
1240 0.000033 0.011690 300.000000 14.492754
1240 0.000000 0.019186 400.000000 12.861736
1250 0.000068 0.013584 100.000000 14.285714
1250 0.000048 0.011513 200.000000 14.388489
1250 0.000040 0.013325 300.000000 14.492754
1250 0.000000 0.019177 400.000000 12.578616
1260 0.000000 0.011105 100.000000 14.285714
1260 0.000036 0.010293 200.000000 14.388489
1260 0.000042 0.011884 300.000000 14.563107
1260 0.000000 0.018683 400.000000 12.232416
1270 0.000000 0.009179 100.000000 14.285714
1270 0.000043 0.008959 200.000000 14.388489
1270 0.000000 0.022387 300.000000 14.492754
1280 0.000000 0.007465 100.000000 14.084507
1280 0.000051 0.008105 200.000000 14.388489
1280 0.000000 0.021465 300.000000 14.423077
1290 0.000041 0.005477 100.000000 14.084507
1290 0.000036 0.006962 200.000000 14.388489
1290 0.000000 0.019361 300.000000 13.953488
1300 0.000000 0.004385 100.000000 14.084507
1300 0.000000 0.006686 200.000000 14.388489
1300 0.000076 0.017549 300.000000 12.931034
1310 0.000028 0.004568 100.000000 14.084507
1310 0.000000 0.007494 200.000000 14.492754
1310 0.000036 0.018586 300.000000 12.345679
1320 0.000000 0.005072 100.000000 14.084507
1320 0.000000 0.008519 200.000000 14.492754
1320 0.000000 0.019224 300.000000 12.000000
1330 0.000038 0.004844 100.000000 14.084507
1330 0.000008 0.007868 200.000000 14.492754
1330 0.000044 0.021042 300.000000 11.538462
1340 0.000084 0.005425 100.000000 14.285714
1340 0.000000 0.028244 200.000000 14.492754
1350 0.000097 0.004594 100.000000 14.285714
1350 0.000000 0.027862 200.000000 14.285714
1360 0.000066 0.005373 100.000000 14.285714
1360 0.000000 0.026185 200.000000 13.605442
1370 0.000000 0.008426 100.000000 14.492754
1370 0.000138 0.024567 200.000000 12.269938
1380 0.000000 0.008194 100.000000 14.492754
1380 0.000081 0.026902 200.000000 11.494253
1390 0.000000 0.008796 100.000000 14.492754
1390 0.000024 0.028052 200.000000 11.049724
1400 0.000000 0.007351 100.000000 14.492754
1400 0.000023 0.030600 200.000000 10.471204
1410 0.000000 0.052543 100.000000 14.492754
1420 0.000000 0.051569 100.000000 13.888889
1430 0.000087 0.047410 100.000000 12.195122
1440 0.000294 0.055287 100.000000 10.101010
1450 0.000267 0.057707 100.000000 9.259259
1460 0.000226 0.061376 100.000000 8.547009
