0 0.000000 0.005390 100.000000 7.633588
0 0.000000 0.006509 200.000000 7.782101
0 0.000000 0.008482 300.000000 7.772021
0 0.000000 0.008134 400.000000 8.146640
0 0.000000 0.009625 500.000000 8.051530
0 0.000024 0.011958 600.000000 7.957560
0 0.000118 0.018219 700.000000 8.505467
0 0.000110 0.012989 800.000000 8.519702
10 0.000000 0.005820 100.000000 8.130081
10 0.000000 0.006731 200.000000 8.000000
10 0.000000 0.009216 300.000000 7.936508
10 0.000000 0.009684 400.000000 8.281573
10 0.000000 0.011417 500.000000 8.064516
10 0.000032 0.013605 600.000000 8.042895
10 0.000123 0.020143 700.000000 8.599508
10 0.000114 0.014558 800.000000 8.592911
20 0.000000 0.005254 100.000000 8.547009
20 0.000000 0.005069 200.000000 8.163265
20 0.000000 0.008182 300.000000 8.064516
20 0.000000 0.009822 400.000000 8.403361
20 0.000000 0.011403 500.000000 7.974482
20 0.000034 0.013467 600.000000 8.130081
20 0.000127 0.020323 700.000000 8.674102
20 0.000117 0.014173 800.000000 8.658009
30 0.000000 0.002272 100.000000 8.928572
30 0.000000 0.002004 200.000000 8.230453
30 0.000000 0.005628 300.000000 8.152174
30 0.000000 0.007563 400.000000 8.474576
30 0.000000 0.008652 500.000000 7.898894
30 0.000025 0.011116 600.000000 8.196721
30 0.000125 0.018108 700.000000 8.739077
30 0.000113 0.011286 800.000000 8.686211
40 0.000000 0.003022 100.000000 9.009009
40 0.000000 0.002690 200.000000 8.230453
40 0.000000 0.005640 300.000000 8.174387
40 0.000000 0.008154 400.000000 8.528785
40 0.000000 0.008970 500.000000 7.861635
40 0.000029 0.011561 600.000000 8.241758
40 0.000126 0.018759 700.000000 8.793970
40 0.000111 0.010688 800.000000 8.629990
50 0.000000 0.004823 100.000000 9.090909
50 0.000000 0.004310 200.000000 8.196721
50 0.000000 0.007468 300.000000 8.196721
50 0.000000 0.009851 400.000000 8.547009
50 0.000020 0.010695 500.000000 7.861635
50 0.000040 0.013181 600.000000 8.287292
50 0.000131 0.020956 700.000000 8.816121
50 0.000113 0.011038 800.000000 8.333333
60 0.000000 0.004766 100.000000 9.090909
60 0.000000 0.003844 200.000000 8.163265
60 0.000000 0.006765 300.000000 8.219178
60 0.000000 0.009141 400.000000 8.547009
60 0.000003 0.010021 500.000000 7.861635
60 0.000042 0.012497 600.000000 8.333333
60 0.000128 0.020529 700.000000 8.805032
60 0.000110 0.009455 800.000000 8.281573
70 0.000000 0.003670 100.000000 9.174312
70 0.000000 0.002445 200.000000 8.163265
70 0.000000 0.005371 300.000000 8.264462
70 0.000000 0.007589 400.000000 8.528785
70 0.000000 0.008606 500.000000 7.886436
70 0.000038 0.011006 600.000000 8.391608
70 0.000109 0.018502 700.000000 8.739077
70 0.000107 0.007415 800.000000 8.281573
80 0.000000 0.003080 100.000000 9.174312
80 0.000000 0.001721 200.000000 8.130081
80 0.000000 0.005100 300.000000 8.287292
80 0.000000 0.006957 400.000000 8.492569
80 0.000000 0.008363 500.000000 7.911392
80 0.000134 0.013440 600.000000 8.438819
80 0.000112 0.016922 700.000000 8.695652
80 0.000105 0.006398 800.000000 8.290155
90 0.000000 0.003171 100.000000 8.928572
90 0.000000 0.001455 200.000000 8.032128
90 0.000000 0.005029 300.000000 8.264462
90 0.000000 0.006974 400.000000 8.438819
90 0.000000 0.008169 500.000000 7.923930
90 0.000136 0.013412 600.000000 8.474576
90 0.000120 0.015388 700.000000 8.663366
90 0.000107 0.006037 800.000000 8.281573
100 0.000000 0.002294 100.000000 8.695652
100 0.000000 0.001691 200.000000 7.936508
100 0.000000 0.005407 300.000000 8.264462
100 0.000000 0.007551 400.000000 8.368201
100 0.000000 0.008862 500.000000 7.923930
100 0.000137 0.014455 600.000000 8.522727
100 0.000128 0.014569 700.000000 8.641975
100 0.000110 0.006329 800.000000 8.273009
110 0.000000 0.004508 100.000000 8.403361
110 0.000000 0.001613 200.000000 7.874016
110 0.000000 0.005419 300.000000 8.264462
110 0.000000 0.007404 400.000000 8.316009
110 0.000000 0.008222 500.000000 7.949126
110 0.000138 0.014190 600.000000 8.559201
110 0.000131 0.012459 700.000000 8.641975
110 0.000111 0.006623 800.000000 8.273009
120 0.000000 0.002260 100.000000 8.064516
120 0.000000 0.003271 200.000000 7.843137
120 0.000000 0.005981 300.000000 8.264462
120 0.000000 0.008127 400.000000 8.264462
120 0.000000 0.009396 500.000000 7.974482
120 0.000141 0.015723 600.000000 8.608321
120 0.000130 0.011595 700.000000 8.641975
120 0.000111 0.006796 800.000000 8.273009
130 0.000000 0.003027 100.000000 7.812500
130 0.000000 0.003607 200.000000 7.782101
130 0.000000 0.005828 300.000000 8.287292
130 0.000000 0.007380 400.000000 8.113590
130 0.000019 0.009207 500.000000 8.000000
130 0.000142 0.015929 600.000000 8.658009
130 0.000129 0.009895 700.000000 8.652658
130 0.000111 0.007410 800.000000 8.255934
140 0.000000 0.003279 100.000000 7.575758
140 0.000000 0.003822 200.000000 7.782101
140 0.000000 0.006995 300.000000 8.310249
140 0.000000 0.007819 400.000000 7.677543
140 0.000015 0.009877 500.000000 8.038586
140 0.000146 0.017370 600.000000 8.695652
140 0.000129 0.009768 700.000000 8.641975
140 0.000115 0.008192 800.000000 8.188332
150 0.000000 0.002483 100.000000 7.462687
150 0.000000 0.004449 200.000000 7.751938
150 0.000000 0.007484 300.000000 8.333333
150 0.000000 0.008082 400.000000 7.604563
150 0.000024 0.010605 500.000000 8.090615
150 0.000149 0.018396 600.000000 8.733624
150 0.000126 0.009019 700.000000 8.536586
150 0.000110 0.008981 800.000000 7.655502
160 0.000000 0.002201 100.000000 7.352941
160 0.000000 0.005216 200.000000 7.782101
160 0.000000 0.007613 300.000000 8.356546
160 0.000000 0.008328 400.000000 7.575758
160 0.000039 0.010783 500.000000 8.130081
160 0.000150 0.018837 600.000000 8.759124
160 0.000127 0.007875 700.000000 8.206330
170 0.000000 0.002804 100.000000 7.299270
170 0.000000 0.005185 200.000000 7.812500
170 0.000000 0.007833 300.000000 8.333333
170 0.000000 0.008512 400.000000 7.590133
170 0.000043 0.010677 500.000000 8.183306
170 0.000140 0.019314 600.000000 8.708273
170 0.000124 0.007197 700.000000 8.158508
180 0.000000 0.003216 100.000000 7.246377
180 0.000000 0.005862 200.000000 7.812500
180 0.000000 0.008064 300.000000 8.264462
180 0.000000 0.009017 400.000000 7.604563
180 0.000119 0.011717 500.000000 8.237232
180 0.000133 0.018873 600.000000 8.633094
180 0.000124 0.006636 700.000000 8.149011
190 0.000000 0.003004 100.000000 7.194244
190 0.000000 0.005644 200.000000 7.874016
190 0.000000 0.007708 300.000000 8.264462
190 0.000000 0.008336 400.000000 7.633588
190 0.000166 0.013435 500.000000 8.305648
190 0.000138 0.017040 600.000000 8.595988
190 0.000124 0.006473 700.000000 8.158508
200 0.000000 0.002126 100.000000 7.194244
200 0.000000 0.006352 200.000000 7.905138
200 0.000000 0.008220 300.000000 8.264462
200 0.000000 0.008984 400.000000 7.677543
200 0.000170 0.014333 500.000000 8.375210
200 0.000146 0.016110 600.000000 8.595988
200 0.000127 0.006437 700.000000 8.177570
210 0.000000 0.003545 100.000000 7.246377
210 0.000000 0.008634 200.000000 8.000000
210 0.000000 0.010801 300.000000 8.241758
210 0.000019 0.011162 400.000000 7.722008
210 0.000174 0.016691 500.000000 8.445946
210 0.000158 0.017139 600.000000 8.608321
210 0.000132 0.007494 700.000000 8.196721
220 0.000000 0.003762 100.000000 7.299270
220 0.000000 0.008711 200.000000 8.064516
220 0.000000 0.010705 300.000000 8.241758
220 0.000026 0.010954 400.000000 7.782101
220 0.000171 0.017052 500.000000 8.517887
220 0.000157 0.015808 600.000000 8.633094
220 0.000131 0.007711 700.000000 8.215962
230 0.000000 0.004685 100.000000 7.352941
230 0.000000 0.008327 200.000000 8.163265
230 0.000000 0.010462 300.000000 8.264462
230 0.000028 0.010627 400.000000 7.827789
230 0.000173 0.017240 500.000000 8.591065
230 0.000158 0.014157 600.000000 8.670520
230 0.000132 0.007869 700.000000 8.244994
240 0.000000 0.005100 100.000000 7.462687
240 0.000000 0.008611 200.000000 8.298756
240 0.000000 0.010523 300.000000 8.287292
240 0.000011 0.010453 400.000000 7.905138
240 0.000174 0.017424 500.000000 8.680555
240 0.000157 0.013160 600.000000 8.720930
240 0.000130 0.008519 700.000000 8.274232
250 0.000000 0.006748 100.000000 7.633588
250 0.000000 0.008806 200.000000 8.438819
250 0.000000 0.010280 300.000000 8.287292
250 0.000035 0.010990 400.000000 7.984032
250 0.000174 0.018133 500.000000 8.771930
250 0.000155 0.012076 600.000000 8.759124
250 0.000131 0.008585 700.000000 8.303678
260 0.000000 0.007176 100.000000 7.751938
260 0.000000 0.007592 200.000000 8.547009
260 0.000000 0.008364 300.000000 8.021390
260 0.000023 0.009633 400.000000 8.064516
260 0.000172 0.017317 500.000000 8.849558
260 0.000151 0.010000 600.000000 8.810573
260 0.000128 0.009020 700.000000 8.313540
270 0.000000 0.007428 100.000000 7.874016
270 0.000000 0.007406 200.000000 8.658009
270 0.000000 0.007273 300.000000 7.692307
270 0.000023 0.008988 400.000000 8.130081
270 0.000172 0.017336 500.000000 8.928572
270 0.000147 0.008794 600.000000 8.823529
270 0.000128 0.009754 700.000000 8.264462
280 0.000000 0.007989 100.000000 7.936508
280 0.000000 0.006610 200.000000 8.771930
280 0.000000 0.006283 300.000000 7.614213
280 0.000020 0.008928 400.000000 8.213552
280 0.000171 0.017117 500.000000 8.992805
280 0.000143 0.007368 600.000000 8.771930
280 0.000121 0.010664 700.000000 7.795100
290 0.000000 0.008556 100.000000 8.064516
290 0.000000 0.007646 200.000000 8.849558
290 0.000000 0.007314 300.000000 7.614213
290 0.000045 0.009620 400.000000 8.298756
290 0.000173 0.018637 500.000000 9.057971
290 0.000142 0.007100 600.000000 8.403361
300 0.000000 0.004807 100.000000 8.196721
300 0.000000 0.005620 200.000000 8.928572
300 0.000000 0.005628 300.000000 7.633588
300 0.000050 0.007765 400.000000 8.368201
300 0.000169 0.017052 500.000000 9.074410
300 0.000138 0.005463 600.000000 8.321775
310 0.000000 0.004847 100.000000 8.333333
310 0.000000 0.005592 200.000000 8.888889
310 0.000000 0.005854 300.000000 7.672634
310 0.000053 0.007866 400.000000 8.456659
310 0.000159 0.017036 500.000000 9.009009
310 0.000138 0.005501 600.000000 8.310249
320 0.000000 0.005143 100.000000 8.474576
320 0.000000 0.005671 200.000000 8.849558
320 0.000000 0.005724 300.000000 7.731959
320 0.000194 0.012243 400.000000 8.547009
320 0.000147 0.016200 500.000000 8.944544
320 0.000135 0.005824 600.000000 8.321775
330 0.000000 0.005792 100.000000 8.620689
330 0.000000 0.005566 200.000000 8.849558
330 0.000000 0.005202 300.000000 7.772021
330 0.000196 0.011856 400.000000 8.620689
330 0.000161 0.014301 500.000000 8.912656
330 0.000134 0.006401 600.000000 8.333333
340 0.000000 0.006811 100.000000 8.695652
340 0.000000 0.006055 200.000000 8.849558
340 0.000000 0.005141 300.000000 7.832898
340 0.000196 0.011962 400.000000 8.714597
340 0.000165 0.013145 500.000000 8.912656
340 0.000137 0.007472 600.000000 8.356546
350 0.000000 0.006889 100.000000 8.849558
350 0.000000 0.006549 200.000000 8.771930
350 0.000000 0.005207 300.000000 7.894737
350 0.000199 0.012747 400.000000 8.810573
350 0.000173 0.012467 500.000000 8.928572
350 0.000140 0.008344 600.000000 8.368201
360 0.000000 0.007835 100.000000 8.928572
360 0.000000 0.007489 200.000000 8.771930
360 0.000000 0.005669 300.000000 7.936508
360 0.000202 0.013661 400.000000 8.888889
360 0.000177 0.011392 500.000000 8.944544
360 0.000143 0.009299 600.000000 8.391608
370 0.000000 0.009781 100.000000 9.090909
370 0.000000 0.009097 200.000000 8.733624
370 0.000029 0.007052 300.000000 8.000000
370 0.000206 0.015318 400.000000 8.988764
370 0.000180 0.010961 500.000000 8.976661
370 0.000145 0.010227 600.000000 8.403361
380 0.000000 0.011325 100.000000 9.259259
380 0.000000 0.009580 200.000000 8.620689
380 0.000040 0.007750 300.000000 8.086253
380 0.000207 0.016758 400.000000 9.070294
380 0.000179 0.010300 500.000000 9.009009
380 0.000146 0.011192 600.000000 8.415147
390 0.000000 0.012369 100.000000 9.433962
390 0.000000 0.008273 200.000000 7.843137
390 0.000041 0.006987 300.000000 8.152174
390 0.000209 0.016639 400.000000 9.174312
390 0.000177 0.008598 500.000000 9.025270
390 0.000145 0.012287 600.000000 8.379889
400 0.000000 0.013654 100.000000 9.615385
400 0.000000 0.007863 200.000000 7.462687
400 0.000041 0.006932 300.000000 8.241758
400 0.000212 0.017330 400.000000 9.237875
400 0.000176 0.008094 500.000000 9.009009
400 0.000147 0.013721 600.000000 8.230453
410 0.000000 0.015295 100.000000 9.708738
410 0.000033 0.009378 200.000000 7.380074
410 0.000058 0.006879 300.000000 8.310249
410 0.000212 0.018201 400.000000 9.302325
410 0.000168 0.007317 500.000000 8.635578
420 0.000000 0.011204 100.000000 9.615385
420 0.000043 0.007459 200.000000 7.352941
420 0.000075 0.006339 300.000000 8.379889
420 0.000213 0.018963 400.000000 9.302325
420 0.000167 0.007045 500.000000 8.319468
430 0.000000 0.009120 100.000000 9.345795
430 0.000051 0.006010 200.000000 7.352941
430 0.000079 0.005899 300.000000 8.474576
430 0.000190 0.018888 400.000000 9.132421
430 0.000165 0.008154 500.000000 8.278146
440 0.000000 0.010044 100.000000 9.090909
440 0.000055 0.006648 200.000000 7.380074
440 0.000263 0.013318 300.000000 8.547009
440 0.000193 0.018869 400.000000 9.009009
440 0.000165 0.009400 500.000000 8.264462
450 0.000000 0.009429 100.000000 8.928572
450 0.000055 0.005810 200.000000 7.407407
450 0.000267 0.014050 300.000000 8.645534
450 0.000210 0.017563 400.000000 8.948545
450 0.000168 0.010152 500.000000 8.264462
460 0.000000 0.009105 100.000000 8.695652
460 0.000075 0.005220 200.000000 7.434944
460 0.000269 0.014384 300.000000 8.746356
460 0.000220 0.015699 400.000000 8.928572
460 0.000171 0.011192 500.000000 8.264462
470 0.000000 0.008738 100.000000 8.474576
470 0.000088 0.004084 200.000000 7.462687
470 0.000266 0.014833 300.000000 8.823529
470 0.000220 0.013160 400.000000 8.928572
470 0.000170 0.012413 500.000000 8.264462
480 0.000000 0.008280 100.000000 8.196721
480 0.000071 0.003451 200.000000 7.518797
480 0.000265 0.015142 300.000000 8.928572
480 0.000218 0.010764 400.000000 8.928572
480 0.000168 0.013822 500.000000 8.250825
490 0.000020 0.005721 100.000000 7.575758
490 0.000091 0.003173 200.000000 7.575758
490 0.000265 0.016297 300.000000 9.009009
490 0.000215 0.008784 400.000000 8.908686
490 0.000167 0.015089 500.000000 8.223684
500 0.000148 0.004243 100.000000 6.172840
500 0.000096 0.002162 200.000000 7.633588
500 0.000271 0.016510 300.000000 9.090909
500 0.000213 0.008041 400.000000 8.869180
500 0.000170 0.017007 500.000000 8.077544
510 0.000155 0.005465 100.000000 5.917160
510 0.000108 0.002671 200.000000 7.692307
510 0.000274 0.017764 300.000000 9.146341
510 0.000204 0.007694 400.000000 8.547009
520 0.000162 0.005765 100.000000 5.882353
520 0.000116 0.002690 200.000000 7.812500
520 0.000275 0.019607 300.000000 9.146341
520 0.000203 0.008182 400.000000 8.032128
530 0.000160 0.005850 100.000000 5.952381
530 0.000124 0.003813 200.000000 7.968128
530 0.000266 0.021134 300.000000 9.090909
530 0.000203 0.009021 400.000000 8.016032
540 0.000156 0.007045 100.000000 6.060606
540 0.000121 0.003337 200.000000 8.130081
540 0.000233 0.019405 300.000000 8.982036
540 0.000200 0.009763 400.000000 8.032128
550 0.000127 0.008308 100.000000 6.134969
550 0.000366 0.016155 200.000000 8.298756
550 0.000244 0.015262 300.000000 8.928572
550 0.000191 0.010197 400.000000 8.064516
560 0.000122 0.008604 100.000000 6.250000
560 0.000362 0.014977 200.000000 8.438819
560 0.000250 0.012638 300.000000 8.928572
560 0.000188 0.011857 400.000000 8.080808
570 0.000154 0.007749 100.000000 6.410256
570 0.000367 0.014594 200.000000 8.658009
570 0.000270 0.012788 300.000000 8.955224
570 0.000194 0.013042 400.000000 8.130081
580 0.000126 0.010227 100.000000 6.535948
580 0.000359 0.014106 200.000000 8.849558
580 0.000262 0.008952 300.000000 9.009009
580 0.000189 0.014412 400.000000 8.163265
590 0.000124 0.011076 100.000000 6.666667
590 0.000360 0.014146 200.000000 9.049774
590 0.000265 0.006851 300.000000 9.063444
590 0.000189 0.015819 400.000000 8.196721
600 0.000103 0.010294 100.000000 6.849315
600 0.000359 0.013690 200.000000 9.259259
600 0.000264 0.006902 300.000000 9.146341
600 0.000187 0.017441 400.000000 8.230453
610 0.000125 0.009242 100.000000 7.092198
610 0.000359 0.014284 200.000000 9.523809
610 0.000261 0.006859 300.000000 9.259259
610 0.000189 0.018508 400.000000 8.281573
620 0.000110 0.007628 100.000000 7.462687
620 0.000358 0.016335 200.000000 9.852217
620 0.000262 0.007648 300.000000 9.404388
620 0.000188 0.018949 400.000000 8.368201
630 0.000020 0.007066 100.000000 7.936508
630 0.000367 0.016341 200.000000 10.256411
630 0.000264 0.007954 300.000000 9.646302
630 0.000190 0.019743 400.000000 8.474576
640 0.000070 0.007056 100.000000 8.547009
640 0.000365 0.016458 200.000000 10.752688
640 0.000260 0.007879 300.000000 9.900990
640 0.000188 0.019864 400.000000 8.620689
650 0.000036 0.008810 100.000000 9.174312
650 0.000354 0.014883 200.000000 11.299435
650 0.000251 0.007647 300.000000 10.135135
650 0.000182 0.020016 400.000000 8.714597
660 0.000027 0.008106 100.000000 9.803922
660 0.000350 0.015236 200.000000 11.764706
660 0.000247 0.007796 300.000000 10.309278
660 0.000182 0.020270 400.000000 8.733624
670 0.000038 0.005156 100.000000 10.416667
670 0.000351 0.017251 200.000000 12.195122
670 0.000244 0.008734 300.000000 10.380623
670 0.000179 0.020899 400.000000 8.474576
680 0.000050 0.006492 100.000000 10.989011
680 0.000347 0.017107 200.000000 12.500000
680 0.000229 0.008687 300.000000 9.646302
690 0.000094 0.006653 100.000000 11.494253
690 0.000339 0.018007 200.000000 12.578616
690 0.000226 0.009342 300.000000 9.090909
700 0.000106 0.006191 100.000000 11.904762
700 0.000301 0.018868 200.000000 12.048193
700 0.000222 0.011198 300.000000 9.009009
710 0.000645 0.027365 100.000000 12.345679
710 0.000316 0.019612 200.000000 11.428572
710 0.000224 0.013665 300.000000 8.955224
720 0.000656 0.026700 100.000000 12.820513
720 0.000355 0.019050 200.000000 11.173184
720 0.000228 0.015675 300.000000 8.902077
730 0.000638 0.027773 100.000000 13.333333
730 0.000359 0.015059 200.000000 11.049724
730 0.000222 0.016753 300.000000 8.875740
740 0.000635 0.029075 100.000000 13.698630
740 0.000360 0.012513 200.000000 10.928962
740 0.000224 0.018741 300.000000 8.823529
750 0.000635 0.030387 100.000000 14.084507
750 0.000355 0.012050 200.000000 10.810811
750 0.000222 0.021290 300.000000 8.746356
760 0.000655 0.034104 100.000000 14.285714
760 0.000346 0.011902 200.000000 10.526316
760 0.000226 0.023543 300.000000 8.426967
770 0.000644 0.038572 100.000000 14.084507
770 0.000321 0.011523 200.000000 8.928572
780 0.000569 0.041530 100.000000 12.500000
780 0.000297 0.012259 200.000000 8.032128
790 0.000000 0.007217 100.000000 10.309278
790 0.000000 0.009699 200.000000 7.782101
800 0.000080 0.008702 100.000000 9.523809
800 0.000000 0.011282 200.000000 7.633588
810 0.000075 0.008936 100.000000 9.009009
810 0.000000 0.012752 200.000000 7.462687
820 0.000066 0.009939 100.000000 8.620689
820 0.000000 0.013935 200.000000 7.272727
830 0.000000 0.012237 100.000000 8.130081
830 0.000000 0.014498 200.000000 6.825939
840 0.000000 0.013547 100.000000 6.211180
850 0.000000 0.017811 100.000000 5.813953
860 0.000000 0.018484 100.000000 5.882353
870 0.000000 0.016757 100.000000 6.024096
880 0.000000 0.013296 100.000000 6.134969
890 0.000000 0.008817 100.000000 6.211180
900 0.000000 0.007350 100.000000 6.289308
910 0.000000 0.007342 100.000000 6.329114
920 0.000000 0.008115 100.000000 6.329114
930 0.000000 0.007695 100.000000 6.289308
940 0.000000 0.007345 100.000000 6.172840
950 0.000000 0.004591 100.000000 5.882353
960 0.000000 0.002312 100.000000 5.128205
970 0.000000 0.001785 100.000000 4.405286
