-0.000000 -0.000000 0.000000 0.000000
-0.132183 2.483486 -0.030569 2.079183
-0.264349 4.966907 -0.093730 4.310990
-0.396497 7.450261 -0.188732 6.681615
-0.528626 9.933549 -0.310228 9.139529
-0.659719 12.413940 -0.446549 11.663509
-0.808486 15.015410 -0.617392 14.256546
-0.961204 17.701030 -0.797873 16.929041
-1.117212 20.434830 -0.984819 19.651162
-1.275656 23.218630 -1.188426 22.453710
-1.423378 26.043680 -1.378378 25.278764
-1.565363 28.913640 -1.560914 28.135177
-1.696464 31.838620 -1.729789 31.066228
-1.852045 34.801250 -1.926513 34.011258
-2.050164 38.031110 -2.150554 36.988429
-2.248365 41.109740 -2.385110 39.982642
-2.449406 44.138220 -2.619552 42.948585
-2.637724 47.122840 -2.846083 45.911873
-2.841862 50.057390 -3.093183 48.825497
-3.029426 52.975240 -3.325195 51.738056
-3.205683 55.853170 -3.551843 54.602644
-3.401155 58.717230 -3.787322 57.444308
-3.588458 61.489530 -4.037704 60.207114
-3.793637 64.175400 -4.302713 62.898770
-3.997496 66.816160 -4.556347 65.452513
-4.192263 69.258350 -4.805050 67.889404
-4.390089 71.572100 -5.064017 70.200356
-4.581080 73.702230 -5.304406 72.332588
-4.760058 75.658340 -5.537238 74.298689
-4.904260 77.441020 -5.729493 76.093727
-5.022651 79.101890 -5.890735 77.769929
-5.095907 80.638950 -5.991909 79.318581
-5.064517 82.100060 -5.972846 80.769174
-4.883784 83.421560 -5.803313 82.123369
-4.533915 84.645550 -5.472616 83.384985
-3.985499 85.715280 -4.955183 84.492987
-3.252642 86.601770 -4.244871 85.426122
-2.371590 87.322880 -3.374007 86.193850
-1.344753 87.872200 -2.388405 86.764232
-0.284865 88.268190 -1.346676 87.182393
0.839962 88.539970 -0.241212 87.464080
1.995589 88.789300 0.907872 87.722233
3.251517 88.928660 2.153365 87.873159
4.635560 89.062820 3.515858 88.019681
6.130289 89.125240 5.007832 88.108085
7.765796 89.173340 6.645919 88.185876
9.565266 89.207100 8.449895 88.248944
11.525000 89.218100 10.414133 88.304324
13.634520 89.232000 12.537031 88.373892
15.894540 89.294420 14.800555 88.488363
18.345950 89.419200 17.182103 88.650866
20.762850 89.568640 19.600997 88.845421
23.206950 89.709640 22.055077 89.032452
25.644040 89.843280 24.507335 89.226095
28.066550 89.973640 26.945564 89.409746
30.487510 90.059710 29.378982 89.546779
32.878030 90.066120 31.790099 89.605914
35.239770 89.995050 34.161902 89.587305
37.553120 89.850310 36.481624 89.492267
39.870250 89.630560 38.741300 89.329777
42.041240 89.361990 40.932466 89.114369
44.130300 89.084140 43.037906 88.888118
46.085540 88.826820 45.001007 88.679425
47.883260 88.640060 46.798440 88.535236
49.519040 88.566240 48.434264 88.494885
51.088730 88.634130 50.010872 88.593931
52.613000 88.890890 51.532390 88.870224
54.035540 89.380280 52.951246 89.375766
55.278520 90.090550 54.202516 90.114424
56.303430 91.043980 55.232451 91.098205
57.112910 92.180140 56.035249 92.271004
57.687850 93.470850 56.583687 93.577553
58.091580 94.899280 56.932141 94.943841
58.440040 96.324230 57.244935 96.383253
58.752090 97.832900 57.500665 97.902602
59.102050 99.419120 57.795745 99.500490
59.504900 101.097600 58.142569 101.189275
59.975620 102.955100 58.538399 103.013935
60.486640 104.839700 58.987219 104.918064
60.998410 106.807300 59.434152 106.914224
61.535600 108.914400 59.902242 109.042510
62.056240 111.099000 60.350937 111.254977
62.601440 113.388000 60.820380 113.571916
63.158780 115.785800 61.296554 115.976837
63.699220 118.240000 61.748826 118.424503
64.244990 120.736100 62.207809 120.932165
64.864780 123.342600 62.728743 123.453861
65.472170 125.880300 63.266680 125.972333
66.076990 128.389000 63.780161 128.463982
66.724260 130.823300 64.317405 130.913537
67.350340 133.298000 64.830915 133.407030
67.964660 135.685300 65.323215 135.840776
68.529550 138.083100 65.792894 138.277351
69.050230 140.472100 66.216556 140.700383
69.580970 142.847900 66.652919 143.102816
70.068730 145.220000 67.062192 145.483145
70.496270 147.697400 67.404733 147.885385
70.874730 150.063200 67.713075 150.245284
71.195070 152.489000 67.953079 152.685324
71.480780 154.913500 68.147499 155.136420
71.677560 157.381500 68.267748 157.614987
71.841670 159.833800 68.351518 160.081391
71.958380 162.295700 68.400179 162.544016
72.066940 164.784500 68.438857 165.020197
72.161030 167.236300 68.457003 167.477988
72.207340 169.738500 68.422078 169.985714
72.211370 172.319300 68.349145 172.465815
72.150030 174.854300 68.208797 174.972910
72.032680 177.380200 68.015443 177.493102
71.906700 179.912800 67.809386 180.022498
71.777240 182.482700 67.596342 182.588627
71.675220 185.017700 67.409025 185.125196
71.518670 187.578800 67.165740 187.673004
71.369540 190.083500 66.920602 190.189462
71.206130 192.589800 66.666789 192.689557
71.028510 195.128600 66.420492 195.126034
70.888420 197.334500 66.177656 197.521787
70.765300 199.467700 65.946213 199.788774
70.642140 201.600700 65.744780 201.874783
70.518920 203.733700 65.561682 203.895358
70.395660 205.866600 65.419539 205.871470
70.302460 207.849900 65.321622 207.810404
70.326640 209.774600 65.290706 209.752613
70.347680 211.686400 65.244642 211.680121
70.342040 213.703700 65.187122 213.628730
70.340280 215.662400 65.132938 215.573256
70.302390 217.710300 65.042216 217.607472
70.267410 219.750500 64.948740 219.647818
70.308640 221.729900 64.860990 221.717754
70.320190 223.771000 64.758276 223.823745
70.323460 225.808900 64.656352 225.914643
70.293790 227.857300 64.532015 227.996395
70.254970 229.850600 64.409706 230.013159
70.209050 231.865200 64.283375 231.981559
70.162300 233.690900 64.156812 233.814745
70.108530 235.335200 64.030582 235.466512
69.958160 236.873000 63.815233 236.979417
69.672010 238.354200 63.487190 238.392792
69.204750 239.710700 62.992314 239.664045
68.525950 240.912000 62.307723 240.779211
67.679490 241.924100 61.463593 241.736823
66.696820 242.769400 60.457091 242.561568
65.628060 243.413100 59.351535 243.180180
64.511330 243.892900 58.189811 243.618943
63.245560 244.192200 56.875601 243.861162
61.846000 244.350100 55.434515 243.953364
60.296870 244.388500 53.911996 243.913525
58.693010 244.338800 52.304724 243.771888
56.964900 244.263300 50.567371 243.603391
55.075370 244.186100 48.661279 243.420255
53.042220 244.052200 46.562330 243.238009
50.780220 243.835600 44.274561 243.039957
48.395140 243.684200 41.793641 242.849286
45.860310 243.554000 39.175898 242.653239
43.274600 243.426300 36.505265 242.452804
40.681730 243.301500 33.852280 242.246591
38.073270 243.187100 31.199122 242.014086
35.472570 243.098700 28.580602 241.750435
32.857640 242.961800 25.990105 241.464278
30.248770 242.824700 23.431259 241.185966
27.666470 242.738400 20.896352 240.942438
25.052810 242.655700 18.402140 240.728279
22.548700 242.575700 15.936291 240.511949
20.082620 242.467800 13.489169 240.270746
17.665060 242.342300 11.085372 240.011350
15.264210 242.178400 8.711580 239.718663
12.911230 241.954800 6.369641 239.395557
10.634850 241.721500 4.092697 239.061263
8.460637 241.504300 1.927809 238.746719
6.420873 241.315400 -0.111794 238.466106
4.448317 241.155700 -2.025310 238.224452
2.666918 241.035100 -3.815814 238.024526
1.031764 240.936600 -5.470031 237.855521
-0.451353 240.878600 -6.967592 237.737326
-1.789223 240.841200 -8.315690 237.650596
-2.973011 240.841500 -9.508595 237.594457
-3.998373 240.869400 -10.540773 237.560528
-4.830280 240.897900 -11.373489 237.546279
-5.423085 240.934500 -11.964808 237.551998
-5.785767 240.959900 -12.324742 237.552391
-5.989711 240.978400 -12.516586 237.552189
-6.081412 240.982200 -12.605787 237.550953
-6.081564 240.981000 -12.602962 237.550176
-6.079981 240.987500 -12.601712 237.549968
-6.080587 241.007700 -12.609116 237.549955
-6.120649 241.023000 -12.650436 237.549633
-6.199727 241.032700 -12.729874 237.549910
-6.380306 241.041100 -12.911069 237.549438
-6.733995 241.066700 -13.267965 237.562234
-7.258141 241.122100 -13.795664 237.599025
-7.943195 241.237300 -14.457901 237.682748
-8.698353 241.425700 -15.216795 237.840040
-9.507617 241.743500 -16.027842 238.115933
-10.366340 242.193700 -16.893218 238.517733
-11.200430 242.819700 -17.753204 239.109589
-11.947250 243.634000 -18.555695 239.916410
-12.596680 244.665300 -19.287923 240.964662
-13.094990 245.937900 -19.864621 242.266743
-13.462250 247.447100 -20.286875 243.744311
-13.686760 249.121700 -20.579813 245.423196
-13.802140 250.967100 -20.780764 247.256855
-13.887340 252.967600 -20.950922 249.240637
-13.948340 255.103900 -21.101488 251.365933
-14.015810 257.392900 -21.259442 253.633773
-14.084080 259.813700 -21.430677 256.020431
-14.170500 262.349500 -21.631445 258.519777
-14.257760 265.025900 -21.839887 261.173837
-14.340490 267.778700 -22.047228 263.912748
-14.454470 270.647800 -22.290877 266.769554
-14.565470 273.637700 -22.546666 269.736476
-14.656920 276.668200 -22.796718 272.763561
-14.761380 279.877600 -23.063572 275.863502
-14.878790 283.021100 -23.346021 279.003005
-15.013480 286.185300 -23.654933 282.169757
-15.157960 289.368500 -23.989382 285.336431
-15.303430 292.505100 -24.325714 288.469976
-15.447640 295.606500 -24.653573 291.558333
-15.604440 298.690800 -24.984332 294.630204
-15.772280 301.761600 -25.309305 297.692936
-15.937510 304.818300 -25.627416 300.743659
-16.102810 307.873100 -25.957407 303.776596
-16.252190 311.043600 -26.273000 306.816635
-16.377560 314.138500 -26.592739 309.889951
-16.505770 317.272800 -26.906770 313.010739
-16.647150 320.449100 -27.224953 316.186792
-16.805480 323.673600 -27.542122 319.404800
-16.972920 326.907700 -27.867125 322.628292
-17.127770 330.116400 -28.175579 325.816054
-17.284330 333.315000 -28.485694 328.995181
-17.463050 336.499100 -28.793038 332.152320
-17.627220 339.629700 -29.106975 335.241798
-17.794670 342.776600 -29.423508 338.279385
-17.947850 345.744700 -29.735615 341.224395
-18.122980 348.624200 -30.055992 344.072859
-18.303500 351.397700 -30.374152 346.806994
-18.467930 354.035500 -30.678241 349.434157
-18.602460 356.521700 -30.952305 351.921381
-18.694980 358.821700 -31.190370 354.221179
-18.781470 360.906000 -31.406654 356.315632
-18.858360 362.778100 -31.594094 358.206056
-18.924050 364.468200 -31.765547 359.921108
-19.019160 365.985100 -31.949492 361.422750
-19.183120 367.321700 -32.193581 362.774341
-19.457640 368.612100 -32.554448 364.054895
-19.879150 369.837600 -33.056874 365.227092
-20.460280 370.962100 -33.653124 366.239618
-21.233760 371.984800 -34.404948 367.152131
-22.204290 372.950400 -35.353506 368.026885
-23.392680 373.764500 -36.563843 368.782547
-24.768810 374.333100 -38.009107 369.285634
-26.299990 374.654000 -39.611095 369.519161
-27.982510 374.639900 -41.317865 369.400609
-29.759700 374.490600 -43.108960 369.130780
-31.650450 374.275000 -44.934811 368.802362
-33.583330 374.083900 -46.853765 368.489614
-35.639080 373.880700 -48.892850 368.158682
-37.797110 373.661500 -51.036587 367.809278
-40.100400 373.467100 -53.332536 367.475454
-42.542130 373.296800 -55.773884 367.154338
-45.226390 373.149900 -58.365845 366.844348
-47.906390 373.033600 -61.045667 366.544361
-50.630410 372.924300 -63.776183 366.246001
-53.389300 372.808700 -66.548075 365.943835
-56.129140 372.677900 -69.290973 365.620984
-58.852920 372.549200 -72.020990 365.293270
-61.571620 372.401100 -74.724230 364.942796
-64.262250 372.208200 -77.415156 364.549653
-66.935360 372.014800 -80.079148 364.158950
-69.603040 371.825400 -82.722238 363.761929
-72.338830 371.644200 -85.363870 363.387719
-74.979920 371.506500 -88.014629 363.059508
-77.591990 371.411800 -90.647693 362.781541
-80.186230 371.346800 -93.259206 362.539232
-82.772930 371.326800 -95.855258 362.335992
-85.295470 371.345200 -98.390699 362.173394
-87.662560 371.372600 -100.754266 362.032977
-89.841260 371.396800 -102.946035 361.907111
-91.813520 371.391500 -104.920181 361.764925
-93.612630 371.347300 -106.729859 361.594697
-95.437120 371.258000 -108.501758 361.377532
-97.169340 371.134500 -110.237084 361.113761
-98.900020 370.985200 -111.963905 360.819534
-100.677400 370.805900 -113.737783 360.499851
-102.509000 370.588800 -115.558734 360.138627
-104.416300 370.375200 -117.464357 359.772958
-106.445300 370.135800 -119.495441 359.380740
-108.583500 369.888100 -121.628614 358.981413
-110.840200 369.663600 -123.917273 358.586869
-113.348900 369.458200 -126.310669 358.209384
-115.872800 369.262900 -128.827549 357.818707
-118.561600 369.081900 -131.517398 357.428903
-121.345600 368.996600 -134.309582 357.130076
-124.261500 368.939300 -137.263410 356.874070
-127.204000 368.914400 -140.212356 356.637625
-130.184500 368.888000 -143.200145 356.396392
-133.163600 368.851600 -146.187128 356.133250
-136.122500 368.822000 -149.145814 355.862293
-139.062200 368.736200 -152.079722 355.539189
-142.051200 368.620400 -154.980095 355.192975
-144.952200 368.515400 -157.872089 354.847930
-147.815300 368.372700 -160.726911 354.465020
-150.664600 368.206900 -163.581878 354.066935
-153.499800 368.034300 -166.391531 353.661145
-156.295300 367.842800 -169.170229 353.242930
-159.054800 367.666100 -171.939479 352.839910
-161.795000 367.510200 -174.681391 352.463360
-164.461500 367.367400 -177.327104 352.100023
-167.017800 367.221900 -179.866417 351.753066
-169.488200 367.095100 -182.252714 351.451159
-171.719100 366.989000 -184.469202 351.173933
-173.737300 366.873000 -186.495716 350.893378
-175.589400 366.733600 -188.348921 350.600641
-177.322100 366.585200 -190.092514 350.303980
-178.949000 366.381500 -191.712236 349.954998
-180.505700 366.021100 -193.240076 349.462965
-181.971600 365.465700 -194.651044 348.795464
-183.295200 364.688200 -195.869313 347.947983
-184.430000 363.666200 -196.906592 346.865321
-185.359900 362.407500 -197.726603 345.539383
-186.033500 360.925600 -198.277956 343.988632
-186.463500 359.270900 -198.580770 342.276789
-186.636400 357.427600 -198.590741 340.467078
-186.688600 355.533300 -198.478827 338.565498
-186.682200 353.573700 -198.304238 336.596991
-186.566500 351.495800 -198.010082 334.511612
-186.397000 349.310200 -197.655653 332.327874
-186.197300 347.004700 -197.257214 330.015224
-185.934700 344.496900 -196.791910 327.602529
-185.635800 341.988700 -196.280919 325.091609
-185.338800 339.352700 -195.758760 322.468223
-185.066300 336.631200 -195.231152 319.748811
-184.812400 333.858100 -194.722912 316.968972
-184.570400 331.075400 -194.230928 314.185493
-184.346900 328.298500 -193.754668 311.412875
-184.152500 325.501600 -193.305710 308.639315
-183.948300 322.698800 -192.847327 305.879025
-183.753000 319.860900 -192.400081 303.055880
-183.611600 316.916500 -192.006120 300.203357
-183.471100 314.039200 -191.600648 297.335683
-183.304300 311.207400 -191.175842 294.535287
-183.149000 308.372700 -190.756838 291.719319
-183.009800 305.564200 -190.348949 288.947095
-182.898700 302.774700 -189.968782 286.175472
-182.821100 299.997200 -189.606264 283.380600
-182.742500 297.242400 -189.238890 280.586358
-182.659400 294.486600 -188.862918 277.819888
-182.495800 291.630600 -188.416087 275.045121
-182.340300 288.831400 -187.966015 272.221865
-182.191200 286.009600 -187.517914 269.417449
-182.024100 283.138900 -187.047619 266.552513
-181.887200 280.256100 -186.609196 263.664631
-181.741300 277.329500 -186.182144 260.725617
-181.597400 274.409400 -185.758287 257.821294
-181.424100 271.476500 -185.296057 254.882788
-181.244000 268.565500 -184.817638 251.962757
-181.028600 265.503600 -184.309828 249.009458
-180.829200 262.567500 -183.790558 246.056991
-180.623100 259.583900 -183.271143 243.071771
-180.389100 256.576800 -182.723836 240.078623
-180.184700 253.619500 -182.209735 237.132510
-180.000900 250.674500 -181.715584 234.196102
-179.824000 247.757000 -181.225188 231.291181
-179.662900 244.889200 -180.756407 228.431180
-179.531500 242.092000 -180.323725 225.649462
-179.410800 239.426900 -179.918289 222.971561
-179.249100 236.801900 -179.494122 220.408421
-179.136400 234.342200 -179.115628 217.937844
-179.079600 232.033100 -178.803104 215.609721
-179.041400 229.899300 -178.532406 213.468344
-179.032300 227.955600 -178.307103 211.517869
-179.015100 226.202800 -178.089788 209.759092
-178.948700 224.650300 -177.842618 208.209050
-178.825500 223.282700 -177.557039 206.850488
-178.559600 221.983100 -177.133869 205.579352
-178.109400 220.777400 -176.534288 204.430100
-177.469700 219.669100 -175.767903 203.399007
-176.665600 218.622300 -174.816904 202.402866
-175.629000 217.657300 -173.648450 201.483006
-174.328000 216.844400 -172.239037 200.744981
-172.698400 216.179500 -170.628537 200.218616
-170.902300 215.739700 -168.863178 199.992954
-168.913200 215.493100 -166.932822 199.991329
-166.834200 215.392300 -164.927225 200.145074
-164.670700 215.317400 -162.797158 200.355019
-162.453700 215.277600 -160.608638 200.590440
-160.132100 215.249500 -158.322941 200.861340
-157.630500 215.222800 -155.944821 201.154424
-155.144700 215.202200 -153.506343 201.475752
-152.582700 215.250700 -150.984607 201.835449
-149.916300 215.274500 -148.368169 202.203001
-147.241700 215.371300 -145.712399 202.586877
-144.539000 215.462300 -143.052609 203.026485
-141.836700 215.602900 -140.399974 203.511386
-139.155800 215.788600 -137.769749 204.046067
-136.477000 216.027300 -135.148570 204.607640
-133.738000 216.262500 -132.555342 205.161350
-131.149900 216.498400 -130.007973 205.704541
-128.642800 216.708900 -127.536038 206.199810
-126.245000 216.877900 -125.178865 206.662276
-124.026000 217.013200 -122.976269 207.058453
-122.002100 217.098900 -120.954342 207.372889
-120.144800 217.143500 -119.090674 207.622891
-118.340900 217.172100 -117.278060 207.844149
-116.542400 217.168700 -115.478751 208.037990
-114.765500 217.183700 -113.709190 208.239465
-112.971100 217.204600 -111.964679 208.446003
-111.267700 217.293400 -110.263986 208.715877
-109.583100 217.545700 -108.603605 209.119059
-107.950600 217.971600 -107.009645 209.671963
-106.412500 218.614800 -105.521836 210.437007
-105.013800 219.460900 -104.212765 211.396331
-103.781200 220.496100 -103.109217 212.544575
-102.702200 221.703900 -102.220013 213.832309
-101.844400 223.043700 -101.551871 215.244169
-101.206400 224.483600 -101.094425 216.688170
-100.777700 226.013700 -100.849722 218.202125
-100.484500 227.643800 -100.742509 219.746566
-100.184800 229.165300 -100.617834 221.279952
-99.905040 230.672300 -100.487378 222.785431
-99.536980 232.105500 -100.264030 224.244917
-99.078850 233.450900 -99.923654 225.596258
-98.421200 234.545200 -99.389274 226.706901
-97.731200 235.462900 -98.780807 227.709526
-96.820590 236.112600 -97.932758 228.504435
-95.902120 236.569600 -97.016723 229.132827
-94.933010 236.994900 -96.035726 229.654845
-93.838410 237.310600 -94.901098 230.071711
-92.613040 237.535400 -93.655266 230.422867
-91.258280 237.738100 -92.284375 230.775050
-89.741600 237.882700 -90.751324 231.089727
-88.000560 238.028500 -89.058661 231.419237
-86.101910 238.173200 -87.223833 231.789841
-84.064540 238.280800 -85.254160 232.173922
-81.879190 238.373700 -83.141136 232.572810
-79.572100 238.495300 -80.901034 232.977872
-77.180510 238.630400 -78.572101 233.375466
-74.735340 238.766200 -76.170360 233.767167
-72.230450 238.925500 -73.708264 234.168382
-69.657390 239.054300 -71.178023 234.566344
-67.024470 239.153000 -68.580351 234.973316
-64.349060 239.257400 -65.984268 235.413256
-61.604070 239.408900 -63.397009 235.879732
-58.926250 239.548900 -60.823172 236.356035
-56.328030 239.701000 -58.300445 236.828372
-53.785180 239.855600 -55.801732 237.294799
-51.267330 240.011200 -53.319722 237.768402
-48.775300 240.144700 -50.877195 238.230787
-46.320050 240.289200 -48.485679 238.708688
-43.902400 240.458800 -46.122182 239.182857
-41.546610 240.657100 -43.809354 239.659989
-39.252740 240.884200 -41.615886 240.130180
-37.163760 241.107200 -39.546558 240.586772
-35.105410 241.307600 -37.513736 241.030760
-33.080510 241.499700 -35.513962 241.444707
-31.163700 241.682200 -33.612697 241.825483
-29.401200 241.842300 -31.859623 242.162520
-27.812880 241.960100 -30.281687 242.442835
-26.391490 242.018800 -28.860600 242.651734
-25.108060 242.021600 -27.577659 242.795971
-23.969020 241.984700 -26.435717 242.889191
-22.947200 241.866500 -25.443969 242.910866
-22.112720 241.730500 -24.600351 242.893610
-21.476270 241.612300 -23.951717 242.860111
-20.991920 241.479200 -23.447107 242.788476
-20.511840 241.332800 -22.950134 242.687914
-20.048630 241.182300 -22.460238 242.579072
-19.579390 240.994000 -21.960374 242.449437
-18.975670 240.689800 -21.322107 242.224582
-18.253000 240.211600 -20.573851 241.852820
-17.448050 239.539600 -19.725718 241.314207
-16.683990 238.667500 -18.857240 240.534543
-16.012170 237.576900 -18.058621 239.503289
-15.464390 236.265200 -17.365094 238.229968
-15.080220 234.698900 -16.818680 236.708912
-14.812240 232.903500 -16.357208 234.949298
-14.639620 230.898400 -15.958687 232.987138
-14.536580 228.707700 -15.605654 230.822299
-14.495050 226.329200 -15.275687 228.462057
-14.469950 223.777900 -14.930579 225.937615
-14.444150 221.061300 -14.553640 223.257734
-14.398420 218.191800 -14.143377 220.411465
-14.324350 215.178400 -13.690496 217.433673
-14.187660 211.943200 -13.167396 214.347098
-14.036390 208.694200 -12.605299 211.156585
-13.867190 205.370500 -12.009089 207.876545
-13.655150 201.990600 -11.368648 204.539562
-13.437340 198.566700 -10.722029 201.168868
-13.218440 195.101200 -10.063003 197.746409
-12.984760 191.597800 -9.387387 194.293213
-12.766770 188.053100 -8.719525 190.791032
-12.574770 184.449500 -8.061980 187.213032
-12.400800 180.798300 -7.407361 183.584665
-12.239400 177.089800 -6.762971 179.886933
-12.073090 173.198300 -6.103021 176.144881
-11.912940 169.389500 -5.440328 172.364796
-11.761870 165.530300 -4.779334 168.530646
-11.590750 161.646300 -4.104100 164.704149
-11.410450 157.742100 -3.411556 160.846281
-11.227760 153.818300 -2.708875 156.982765
-11.048440 149.860100 -1.992184 153.128448
-10.830960 145.929000 -1.268555 149.317322
-10.594870 142.004600 -0.538395 145.516097
-10.356250 138.089900 0.199948 141.721405
-10.125170 134.221500 0.942377 137.966512
-9.914002 130.256700 1.686049 134.253560
-9.710743 126.509000 2.424384 130.590611
-9.498424 122.892200 3.142839 127.042011
-9.301176 119.421600 3.824722 123.640611
-9.123199 116.123900 4.460961 120.407542
-8.969290 112.971800 5.049620 117.333595
-8.840038 110.020200 5.592038 114.448547
-8.715519 107.289800 6.092445 111.781840
-8.604428 104.773800 6.539270 109.350565
-8.513778 102.470600 6.954215 107.124184
-8.344406 100.365400 7.423626 105.110883
-7.994562 98.419060 8.022273 103.314655
-7.449160 96.747050 8.788056 101.741540
-6.689768 95.233650 9.726662 100.377343
-5.733164 93.903920 10.833332 99.219837
-4.598676 92.769000 12.089359 98.277651
-3.291400 91.863690 13.478947 97.576848
-1.818453 91.205530 14.975335 97.164999
-0.287295 90.773700 16.486338 97.011691
1.280436 90.536670 18.015171 97.072775
2.884839 90.390760 19.579998 97.217672
4.608631 90.270590 21.215123 97.414653
6.378962 90.185850 22.948354 97.651485
8.239940 90.078760 24.788544 97.884864
10.227520 89.967220 26.751962 98.141761
12.350260 89.860700 28.851950 98.410625
14.625080 89.782180 31.094771 98.736479
17.036370 89.808850 33.462889 99.166034
19.571840 89.942190 35.929277 99.712936
22.239360 90.156490 38.456992 100.351956
24.827220 90.375750 40.995419 100.996729
27.380090 90.539560 43.527789 101.576705
29.929090 90.601340 46.046954 102.054791
32.443160 90.553140 48.562687 102.423711
34.950980 90.402450 51.066079 102.702104
37.465170 90.190860 53.578396 102.922431
40.029130 89.967450 56.122432 103.137094
42.672410 89.745720 58.767850 103.380672
45.360650 89.550400 61.460263 103.648008
48.135020 89.346790 64.141987 103.913019
50.798640 89.068730 66.805400 104.095712
53.423200 88.620720 69.466368 104.106015
55.973120 87.990860 72.088647 103.937686
58.463560 87.223180 74.671947 103.605492
60.948220 86.351030 77.241758 103.168550
63.458420 85.422890 79.855413 102.678994
65.963380 84.482430 82.453601 102.180561
68.527380 83.507630 85.135128 101.660559
71.108530 82.473440 87.826493 101.079766
73.678700 81.309600 90.548158 100.366830
76.344590 79.976090 93.296197 99.532956
78.987220 78.607140 96.102498 98.633345
81.638460 77.230760 98.915101 97.727410
84.257430 75.858060 101.688033 96.831017
86.832210 74.444840 104.430907 95.885212
89.314440 72.947700 107.115215 94.826879
91.689390 71.361910 109.708415 93.671440
93.958600 69.681490 112.219700 92.407469
96.119590 67.920830 114.630573 91.051813
98.195690 66.141670 116.951673 89.667567
100.194800 64.433770 119.191333 88.332925
102.137400 62.811170 121.301578 87.120102
103.896200 61.425700 123.258897 86.059004
105.532100 60.158600 125.079460 85.098531
107.119200 58.890090 126.848841 84.133667
108.699600 57.608290 128.597686 83.154209
110.236700 56.334530 130.308605 82.173808
111.812400 55.003780 132.072691 81.143906
113.441000 53.615470 133.893963 80.065783
115.157700 52.200880 135.809894 78.977636
116.976700 50.809470 137.827658 77.925451
118.961700 49.383680 139.942227 76.892673
120.971300 47.931130 142.148144 75.808192
123.046100 46.415030 144.459449 74.660860
125.193200 44.817560 146.848279 73.454693
127.421200 43.155260 149.329872 72.195475
129.718500 41.425000 151.868193 70.888979
132.039100 39.683510 154.430080 69.566058
134.363200 37.948780 157.000396 68.257555
136.677700 36.189800 159.560919 66.933161
138.995600 34.473350 162.124227 65.640680
141.403100 32.756250 164.682533 64.392861
143.703400 31.089240 167.204603 63.150635
145.962900 29.416070 169.675371 61.894158
148.213100 27.716360 172.156710 60.605996
150.417400 26.051960 174.589485 59.355462
152.568000 24.439430 176.970803 58.145575
154.574000 22.908480 179.200563 56.989788
156.454400 21.411640 181.305578 55.846109
158.141200 20.038390 183.205741 54.796115
159.640000 18.778950 184.880421 53.833100
161.061600 17.634520 186.454431 52.977131
162.547700 16.669450 188.053642 52.317866
164.185300 15.968920 189.697974 51.942419
165.806600 15.511950 191.358465 51.784595
167.537200 15.261630 193.096501 51.851243
169.337800 15.193060 194.883677 52.089754
171.209000 15.235160 196.719656 52.432590
173.139400 15.247510 198.617600 52.757922
175.151900 15.217660 200.580355 53.056907
177.187100 15.143000 202.588178 53.321587
179.387600 15.020410 204.698904 53.570712
181.553600 14.864700 206.850954 53.786773
183.772100 14.671040 209.067473 53.978376
186.041400 14.494390 211.318590 54.189260
188.332900 14.326730 213.603936 54.431066
190.622700 14.147960 215.905469 54.652232
192.930900 13.963400 218.221637 54.899599
195.270600 13.756710 220.545149 55.126482
197.650400 13.528150 222.923446 55.339811
200.096700 13.271950 225.379063 55.535608
202.669100 13.016830 227.878920 55.733925
205.176500 12.762920 230.392716 55.927809
207.704000 12.536220 232.913216 56.165862
210.202000 12.334790 235.382343 56.417234
212.745000 12.136350 237.879377 56.672979
215.262900 11.955810 240.395059 56.941936
217.838300 11.728340 242.962508 57.167989
220.409300 11.495120 245.535563 57.393305
223.048000 11.277530 248.175263 57.636303
225.702800 11.079170 250.822552 57.913916
228.460500 10.853470 253.498335 58.167810
231.134700 10.593750 256.159357 58.384843
233.830200 10.347560 258.837318 58.621390
236.501400 10.096360 261.493655 58.850730
239.154900 9.813401 264.144854 59.048951
241.785100 9.573297 266.780256 59.278688
244.395000 9.357290 269.399763 59.517696
246.949900 9.153990 271.960981 59.772296
249.582200 8.964387 274.492642 60.040948
252.032300 8.782278 276.936677 60.298995
254.391500 8.615412 279.273784 60.570728
256.608600 8.457639 281.482987 60.821677
258.724900 8.298459 283.591846 61.046699
260.512900 8.029388 285.602204 61.225993
262.197700 7.714142 287.503482 61.325459
263.881300 7.399290 289.312613 61.333970
265.563600 7.084877 290.958687 61.280368
267.244500 6.770947 292.425952 61.196427
268.742600 6.458419 293.703841 61.099361
269.821300 6.180545 294.772115 61.032829
270.704900 6.009434 295.665806 61.032305
271.482900 5.921679 296.464942 61.085785
272.238400 5.939812 297.234313 61.235601
272.989200 6.056422 297.961701 61.480502
273.722700 6.279358 298.639889 61.842378
274.479100 6.624775 299.326510 62.325727
275.251700 7.160316 300.009943 62.968932
275.872600 8.249716 300.569485 63.855554
276.434200 9.531418 301.054494 64.941522
276.975400 10.800140 301.361498 66.207843
277.498100 12.053070 301.535581 67.652875
278.004900 13.287720 301.666474 69.294369
278.458300 14.755360 301.675949 71.129138
278.730200 16.687120 301.546364 73.118093
278.943100 18.826490 301.325484 75.299865
279.108800 21.130980 301.033415 77.622132
279.214400 23.629200 300.683079 80.093984
279.374100 26.252700 300.340487 82.741344
279.559100 29.005460 300.005887 85.517951
279.758900 31.899240 299.691956 88.328351
279.972400 34.787430 299.383145 91.218513
280.201500 37.747910 299.074591 94.159572
280.428200 40.713340 298.754788 97.120357
280.644900 43.744300 298.417445 100.129837
280.852100 46.800820 298.063784 103.162108
281.064800 49.839490 297.717281 106.171246
281.291300 52.874810 297.379206 109.171606
281.492600 55.943520 297.038923 112.202806
281.717500 59.007700 296.705421 115.228031
282.003000 62.077460 296.421496 118.264783
282.291600 65.234490 296.136006 121.292760
282.513200 68.302990 295.796842 124.295937
282.711300 71.361190 295.443134 127.307776
282.874900 74.404530 295.073378 130.324187
283.083100 77.434300 294.722291 133.329580
283.326500 80.447910 294.395068 136.314072
283.585900 83.476750 294.077052 139.322261
283.831500 86.456440 293.765683 142.296359
284.090700 89.445360 293.469468 145.306345
284.384800 92.438800 293.214371 148.319489
284.709900 95.514930 292.990060 151.313773
285.109400 98.479440 292.832254 154.331868
285.569200 101.408000 292.737919 157.300335
286.021100 104.303400 292.645655 160.229715
286.501300 107.182100 292.581188 163.120751
286.975800 110.032000 292.529972 166.002421
287.401500 112.846900 292.424177 168.832470
287.817100 115.618100 292.309103 171.639458
288.248500 118.313000 292.215056 174.382942
288.640700 120.865300 292.098536 176.999271
289.053700 123.435200 292.016186 179.531777
289.495100 125.774900 292.001758 181.932192
289.954600 127.969700 292.034068 184.182078
290.425200 129.947400 292.112755 186.216040
290.897100 131.746900 292.225823 188.088384
291.380500 133.377100 292.380032 189.794123
291.796000 134.943400 292.492057 191.423515
292.178300 136.532800 292.567027 193.058792
292.411000 138.123900 292.501731 194.661433
292.454700 139.704800 292.254686 196.217483
291.990200 141.289200 291.767031 197.749306
290.896300 142.732400 291.016463 199.205144
289.802500 144.140300 289.986990 200.543850
288.714900 145.513400 288.665131 201.692283
287.639400 146.853400 287.106131 202.618980
286.581700 148.162900 285.343236 203.329431
284.791100 149.055900 283.386868 203.885825
282.831900 149.967800 281.283198 204.427811
280.802300 150.933500 279.091353 204.994378
278.682300 151.971300 276.802004 205.599868
276.391400 153.131700 274.428483 206.257586
274.061800 154.360700 271.919889 206.994081
271.643200 155.675700 269.304206 207.788298
269.139100 157.040000 266.589631 208.613053
266.633500 158.436400 263.841810 209.474961
264.083600 159.868000 261.088808 210.387075
261.606100 161.382500 258.360899 211.381621
259.199500 162.990100 255.690166 212.462889
256.849000 164.664300 253.048387 213.628724
254.509900 166.368500 250.429535 214.818046
252.108400 168.064900 247.749905 215.983774
249.570400 169.765900 245.019478 217.071165
247.066900 171.369700 242.244479 218.117165
244.516200 172.924200 239.445058 219.111911
241.945100 174.405300 236.628559 220.029962
239.335100 175.838900 233.783166 220.891899
236.713900 177.219400 230.935615 221.700992
234.119000 178.581500 228.120739 222.490022
231.551900 179.941500 225.324198 223.287233
229.018400 181.300900 222.560807 224.093331
226.534700 182.671700 219.845263 224.917858
224.020400 184.040900 217.180548 225.706821
221.628800 185.334900 214.578817 226.466922
219.329700 186.570900 212.071645 227.189438
217.124900 187.746000 209.688862 227.870619
215.019600 188.836400 207.409749 228.503854
213.059000 189.824200 205.295586 229.064207
211.237100 190.742600 203.315405 229.580892
209.601800 191.589000 201.539138 230.058034
208.144200 192.336900 199.944568 230.474667
206.855500 193.043500 198.562975 230.869527
205.826600 193.638800 197.411707 231.232428
205.022500 194.142700 196.507239 231.550759
204.417800 194.562000 195.818880 231.835620
203.844300 194.985100 195.171261 232.115426
203.343300 195.521400 194.536432 232.422343
202.818400 196.026300 193.892483 232.727414
202.251700 196.561600 193.218563 233.089171
201.507300 197.233800 192.341768 233.563279
200.544600 198.040600 191.229897 234.132909
199.401000 198.989000 189.909102 234.811287
198.016900 200.054600 188.389885 235.516169
196.543400 201.134000 186.734693 236.247661
194.915700 202.228400 184.929041 236.963441
192.900600 203.389400 182.973291 237.683436
190.885600 204.550200 180.882322 238.372019
188.870700 205.710900 178.692064 239.063302
186.855900 206.871400 176.426284 239.750213
184.841100 208.031800 174.079121 240.443631
182.800800 209.174800 171.651490 241.167748
180.446600 210.493500 169.157220 241.929586
178.148800 211.763700 166.635642 242.685373
175.856000 213.050900 164.127808 243.454351
173.572300 214.320400 161.634413 244.207662
171.327200 215.583700 159.181600 244.956289
169.098800 216.836200 156.755655 245.690698
166.973400 218.011600 154.425852 246.374934
164.984100 219.109900 152.249255 247.016613
163.150000 220.078500 150.253630 247.558149
161.464400 220.905500 148.436000 247.994442
159.867300 221.621400 146.723365 248.344509
158.159800 222.175600 144.986094 248.516340
156.498900 222.515800 143.280828 248.489258
154.831200 222.675300 141.611421 248.276444
153.111200 222.659200 139.920298 247.875090
151.300400 222.555500 138.153868 247.373490
149.391200 222.374500 136.306853 246.783528
147.349700 222.204100 134.339264 246.177822
145.171500 222.030300 132.230126 245.529442
142.825200 221.832900 129.968147 244.824840
140.285000 221.631100 127.591868 244.099984
137.648800 221.490600 125.047595 243.386385
134.882200 221.362300 122.372080 242.656047
132.018100 221.268600 119.590823 241.932843
129.043400 221.143900 116.710528 241.164475
125.988000 220.995500 113.729572 240.346324
122.963400 220.850100 110.795373 239.535935
119.902000 220.664600 107.838030 238.682093
116.880200 220.462000 104.922219 237.819166
113.896300 220.268300 102.051217 236.972124
110.839100 220.071300 99.204853 236.131491
107.937200 219.900200 96.397681 235.320573
105.029500 219.746300 93.583417 234.529844
102.162500 219.595700 90.812286 233.748117
99.323480 219.448600 88.072894 232.976851
96.519730 219.280900 85.382364 232.191052
93.783540 219.076400 82.767733 231.388279
91.207770 218.894700 80.254557 230.605535
88.747620 218.724400 77.904043 229.857829
86.486020 218.558400 75.723006 229.169935
84.353920 218.446700 73.695064 228.572124
82.467160 218.422500 71.824464 228.110143
80.709970 218.524200 70.052379 227.789993
78.995380 218.775300 68.304698 227.633738
77.353060 219.201700 66.589829 227.657917
75.804090 219.840200 64.912865 227.917220
74.414490 220.790500 63.307357 228.512110
73.188610 222.055800 61.832628 229.416083
72.173660 223.462600 60.515044 230.536161
71.360330 225.142200 59.366819 231.963807
70.763100 226.976700 58.381331 233.614235
70.379780 228.947200 57.575762 235.451176
70.162230 231.036500 56.909103 237.430184
70.021770 233.224800 56.293522 239.556042
69.958480 235.448500 55.739452 241.737459
69.904010 237.765700 55.150452 244.008050
69.860910 240.137600 54.547822 246.343575
69.834490 242.603200 53.944182 248.756815
69.754060 245.179300 53.274739 251.241223
69.606180 247.826400 52.528662 253.779207
69.472500 250.529500 51.786144 256.378152
69.328740 253.448400 51.006820 259.099650
69.193960 256.375500 50.205957 261.926736
69.036860 259.375700 49.411405 264.808520
68.853730 262.525400 48.564116 267.807923
68.684960 265.687500 47.697668 270.829801
68.498010 268.890300 46.804906 273.897217
68.310230 272.099300 45.907133 276.976636
68.132880 275.279100 45.026210 280.024289
67.942160 278.439100 44.134683 283.048635
67.739030 281.607100 43.232351 286.056074
67.538150 284.723700 42.340276 289.023789
67.326330 287.979000 41.448089 292.013981
67.118280 291.112400 40.579592 294.963305
66.913820 294.233600 39.706375 297.920535
66.729220 297.319500 38.855012 300.856301
66.522980 300.376000 37.984090 303.771627
66.276250 303.429700 37.078700 306.658049
66.028550 306.431500 36.186632 309.488296
65.734810 309.439300 35.252179 312.318317
65.390600 312.426700 34.263236 315.128581
65.012680 315.383000 33.234218 317.910049
64.554180 318.420400 32.142266 320.659269
64.141810 321.367100 31.091168 323.401775
63.780330 324.348900 30.076695 326.206451
63.448950 327.343700 29.091445 329.028735
63.185650 330.345900 28.167460 331.890816
63.044750 333.358200 27.308896 334.773832
62.898140 336.382000 26.433914 337.681399
62.767140 339.430500 25.585886 340.607147
62.621660 342.434400 24.744133 343.511624
62.502930 345.422700 23.929965 346.402387
62.376530 348.465300 23.128373 349.255795
62.275900 351.322200 22.356163 352.018327
62.198290 354.067000 21.636894 354.669541
62.109460 356.707500 20.931205 357.227481
62.077510 359.214400 20.317098 359.668575
62.107380 361.576000 19.797086 361.978822
62.136000 363.716100 19.333765 364.078025
62.164570 365.741400 18.889568 366.065671
62.188390 367.765400 18.439312 368.043211
62.167390 369.760900 17.944623 369.963975
62.052810 371.807900 17.371587 371.833388
61.815630 373.850900 16.658661 373.744005
61.513990 375.983400 15.860046 375.719458
61.188680 378.244100 15.009823 377.840330
60.881030 380.645900 14.152179 380.104902
60.626390 383.168900 13.319276 382.501134
60.449410 385.833600 12.529145 385.044443
60.358050 388.604700 11.796476 387.723302
60.337180 391.507200 11.080648 390.543174
60.342540 394.512100 10.360849 393.477891
60.308480 397.753100 9.574309 396.536729
60.257220 400.967400 8.760890 399.641047
60.163670 404.157100 7.914607 402.716622
60.018360 407.368700 7.020032 405.795272
59.865010 410.547900 6.126492 408.836964
59.687790 413.688300 5.220267 411.858669
59.521640 416.838400 4.330637 414.875028
59.361750 419.939600 3.445308 417.851006
59.191340 423.007000 2.580263 420.778222
59.059140 426.029900 1.746218 423.690377
58.908550 429.002700 0.924924 426.465103
58.743470 431.749900 0.120494 429.104600
58.553360 434.365400 -0.681392 431.600777
58.296890 436.834300 -1.499771 433.938818
58.005610 439.157500 -2.325056 436.135312
57.678020 441.330100 -3.157631 438.180251
57.302280 443.310100 -3.984049 440.025261
56.971900 445.072600 -4.716800 441.676370
56.795660 446.676600 -5.258644 443.217790
57.267560 447.978300 -5.526337 444.695154
57.981380 449.077500 -5.497976 446.104462
58.671240 450.136000 -5.161733 447.393041
59.329390 451.159400 -4.581747 448.565437
59.949400 452.154800 -3.767613 449.562712
60.731000 452.976000 -2.808278 450.358815
61.906730 453.323200 -1.702518 450.995747
63.247070 453.516700 -0.428584 451.484711
64.747310 453.628500 1.007957 451.924811
66.404830 453.668500 2.598716 452.328001
68.212480 453.748800 4.313472 452.806558
70.157370 453.839400 6.163907 453.335353
72.240280 453.940600 8.133030 453.919355
74.449830 454.056900 10.232006 454.563853
76.817000 454.205600 12.475852 455.270028
79.296760 454.355000 14.831957 456.012079
81.867450 454.523300 17.278011 456.789048
84.546720 454.705400 19.826019 457.603070
87.323250 454.856500 22.480951 458.418379
90.231020 454.978400 25.178206 459.213901
93.108910 455.129400 27.904878 460.045593
96.015050 455.286500 30.668750 460.898768
98.926330 455.441000 33.459773 461.746918
101.850800 455.606400 36.262677 462.599891
104.751100 455.770800 39.039659 463.447040
107.648400 455.899000 41.824968 464.265909
110.538900 456.023500 44.584183 465.082584
113.382300 456.181200 47.294100 465.917383
116.234400 456.325800 50.008386 466.739274
119.104200 456.460100 52.658706 467.530642
121.841400 456.616000 55.249954 468.335182
124.562900 456.801100 57.836566 469.160626
127.262400 457.015800 60.397108 470.007738
129.913200 457.317800 62.891543 470.932004
132.540800 457.700300 65.327027 471.936254
135.127600 458.145700 67.723688 472.995068
137.693800 458.656800 70.090407 474.105510
140.218700 459.231700 72.409227 475.263880
142.716000 459.863900 74.678702 476.475934
145.241600 460.576300 76.882647 477.739508
147.632700 461.365800 79.014580 479.072323
150.014500 462.215400 81.117512 480.454264
152.328400 463.107900 83.142184 481.856573
154.631300 464.058200 85.148991 483.324807
156.887200 465.024500 87.093827 484.807775
159.109100 466.054600 88.984345 486.341220
161.273900 467.137400 90.803924 487.909911
163.378700 468.262200 92.560959 489.515381
165.417800 469.414800 94.250475 491.145291
167.483800 470.647600 95.880107 492.796214
169.337300 471.831000 97.379604 494.410314
171.047200 472.996300 98.745195 495.966419
172.604000 474.088300 99.993329 497.417840
173.993000 475.068600 101.117142 498.707256
175.241800 475.904800 102.158289 499.815061
176.339000 476.548900 103.103042 500.697503
177.345400 477.060500 103.989537 501.430220
178.408600 477.496200 104.913541 502.084252
179.479000 477.736000 105.902547 502.580284
180.525100 477.846500 106.895766 502.951211
181.609900 477.810000 107.967874 503.188936
182.760000 477.594500 109.155266 503.260804
183.943800 477.196100 110.418278 503.149615
185.160700 476.539200 111.774323 502.787709
186.428000 475.569600 113.225545 502.128771
187.747700 474.282700 114.794997 501.174376
189.146800 472.745200 116.494461 500.004745
190.617900 470.987400 118.330992 498.637313
192.179200 469.009700 120.297399 497.097382
193.861000 466.896100 122.395322 495.447174
195.662500 464.612600 124.643836 493.650373
197.559800 462.152000 126.967853 491.775172
199.417500 459.745100 129.315458 489.888430
201.295800 457.345900 131.683419 488.003696
203.181400 454.961400 134.059841 486.139840
205.073800 452.593100 136.434901 484.294710
206.974100 450.242000 138.820400 482.463670
208.864700 447.911300 141.188949 480.651782
210.748100 445.588800 143.541056 478.846043
212.601700 443.269600 145.865549 477.042837
214.452000 440.966700 148.182552 475.249034
216.349500 438.612700 150.494822 473.478774
218.213700 436.338600 152.830456 471.718251
220.121400 434.022500 155.215601 469.931681
222.090100 431.651600 157.690134 468.099684
224.096700 429.226300 160.222581 466.232435
226.110500 426.814000 162.760733 464.319837
228.124300 424.401700 165.294294 462.421315
230.138100 421.989400 167.810728 460.556192
232.151900 419.577200 170.310872 458.716675
234.165700 417.164900 172.793428 456.913582
236.195600 414.750000 175.228936 455.147497
238.062800 412.556600 177.554638 453.444246
239.314300 410.774100 179.705496 451.840908
240.499400 408.921000 181.639804 450.329468
241.683000 407.074200 183.312070 448.901250
242.865300 405.233900 184.685322 447.497969
244.047100 403.399900 185.756805 446.033540
244.631400 401.693000 186.519056 444.452837
244.601200 400.039300 186.915246 442.792383
244.202600 398.475500 186.924014 441.127907
243.468800 397.015100 186.563580 439.496634
242.451700 395.650200 185.892238 437.906745
241.211700 394.394500 184.987640 436.393690
239.801500 393.228600 183.885502 434.909020
238.202400 392.155700 182.562835 433.478372
236.383200 391.196900 181.003710 432.117890
234.361400 390.344600 179.218728 430.821175
232.061700 389.605800 177.200075 429.592384
229.637400 388.975300 174.986294 428.386875
227.043600 388.412100 172.596565 427.202858
224.271000 387.971400 169.995559 426.092562
221.347200 387.589300 167.246098 425.004421
218.264900 387.205100 164.344155 423.890834
215.091400 386.834100 161.340119 422.770564
211.852900 386.478100 158.279221 421.651387
208.569300 386.144300 155.176686 420.545652
205.247400 385.838600 152.036442 419.453133
201.886900 385.552800 148.847771 418.365107
198.530500 385.284800 145.658708 417.299386
195.068000 385.037600 142.463808 416.272636
191.730700 384.811500 139.284360 415.262612
188.418700 384.620700 136.130296 414.280135
185.141700 384.455200 133.009813 413.313908
181.901000 384.301300 129.911903 412.361799
178.689100 384.157500 126.830925 411.420754
175.512100 384.014100 123.807551 410.489360
172.368000 383.891700 120.814899 409.579746
169.255400 383.770100 117.865780 408.691752
166.208700 383.670900 114.954452 407.837677
163.256000 383.599700 112.145964 407.038420
160.367300 383.555000 109.458291 406.300690
157.748600 383.549900 106.927380 405.633936
155.300500 383.546900 104.560236 405.009725
153.015000 383.489200 102.358431 404.378435
150.903600 383.348000 100.363649 403.704735
149.019400 383.092800 98.621277 402.982058
147.418600 382.664800 97.194082 402.146704
146.049900 381.977000 96.071170 401.175172
144.899200 381.036000 95.189204 399.997434
144.030900 379.873100 94.635149 398.645066
143.438100 378.536900 94.386502 397.187972
143.062400 377.068500 94.376669 395.654717
142.866300 375.475300 94.576197 394.050851
142.734400 373.697400 94.870391 392.349611
142.691200 371.876900 95.267212 390.578784
142.664200 369.926000 95.710246 388.681487
142.656000 367.822400 96.216996 386.651652
142.665700 365.569500 96.777376 384.468980
142.735600 363.157100 97.435491 382.149150
142.826600 360.584600 98.159255 379.669675
142.937500 357.839300 98.945241 377.039758
143.105300 354.838700 99.839636 374.272133
143.257500 351.828700 100.747718 371.391685
143.405200 348.738000 101.657911 368.451321
143.572700 345.590000 102.605874 365.452351
143.730500 342.408200 103.549603 362.416131
143.923600 339.214100 104.527437 359.374378
144.109600 336.037400 105.492627 356.351538
144.284100 332.848800 106.449296 353.293366
144.488500 329.694700 107.412656 350.290164
144.708400 326.497000 108.367945 347.253837
144.898200 323.167600 109.314874 344.188401
145.061200 319.872600 110.268230 341.062639
145.223200 316.531000 111.238768 337.887714
145.405700 313.129700 112.229782 334.679797
145.615500 309.672700 113.253574 331.408777
145.821200 306.180800 114.278223 328.082733
146.017000 302.651700 115.310598 324.728622
146.221400 299.119400 116.349605 321.368406
146.431800 295.570700 117.401703 317.985943
146.663400 292.078600 118.462680 314.671815
146.891800 288.584300 119.514815 311.347150
147.105400 285.116700 120.581089 308.029370
147.315000 281.552300 121.634218 304.737927
147.519400 278.118000 122.675443 301.456953
147.719600 274.669700 123.718344 298.177576
147.874000 271.314900 124.704740 294.958982
148.044100 267.948200 125.695693 291.765301
148.222600 264.608400 126.704660 288.579639
148.408200 261.339900 127.701739 285.461067
148.576100 258.116400 128.657917 282.383002
148.741900 254.917600 129.600936 279.312374
148.917800 251.840300 130.544192 276.369746
149.074800 248.800300 131.423658 273.555069
149.225900 245.979200 132.269417 270.875812
149.379000 243.349500 133.079515 268.368708
149.540400 240.865800 133.855669 266.004641
149.713200 238.549000 134.611420 263.790566
149.874000 236.456600 135.304250 261.802841
150.040800 234.561500 135.952122 260.014045
150.181600 232.861200 136.525286 258.405615
150.253900 231.332600 136.992463 256.936024
150.186700 229.917100 137.289886 255.572841
149.980200 228.648700 136.500276 254.576538
149.584200 227.460400 136.498384 253.298041
149.057700 226.352600 136.348501 252.055997
148.341300 225.321600 136.009609 250.822199
147.416600 224.361600 135.445912 249.583386
146.281500 223.530400 134.651739 248.392092
144.886100 222.819700 133.621586 247.284052
143.328800 222.288600 132.364291 246.284204
141.631600 221.893200 130.912090 245.379656
139.768400 221.660500 129.262658 244.565010
137.736700 221.494500 127.434614 243.761794
135.517000 221.381300 125.418130 242.946271
133.119600 221.296700 123.232085 242.102605
130.585900 221.257900 120.855836 241.241014
127.832400 221.225100 118.286479 240.294535
124.954300 221.200800 115.604248 239.302277
122.002800 221.180800 112.843101 238.295091
119.005500 221.118300 110.048148 237.248988
115.998300 221.044900 107.283325 236.170342
112.992300 220.934900 104.508806 235.069719
110.046000 220.725900 101.770091 233.958902
107.135100 220.540600 99.077657 232.869874
104.113200 220.349900 96.361732 231.794549
101.239200 220.200000 93.687332 230.740589
98.390140 220.037600 91.036227 229.703606
95.576650 219.873500 88.432690 228.655226
92.818890 219.734800 85.900036 227.618333
90.214530 219.617400 83.497840 226.642953
87.804860 219.501400 81.269064 225.736764
85.658680 219.341600 79.247841 224.920896
83.714310 219.216400 77.467893 224.230130
82.119710 219.123600 75.928809 223.679592
80.700940 219.090700 74.548739 223.227736
79.325470 219.178900 73.200718 222.867398
77.986780 219.421500 71.864746 222.654461
76.703840 219.818300 70.533349 222.569627
75.492640 220.367600 69.234683 222.668880
74.351170 221.128100 67.902230 223.001907
73.266450 222.109300 66.544806 223.549189
72.324470 223.256300 65.288414 224.321098
71.518030 224.718600 64.170653 225.305900
70.897260 226.199300 63.165415 226.449455
70.447790 227.653600 62.302471 227.709283
70.125350 229.155700 61.537720 229.049063
69.958690 230.707100 60.914393 230.466652
69.857320 232.317500 60.328778 231.947617
69.766250 233.939300 59.752601 233.433310
69.698210 235.575700 59.197369 234.922076
69.521580 237.207500 58.547008 236.362781
69.208360 238.811000 57.793505 237.711209
68.770190 240.263400 56.899519 238.901248
68.088420 241.544000 55.844918 239.876706
67.163380 242.622100 54.633345 240.646385
66.063490 243.543500 53.277374 241.225878
64.812860 244.213800 51.857713 241.490979
63.447860 244.689400 50.379356 241.513516
61.953390 244.902900 48.867308 241.234774
60.403830 244.977000 47.366197 240.792354
58.711780 244.937100 45.838209 240.206763
56.906380 244.825700 44.185796 239.566663
54.935460 244.709100 42.365320 238.854868
52.792270 244.616700 40.357941 238.099024
50.466640 244.530100 38.179521 237.271905
47.971520 244.460800 35.840197 236.403814
45.319870 244.393400 33.362570 235.467328
42.533000 244.277800 30.754699 234.441987
39.487810 244.132900 28.012533 233.342848
36.390940 243.975800 25.145875 232.181557
33.183820 243.788100 22.177783 230.958091
29.950380 243.594000 19.188989 229.722480
26.721090 243.418400 16.204789 228.519301
23.510170 243.262900 13.227355 227.330576
20.309080 243.064700 10.262615 226.093505
17.163400 242.828800 7.366726 224.844415
14.061470 242.582600 4.537773 223.613870
11.072230 242.323400 1.814747 222.408304
8.137307 242.056800 -0.772392 221.261823
5.472455 241.831600 -3.206916 220.198491
3.022605 241.629300 -5.454537 219.224008
0.801041 241.445000 -7.487473 218.333761
-1.170448 241.293700 -9.320495 217.559728
-2.865204 241.190900 -10.888523 216.907406
-4.251308 241.155400 -12.190936 216.417247
-5.358856 241.158600 -13.242702 216.063980
-6.225420 241.199900 -14.076185 215.821132
-6.944843 241.259900 -14.779481 215.650654
-7.648041 241.354700 -15.456957 215.528594
-8.313852 241.502800 -16.122743 215.459974
-8.953613 241.692000 -16.781773 215.441782
-9.680695 242.021600 -17.563546 215.513690
-10.537120 242.515900 -18.511943 215.688792
-11.420010 243.216400 -19.570048 216.048225
-12.232240 244.134800 -20.660077 216.646089
-12.949170 245.298000 -21.749975 217.524662
-13.514370 246.791600 -22.759892 218.738881
-13.894580 248.477100 -23.653412 220.226718
-14.083460 250.406900 -24.433814 222.007651
-14.157590 252.559800 -25.175968 224.014376
-14.217150 254.922200 -25.970544 226.220145
-14.283540 257.484200 -26.844699 228.612591
-14.348930 260.222000 -27.792537 231.157239
-14.458680 263.144700 -28.829490 233.847029
-14.561580 266.290200 -29.959041 236.767337
-14.659010 269.569000 -31.132943 239.821348
-14.776880 273.018600 -32.397042 243.014776
-14.891950 276.549900 -33.686634 246.283496
-15.023440 280.175000 -35.018497 249.627548
-15.168060 283.856100 -36.386130 253.034728
-15.336070 287.561700 -37.776349 256.460667
-15.512940 291.291300 -39.187770 259.909355
-15.665220 295.132700 -40.574803 263.361525
-15.819950 298.889200 -41.968983 266.835679
-15.979230 302.671100 -43.374645 270.355015
-16.138340 306.447500 -44.779032 273.855663
-16.299050 310.248400 -46.191023 277.363706
-16.446860 314.067800 -47.611440 280.907599
-16.592930 317.888000 -49.038470 284.455260
-16.736770 321.689100 -50.473425 287.991078
-16.878840 325.488900 -51.890041 291.487917
-17.016940 329.264100 -53.300165 294.998283
-17.165390 333.129700 -54.691292 298.478550
-17.310450 336.855000 -56.083439 301.946724
-17.467070 340.496800 -57.456037 305.313740
-17.635060 344.024000 -58.802293 308.586996
-17.800430 347.372800 -60.080006 311.686262
-17.984140 350.603500 -61.318070 314.640557
-18.138970 353.703600 -62.499341 317.509069
-18.256140 356.633300 -63.591339 320.233316
-18.343160 359.374700 -64.594359 322.786959
-18.417370 361.983700 -65.510464 325.138744
-18.458770 364.283200 -66.339048 327.296398
-18.515690 366.348100 -67.081214 329.218701
-18.613620 368.158700 -67.784324 330.893878
-18.749840 369.789700 -68.477499 332.359243
-19.062110 371.310200 -69.281088 333.620958
-19.645260 372.713300 -70.264491 334.666768
-20.511650 373.934800 -71.348125 335.451643
-21.594170 374.938700 -72.570307 336.016105
-22.922310 375.681600 -74.031935 336.275470
-24.397380 376.129200 -75.585080 336.185997
-26.011980 376.228900 -77.152934 335.709200
-27.719910 376.076500 -78.709517 334.948813
-29.483040 375.794500 -80.271523 334.035257
-31.447830 375.439800 -81.929824 333.069445
-33.501110 375.102200 -83.717183 332.064517
-35.758890 374.743200 -85.683863 330.962982
-38.173390 374.388300 -87.810310 329.804644
-40.769200 374.090200 -90.119917 328.638380
-43.598440 373.835700 -92.616472 327.486665
-46.504340 373.619900 -95.274612 326.309828
-49.525220 373.408100 -98.015822 325.085011
-52.660870 373.208100 -100.883810 323.828199
-55.873020 373.016100 -103.830411 322.549621
-59.114970 372.850200 -106.803609 321.274545
-62.391740 372.687600 -109.796122 319.983014
-65.657960 372.518300 -112.777424 318.683874
-68.918850 372.346000 -115.769327 317.372082
-72.145740 372.152100 -118.726799 316.051811
-75.359770 371.972300 -121.669593 314.755836
-78.633640 371.822800 -124.577919 313.504694
-81.766730 371.715100 -127.467315 312.298481
-84.797770 371.655100 -130.282872 311.165262
-87.672130 371.637200 -132.964877 310.129137
-90.387520 371.631300 -135.504604 309.165216
-93.010230 371.620200 -137.958278 308.228868
-95.617150 371.543100 -140.356379 307.232164
-98.176740 371.352900 -142.662499 306.134923
-100.769200 371.064300 -144.978548 304.943669
-103.426600 370.753700 -147.343505 303.710594
-106.273900 370.451000 -149.797913 302.464322
-109.174200 370.142400 -152.406690 301.151114
-112.222100 369.898700 -155.146372 299.850511
-115.407900 369.711200 -158.028024 298.537736
-118.749300 369.508800 -161.043839 297.173994
-122.178800 369.409600 -164.227878 295.860254
-125.728000 369.361000 -167.505389 294.542544
-129.269900 369.356900 -170.780068 293.283395
-132.808700 369.350200 -174.063905 292.019797
-136.308600 369.338700 -177.311450 290.779489
-139.917000 369.221100 -180.514952 289.438266
-143.373000 369.052300 -183.670149 288.059385
-146.825700 368.882900 -186.821289 286.683325
-150.224600 368.692800 -189.909020 285.308251
-153.634400 368.508800 -193.006840 283.931236
-156.999000 368.271300 -196.043588 282.516406
-160.319800 368.019300 -199.061353 281.091648
-163.630700 367.767900 -202.067500 279.673170
-166.866800 367.496900 -205.009514 278.263253
-170.068000 367.241500 -207.899986 276.892202
-173.257500 366.985600 -210.779249 275.529077
-176.533200 366.707000 -213.618580 274.147517
-179.742800 366.492100 -216.530982 272.804161
-182.964000 366.347800 -219.493758 271.517772
-186.226300 366.243600 -222.490779 270.255834
-189.504500 366.143600 -225.507067 268.986140
-192.815600 366.031700 -228.528073 267.696337
-196.166000 365.974200 -231.622580 266.438284
-199.560300 365.972700 -234.784925 265.220460
-202.969200 365.994400 -237.952445 264.015826
-206.372500 366.026100 -241.114986 262.827367
-209.864400 366.090900 -244.270183 261.660352
-213.212400 366.176000 -247.414469 260.521717
-216.501600 366.296400 -250.510808 259.442644
-219.660300 366.473000 -253.514755 258.464079
-222.661600 366.700900 -256.401228 257.588576
-225.559000 366.940100 -259.190392 256.765043
-228.268100 367.173500 -261.804756 255.999418
-230.832100 367.414100 -264.282649 255.292624
-233.152000 367.717900 -266.552870 254.737577
-235.214900 368.104700 -268.619939 254.352069
-237.161800 368.586300 -270.545326 254.113039
-238.848300 369.054200 -272.283747 253.937438
-240.398300 369.466300 -273.881093 253.763428
-241.813400 369.796100 -275.321885 253.557666
-243.085000 370.051600 -276.598379 253.330329
-244.322600 370.192000 -277.806540 253.017392
-245.536800 370.244100 -278.966414 252.626180
-246.723400 370.234000 -280.069390 252.181496
-247.943500 370.190100 -281.195149 251.693904
-249.227500 370.164600 -282.382211 251.208096
-250.560000 370.160200 -283.587001 250.743979
-251.834800 370.212900 -284.794721 250.331330
-253.104500 370.301100 -286.018033 249.958831
-254.317700 370.447600 -287.208452 249.656072
-255.403900 370.596500 -288.271568 249.401023
-256.376400 370.763100 -289.237189 249.211122
-257.339000 370.895100 -290.178561 248.990701
-258.282600 370.943500 -291.066459 248.700249
-259.244600 370.905500 -291.940499 248.317318
-260.305900 370.733100 -292.860268 247.768755
-261.431300 370.394100 -293.787339 247.040626
-262.596200 369.823100 -294.668898 246.093352
-263.775500 368.996100 -295.472808 244.892713
-264.890700 367.852500 -296.110272 243.409189
-265.889400 366.402700 -296.518609 241.677647
-266.745100 364.588900 -296.645100 239.723971
-267.433200 362.574700 -296.539639 237.601288
-267.987200 360.355800 -296.228012 235.348216
-268.422400 357.904100 -295.716916 232.930934
-268.703100 355.240300 -294.975447 230.372322
-268.933900 352.385800 -294.119434 227.654250
-269.206200 349.331700 -293.223841 224.745989
-269.486500 346.008000 -292.255690 221.681862
-269.762100 342.678100 -291.239877 218.523223
-270.026500 339.253900 -290.175956 215.282593
-270.266900 335.706400 -289.046570 211.951378
-270.471900 332.143000 -287.874368 208.607893
-270.621500 328.576800 -286.666515 205.287620
-270.730600 325.013600 -285.422555 201.981252
-270.797900 321.484200 -284.131862 198.715599
-270.810500 317.975400 -282.800134 195.491460
-270.763700 314.497100 -281.424107 192.307898
-270.666200 311.044300 -280.020528 189.175367
-270.529900 307.616900 -278.579601 186.086489
-270.333700 304.097500 -277.094179 183.037255
-270.084600 300.696300 -275.568608 180.021856
-269.803300 297.282200 -274.010597 176.999643
-269.486100 293.851800 -272.415487 173.980250
-269.117500 290.399900 -270.765443 170.955838
-268.719500 286.919800 -269.080079 167.919169
-268.272400 283.415700 -267.343077 164.893211
-267.779500 279.895300 -265.557208 161.865157
-267.242300 276.345000 -263.717178 158.826614
-266.664800 272.779600 -261.837612 155.787857
-266.027000 269.189500 -259.891913 152.746079
-265.323000 265.592000 -257.884187 149.727386
-264.535200 261.851400 -255.814603 146.712745
-263.692000 258.188700 -253.659349 143.702974
-262.814500 254.537500 -251.463738 140.712827
-261.874800 250.904800 -249.217092 137.753628
-260.868000 247.290700 -246.924020 134.848398
-259.828000 243.709700 -244.616024 131.991159
-258.740900 240.124600 -242.255009 129.138924
-257.611000 236.553900 -239.867768 126.322313
-256.437200 233.001600 -237.438964 123.534161
-255.204000 229.451500 -234.948978 120.773125
-253.930800 225.939900 -232.441804 118.070959
-252.567700 222.352000 -229.898859 115.409281
-251.231600 218.895800 -227.353234 112.782247
-249.874600 215.459200 -224.793425 110.171975
-248.497600 212.045500 -222.221439 107.590876
-247.078400 208.655800 -219.630380 105.055806
-245.614900 205.284100 -216.997303 102.548278
-244.107100 201.949900 -214.337181 100.094839
-242.573900 198.623400 -211.658546 97.667518
-240.997600 195.343300 -208.950580 95.299397
-239.377900 192.112000 -206.232839 92.994236
-237.721900 188.919200 -203.495377 90.736333
-235.992500 185.646500 -200.758102 88.516942
-234.291100 182.498100 -197.994084 86.329332
-232.545800 179.390300 -195.199540 84.177920
-230.727000 176.294300 -192.341869 82.051852
-228.839700 173.057100 -189.442272 79.946559
-226.914200 169.839900 -186.496881 77.844566
-224.925200 166.662500 -183.481114 75.775837
-222.880300 163.509700 -180.394813 73.735166
-220.792600 160.422400 -177.303904 71.776265
-218.689000 157.374000 -174.209949 69.842813
-216.551400 154.367200 -171.092378 67.964849
-214.332500 151.302900 -167.979053 66.126105
-212.163100 148.380000 -164.875747 64.344459
-209.980500 145.493600 -161.771462 62.598240
-207.746300 142.650600 -158.650035 60.915770
-205.480900 139.824700 -155.502819 59.256673
-203.147900 137.035300 -152.292957 57.656122
-200.780700 134.266800 -149.079591 56.092015
-198.349800 131.504900 -145.795656 54.553660
-195.876000 128.740000 -142.447292 53.029732
-193.340200 126.002900 -139.087140 51.561862
-190.739800 123.279600 -135.692330 50.149324
-187.996300 120.490900 -132.238469 48.759796
-185.277700 117.810900 -128.735529 47.411546
-182.515200 115.151900 -125.170972 46.094801
-179.677500 112.497600 -121.544497 44.814603
-176.778700 109.875200 -117.884140 43.589010
-173.850800 107.228500 -114.184992 42.363405
-170.903500 104.584000 -110.475978 41.167511
-167.926400 101.963700 -106.764421 40.005660
-164.931900 99.335360 -103.007543 38.840526
-161.974700 96.693560 -99.276615 37.643300
-158.955500 93.930420 -95.570932 36.399906
-156.032400 91.280570 -91.872409 35.191227
-153.125400 88.641810 -88.181264 33.981635
-150.251700 85.988400 -84.518891 32.754495
-147.374800 83.318980 -80.867669 31.524069
-144.478300 80.674270 -77.216865 30.318937
-141.553100 78.043550 -73.532771 29.128357
-138.631600 75.416350 -69.856710 27.936231
-135.699500 72.782710 -66.178011 26.742982
-132.772000 70.153860 -62.486727 25.549393
-129.852700 67.519080 -58.814904 24.351206
-126.847100 64.807120 -55.136411 23.158343
-123.944400 62.210400 -51.484985 21.990494
-121.049300 59.611920 -47.844113 20.820990
-118.148800 57.009230 -44.185260 19.645618
-115.268000 54.400610 -40.552632 18.468928
-112.381300 51.788760 -36.891418 17.281111
-109.472900 49.170320 -33.200169 16.099991
-106.571100 46.548360 -29.527536 14.914793
-103.651100 43.910250 -25.831722 13.726819
-100.723800 41.281700 -22.120691 12.557968
-97.775140 38.634000 -18.396861 11.379470
-94.741270 35.897170 -14.684614 10.193841
-91.774350 33.243950 -10.936341 9.010254
-88.812440 30.594870 -7.214391 7.837285
-85.832310 27.931200 -3.490691 6.669852
-82.855750 25.280240 0.248302 5.505211
-79.881600 22.653980 3.971836 4.360836
-76.915360 20.041790 7.668068 3.227556
-73.971190 17.446230 11.346563 2.098219
-71.069720 14.854800 14.997538 0.946293
-68.199520 12.266960 18.622128 -0.213945
-65.355230 9.687322 22.232541 -1.381841
-62.464440 7.037166 25.791071 -2.548023
-59.687100 4.486116 29.309638 -3.701390
-56.956250 1.987310 32.774142 -4.833251
-54.299100 -0.420782 36.131264 -5.917417
-51.735930 -2.724345 39.364053 -6.942345
-49.242680 -4.949349 42.503172 -7.928048
-46.845280 -7.097809 45.537091 -8.890648
-44.571530 -9.102035 48.410418 -9.766230
-42.413630 -10.944410 51.102326 -10.538574
-40.379920 -12.615210 53.611870 -11.208270
-38.414020 -14.111680 56.001373 -11.758770
-36.389820 -15.462220 58.305596 -12.139827
-34.393230 -16.554360 60.553736 -12.309882
-32.340270 -17.367520 62.742160 -12.217321
-30.245940 -17.864120 64.850498 -11.832445
-28.148810 -18.057050 66.831342 -11.152366
-26.102170 -17.913460 68.650104 -10.166833
-24.141740 -17.444580 70.234011 -8.943174
-22.300930 -16.681150 71.580383 -7.489034
-20.613720 -15.702400 72.704493 -5.908414
-19.024460 -14.632220 73.721765 -4.277129
-17.401030 -13.543990 74.728519 -2.649031
-15.854930 -12.530520 75.716183 -1.065649
-14.348820 -11.574420 76.693819 0.449892
-12.911380 -10.714890 77.652004 1.850569
-11.565040 -9.942319 78.559455 3.142128
-10.310570 -9.267732 79.422008 4.308551
-9.182559 -8.674508 80.198489 5.343126
-8.205227 -8.199712 80.882047 6.208901
-7.420788 -7.819541 81.427658 6.903527
-6.706354 -7.479159 81.908032 7.506012
-6.056181 -7.100512 82.346018 8.117129
-5.464972 -6.711138 82.722694 8.714362
-4.911092 -6.280182 83.050999 9.329984
-4.316517 -5.764067 83.383447 10.042831
-3.674511 -5.073089 83.688014 10.936888
-3.014722 -4.251452 83.961349 11.956736
-2.384860 -3.275121 84.140322 13.112239
-1.778089 -2.112607 84.213314 14.399764
-1.245783 -0.708595 84.119005 15.884315
-0.785962 0.917309 83.863392 17.542065
-0.548021 2.797032 83.353297 19.296237
-0.437587 4.906227 82.630860 21.179412
-0.440646 7.239349 81.700884 23.171146
-0.531536 9.655854 80.619754 25.267819
-0.605229 12.212760 79.474975 27.503677
-0.701171 14.896730 78.253824 29.844134
-0.809295 17.700710 76.959328 32.310647
-0.942199 20.585120 75.612078 34.862937
-1.115277 23.592810 74.180836 37.499039
-1.329479 26.704330 72.667533 40.196246
-1.568950 29.889770 71.103252 42.940679
-1.810305 33.227610 69.505983 45.762262
-2.075848 36.477620 67.878811 48.567371
-2.317421 39.792120 66.232007 51.432863
-2.553472 43.129330 64.583915 54.310658
-2.757550 46.489760 62.950869 57.235448
-2.945413 49.876020 61.314588 60.188126
-3.111280 53.327030 59.671495 63.191686
-3.274291 56.804090 58.024264 66.219910
-3.455238 60.322330 56.358327 69.265464
-3.668572 63.861590 54.656135 72.341964
-3.858920 67.438090 52.960309 75.432089
-4.051498 71.134150 51.253396 78.535821
-4.268465 74.664480 49.561728 81.586237
-4.460284 78.174890 47.870882 84.655404
-4.661616 81.675070 46.186091 87.717785
-4.871718 85.125370 44.508388 90.735347
-5.064388 88.523490 42.879149 93.695559
-5.214359 91.941400 41.278260 96.664426
-5.363471 95.326220 39.704945 99.608832
