-0.000000 -0.000000 0.000000 0.000000
0.004359 4.550782 -0.030950 4.544723
-0.029529 9.067990 -0.086706 9.036263
-0.078295 13.542440 -0.155695 13.509289
-0.167592 17.982230 -0.281081 19.320796
-0.264545 22.518610 -0.379873 23.725045
-0.353864 26.852450 -0.485658 28.067415
-0.436985 31.116180 -0.583724 32.341622
-0.516135 35.290270 -0.676387 36.533523
-0.603059 39.338170 -0.768075 40.598435
-0.664271 43.230800 -0.835590 44.501996
-0.687069 47.189910 -0.868741 48.258416
-0.680641 50.569170 -0.853776 51.888757
-0.596153 54.193490 -0.768209 55.423702
-0.395796 57.575650 -0.566654 58.834348
-0.015018 60.831990 -0.186721 62.132042
0.582722 63.950510 0.403480 65.303075
1.410865 66.899740 1.211337 68.323948
2.448930 69.683810 2.232196 71.159478
3.693200 72.270850 3.477515 73.797852
5.209620 74.779240 4.945183 76.267341
6.886279 76.967290 6.633468 78.508523
8.779978 78.922680 8.540409 80.511889
10.844390 80.641540 10.618119 82.279397
13.078430 82.178570 12.879637 83.823293
15.508050 83.521820 15.342941 85.147914
18.094320 84.581560 17.967465 86.211665
20.833070 85.331650 20.759954 86.962071
23.767060 85.764380 23.650434 87.381833
26.652230 85.904620 26.577322 87.537398
29.588280 85.858200 29.550933 87.507317
32.535430 85.666790 32.540874 87.337128
35.507510 85.416150 35.539930 87.120330
38.503270 85.147910 38.555911 86.885977
41.536390 84.837570 41.590725 86.628409
44.594340 84.510770 44.656512 86.344062
47.687790 84.158770 47.743864 86.059931
50.828580 83.780560 50.891597 85.742393
53.988010 83.371160 54.047864 85.396158
57.291140 82.952450 57.224062 85.054854
60.529020 82.553980 60.439551 84.723255
63.833890 82.116960 63.730156 84.353409
67.137350 81.662460 67.027557 83.965195
70.494900 81.240710 70.391730 83.601859
73.887550 80.824150 73.798186 83.238441
77.323490 80.396640 77.251574 82.860110
80.789080 79.976060 80.739819 82.501122
84.272330 79.555690 84.277332 82.135939
87.905710 79.115140 87.860353 81.766633
91.502940 78.695120 91.470308 81.418244
95.146590 78.286560 95.122774 81.078996
98.824910 77.924670 98.816709 80.766679
102.543900 77.563440 102.549709 80.440805
106.275400 77.169080 106.309104 80.092166
109.984200 76.751160 110.060562 79.718517
113.656800 76.243460 113.771880 79.253580
117.407400 75.552270 117.442910 78.650864
120.956800 74.722870 120.993161 77.905057
124.476200 73.758740 124.490556 77.021177
127.908900 72.627210 127.938040 75.960714
131.267400 71.340570 131.332408 74.734972
134.528800 69.915820 134.632154 73.372574
137.733200 68.317340 137.880088 71.837226
140.905800 66.543340 141.108474 70.121769
144.000700 64.579340 144.255805 68.214197
147.109100 62.347380 147.333553 66.103647
150.015700 59.995290 150.318854 63.803010
152.818200 57.454660 153.196888 61.315065
155.462700 54.703790 155.930897 58.602854
157.963400 51.718410 158.438693 55.678217
160.285300 48.611740 160.726863 52.553382
162.347700 45.341500 162.780246 49.280221
164.173400 41.944920 164.617945 45.934368
165.820700 38.456280 166.301886 42.478554
167.321900 34.882400 167.840311 38.947916
168.675300 31.270020 169.238259 35.389738
169.989500 27.504420 170.622045 31.803799
171.142300 23.833660 171.959510 28.194067
172.273500 20.165610 173.257085 24.586119
173.384400 16.552890 174.573874 20.984808
174.630200 12.968520 175.927996 17.437088
175.940600 9.417778 177.342240 13.924686
177.349200 5.902720 178.838659 10.495633
178.914900 2.429154 180.492721 7.099452
180.652100 -0.964670 182.286897 3.773473
182.521300 -4.236664 184.208712 0.589573
184.589900 -7.459876 186.288571 -2.452108
186.774500 -10.432410 188.536084 -5.336204
189.133800 -13.189320 190.961801 -8.015652
191.671400 -15.698380 193.557505 -10.450867
194.379700 -17.964070 196.323472 -12.653415
197.208300 -20.007910 199.250119 -14.614891
200.234900 -21.763620 202.344764 -16.287064
203.394900 -23.221880 203.492810 -18.809719
206.810400 -24.375000 212.874181 -21.407996
210.219100 -25.110520 214.756428 -21.920232
213.649000 -25.462850 218.237444 -21.881260
217.118500 -25.445090 221.674531 -21.461815
220.558800 -25.079590 225.062566 -20.708022
223.997000 -24.407210 228.377687 -19.636097
227.390500 -23.423830 231.615738 -18.250251
230.696200 -22.118480 234.719363 -16.559258
233.977700 -20.456920 237.655173 -14.584856
237.052800 -18.544030 240.422061 -12.321272
239.979900 -16.380820 243.029392 -9.833893
242.786400 -14.018760 245.495574 -7.137534
245.455500 -11.457330 247.797783 -4.265734
247.987100 -8.726374 249.916438 -1.258787
250.373000 -5.822969 251.880811 1.912817
252.632600 -2.761501 253.698732 5.211708
254.776800 0.443857 255.395186 8.637519
256.897300 3.872130 257.008648 12.188618
258.912500 7.264266 258.584668 15.817253
260.900400 10.710160 260.132465 19.488482
262.845000 14.202060 261.624442 23.187956
264.753200 17.715350 263.087723 26.915749
266.643600 21.223380 264.528024 30.640332
268.528400 24.731980 265.963091 34.376385
270.370600 28.267530 267.416209 38.124393
272.208400 31.837210 268.868852 41.905898
274.107800 35.410690 270.331531 45.716600
276.029600 38.957640 271.795331 49.539462
278.024100 42.665010 273.267495 53.388327
279.936800 46.282210 274.733571 57.236055
281.796700 49.922920 276.183229 61.062842
283.578700 53.493190 277.592922 64.846623
285.367300 57.006100 278.950815 68.606716
287.081300 60.473490 280.249495 72.293224
288.713900 63.882000 281.491041 75.915291
290.289900 67.202280 282.699033 79.466573
291.860100 70.459920 283.914751 82.954412
293.576800 73.743120 285.230742 86.385820
295.384300 76.840420 286.681594 89.751537
297.289200 79.855650 288.273016 93.012691
299.386800 82.721620 290.070193 96.160052
301.663300 85.382770 292.076990 99.133581
304.125900 87.802910 294.291520 101.882705
306.773900 89.929820 296.718734 104.351952
309.572700 91.731270 299.347675 106.515917
312.605800 93.249690 302.140110 108.364472
315.644500 94.378170 305.081185 109.884354
318.771600 95.177200 308.143215 111.091353
321.973400 95.660970 311.304478 111.962492
325.214500 95.815240 314.530367 112.506765
328.404700 95.613170 317.751996 112.696741
331.621000 95.029960 320.959387 112.536782
334.732600 94.120420 324.107188 112.021954
337.602600 92.919130 327.174851 111.160024
340.426600 91.378120 330.153388 109.952100
343.013600 89.609800 333.018343 108.408577
345.441400 87.499180 335.738612 106.506997
347.619100 85.017220 338.253194 104.281198
349.482100 82.251910 340.497588 101.763809
351.012400 79.338280 342.413977 99.056950
352.210300 76.351740 344.020764 96.212414
353.113100 73.264700 345.371845 93.206010
353.862400 69.856820 346.536711 90.157195
354.468400 66.859500 347.610712 87.090706
355.050400 63.644540 348.611213 83.989014
355.516500 60.336250 349.535968 80.859301
355.880300 57.191480 350.376604 77.762363
356.210500 54.112120 351.165371 74.752954
356.536900 51.131610 351.955980 71.845854
356.972100 48.289870 352.810533 69.112988
357.548700 45.679380 353.741855 66.623279
358.284700 43.318490 354.802003 64.406587
359.272900 41.171800 356.071537 62.456030
360.572300 39.308700 357.580657 60.811791
362.148200 37.771730 359.306148 59.522375
363.949300 36.574940 361.240588 58.588884
366.036100 35.697110 363.430325 58.018331
368.490400 35.167640 365.861282 57.825809
371.196100 34.977880 368.396464 58.015601
373.921200 35.107670 371.041835 58.535777
376.697100 35.539700 373.723927 59.354296
379.456600 36.246490 376.370196 60.450010
382.181700 37.209610 378.943104 61.801458
384.826200 38.425080 381.395802 63.393981
387.414700 39.943890 383.664279 65.234312
389.735600 41.726730 385.708937 67.348815
391.820100 43.775140 387.488803 69.684429
393.697400 46.026020 389.031655 72.206225
395.382400 48.388090 390.376530 74.803789
396.933900 50.829130 391.561803 77.459380
398.314400 53.341830 392.566835 80.152739
399.575900 56.018920 393.404268 82.914466
400.606700 58.690010 394.057588 85.719890
401.414000 61.442650 394.495604 88.577247
401.996800 64.281420 394.681388 91.483690
402.350600 67.190600 394.620200 94.422843
402.487600 70.187050 394.301950 97.434977
402.460900 73.267910 393.792943 100.508452
402.356600 76.435610 393.178005 103.650984
402.245600 79.684510 392.507677 106.879021
402.088700 83.132260 391.789892 110.178017
401.942000 86.558770 391.023591 113.551187
401.737000 90.063550 390.219143 116.976490
401.472400 93.675850 389.378094 120.482284
401.187700 97.362590 388.495008 124.082463
400.855700 101.108300 387.566500 127.732800
400.501300 104.880900 386.617350 131.418647
400.111600 108.633000 385.634821 135.077553
399.665800 112.370900 384.605963 138.700996
399.153000 116.209500 383.523658 142.345613
398.619500 119.895200 382.418042 145.922336
398.043700 123.570500 381.268473 149.486549
397.430900 127.258200 380.109354 153.040557
396.853400 130.944100 378.978016 156.596872
396.250000 134.603600 377.823715 160.126151
395.632000 138.185100 376.688198 163.644780
395.066400 141.771400 375.576950 167.197843
394.519200 145.362700 374.483450 170.729483
393.982700 149.071400 373.414504 174.242175
393.480500 152.692700 372.354875 177.763719
392.990700 156.317900 371.297092 181.307069
392.502400 159.957000 370.242078 184.831336
392.019000 163.613800 369.180153 188.400609
391.544600 167.278900 368.119182 191.986814
391.073600 170.945000 367.060565 195.577719
390.612700 174.635400 366.009949 199.179063
390.150400 178.319900 364.953740 202.780095
389.691900 182.131300 363.924856 206.383146
389.276200 185.860800 362.949160 210.029092
388.929600 189.631400 362.042311 213.691772
388.642900 193.400600 361.192028 217.358779
388.431200 197.174300 360.401179 221.035060
388.281600 200.969700 359.666388 224.735926
388.207000 204.743000 359.000572 228.469581
388.204700 208.543600 358.398729 232.229185
388.265300 212.339700 357.852498 236.011343
388.382400 216.260000 357.349089 239.794038
388.564300 220.070500 356.907425 243.613610
388.827300 223.881600 356.540712 247.479744
389.156300 227.705500 356.239198 251.344626
389.565300 231.534000 356.022110 255.219916
390.045200 235.373800 355.872189 259.131916
390.576200 239.227700 355.775540 263.037688
391.167800 243.084800 355.745803 266.972992
391.855700 246.961400 355.813838 270.950850
392.506600 250.982400 355.947190 274.932633
393.254100 254.907800 356.191514 278.930456
394.189300 258.801700 356.550951 282.940572
395.270400 262.674900 356.998850 286.954344
396.436100 266.495000 357.519709 290.929981
397.642500 270.230100 358.119767 294.845101
398.962900 273.897400 358.766439 298.700956
400.304600 277.517500 359.471323 302.513548
401.714400 281.115800 360.232791 306.313579
403.133600 284.710500 361.023651 310.118274
404.629500 288.344400 361.824558 313.859711
406.054500 291.822100 362.635006 317.570884
407.466200 295.238700 363.446599 321.218635
408.852900 298.595200 364.237899 324.809932
410.221000 301.898300 365.026010 328.334991
411.589600 305.165300 365.821517 331.813602
412.963600 308.420800 366.624398 335.262027
414.335900 311.709800 367.421406 338.755509
415.677500 315.038400 368.224206 342.289247
417.039700 318.530300 369.066463 345.869427
418.438200 321.913400 370.014297 349.484146
419.997400 325.311200 371.086793 353.121237
421.694400 328.713500 372.239415 356.767899
423.534700 332.133700 373.520574 360.424152
425.453000 335.565400 374.883855 364.130270
427.450900 338.967000 376.333443 367.846586
429.492300 342.321300 377.824215 371.508214
431.547600 345.618300 379.336427 375.121650
433.594300 348.909300 380.845756 378.739286
435.746700 352.311400 382.391352 382.357628
437.830000 355.627600 383.925401 385.987767
439.945000 358.962300 385.488955 389.650978
442.017400 362.284700 387.013051 393.294914
444.083400 365.624300 388.530711 396.941860
446.140100 368.948500 390.047704 400.593533
448.167600 372.286000 391.549724 404.244999
450.160300 375.630300 393.032309 407.855129
452.126200 378.947700 394.538161 411.478018
454.179500 382.348200 396.059943 415.081247
456.252600 385.627000 397.608589 418.682522
458.319900 388.911100 399.173729 422.277823
460.440700 392.136300 400.779517 425.812659
462.585600 395.308000 402.401675 429.298369
464.645300 398.329700 404.277450 431.064467
466.702500 401.247200 405.795053 434.354427
468.719900 404.113500 407.248207 437.546607
470.717200 406.921000 408.712477 440.691113
472.728700 409.654700 410.162772 443.769887
474.766400 412.436100 411.602289 446.799975
476.694000 415.076100 413.020303 449.791526
478.591200 417.637100 414.389968 452.663342
480.461000 420.130600 415.745367 455.451929
482.277400 422.510100 417.082975 458.118536
484.032300 424.743600 418.381358 460.630261
485.700800 426.817000 419.629545 462.978043
487.258900 428.753500 420.815404 465.168477
488.763800 430.613100 421.945616 467.269542
490.212200 432.423100 422.996410 469.244571
491.473900 434.062600 423.927359 471.070782
492.616000 435.578900 424.769363 472.745727
493.676500 437.001600 425.561647 474.336285
494.691300 438.409100 426.306044 475.894174
495.580000 439.848000 426.915823 477.439678
496.281800 441.356900 427.337989 479.001264
496.723700 442.934600 427.511416 480.590850
496.970000 444.572800 427.477808 482.235966
496.909900 446.307200 427.159522 483.950564
496.660900 448.099800 426.593865 485.675166
496.117600 449.987500 425.738572 487.373770
495.404200 451.816100 424.681225 489.022042
494.467400 453.634500 423.408689 490.615679
493.448000 455.499000 422.045434 492.248757
492.357500 457.419900 420.628474 493.918881
491.243700 459.415500 419.144096 495.660573
490.041500 461.525300 417.604557 497.461541
488.855700 463.657400 416.012577 499.329969
487.609300 465.915800 414.351157 501.282251
486.327600 468.255200 412.631839 503.307528
485.021500 470.661500 410.855316 505.388746
483.693000 473.099000 409.041727 507.505528
482.345900 475.570700 407.211064 509.651348
480.990200 478.063700 405.369266 511.821608
479.620600 480.590400 403.513447 514.011690
478.214700 483.198900 401.640961 516.208316
476.822200 485.716500 399.757789 518.390786
475.412300 488.290600 397.856340 520.626627
473.997200 490.845100 395.951509 522.841273
472.560800 493.412300 394.027851 525.063420
471.133600 495.953400 392.124432 527.264370
469.761900 498.391100 390.296833 529.374876
468.422600 500.774800 388.511699 531.439687
467.120400 503.083400 386.777278 533.439862
465.850400 505.329800 385.135745 535.327401
464.705500 507.358200 383.606834 537.089837
463.656400 509.231500 382.199428 538.719225
462.678700 510.999100 380.880018 540.265458
461.721800 512.743300 379.592485 541.782551
460.803600 514.425600 378.347294 543.258457
459.933000 516.017300 377.167358 544.648683
459.145400 517.484600 376.095903 545.930886
458.424300 518.810900 375.107957 547.093790
457.700500 520.069500 374.136206 548.192448
456.856900 521.305500 373.089394 549.198939
455.906100 522.400800 371.935303 550.065580
454.807900 523.309500 370.683785 550.736699
453.571100 523.918800 369.356487 551.193417
452.122800 524.397200 367.878193 551.430859
450.479400 524.602300 366.262310 551.390764
448.749500 524.551200 364.567138 551.025039
446.956600 524.155300 362.854437 550.314883
445.112200 523.494000 361.170236 549.297901
443.177100 522.638600 359.485999 548.040941
441.152200 521.529200 357.800110 546.570746
439.160900 520.297400 356.108431 544.938973
437.170700 518.999600 354.423347 543.245224
435.242500 517.637000 352.806301 541.493883
433.366200 516.208600 351.256130 539.687022
431.530700 514.709900 349.774492 537.825044
429.729700 513.085900 348.378648 535.901326
428.059700 511.453400 347.058154 533.936392
426.463600 509.779800 345.818684 531.942015
424.988000 508.071600 344.690806 529.935733
423.573100 506.303800 343.644516 527.890211
422.251800 504.527400 342.681728 525.842368
420.999000 502.687300 341.809969 523.755587
419.806400 500.786200 341.009316 521.617979
418.664600 498.826600 340.267281 519.425019
417.516400 496.742600 339.580278 517.187097
416.425400 494.667200 338.936682 514.890744
415.387300 492.517600 338.337195 512.534051
414.374300 490.312800 337.767861 510.129959
413.386000 488.096000 337.237104 507.713269
412.405300 485.858600 336.718324 505.283391
411.421900 483.598500 336.225592 502.842679
410.489400 481.317300 335.779728 500.396888
409.590000 479.025600 335.366767 497.942443
408.687100 476.663300 334.996153 495.493593
407.831400 474.382400 334.649921 493.048235
407.002600 472.102400 334.326657 490.613579
406.195500 469.841300 334.019100 488.204331
405.413300 467.639100 333.731507 485.875116
404.675000 465.546100 333.468684 483.661194
403.977000 463.587200 333.207385 481.586086
403.293800 461.789600 332.954032 479.666532
402.663200 460.026600 332.686942 477.792950
402.027800 458.208200 332.432131 475.926732
401.379400 456.456500 332.148233 474.060284
400.735500 454.684000 331.867668 472.180805
400.083400 452.905600 331.585775 470.293952
399.418200 451.053600 331.313749 468.336610
398.708700 449.151300 331.003428 466.319059
397.915100 447.191700 330.646704 464.227850
397.066400 445.159300 330.247376 462.051669
396.216400 443.076400 329.837603 459.839623
395.284900 440.865200 329.392728 457.561829
394.364400 438.655200 328.931431 455.239327
393.420600 436.410100 328.475259 452.876474
392.440900 434.143900 328.016120 450.471869
391.429300 431.838500 327.529494 448.023755
390.374100 429.470600 327.011439 445.500412
389.271300 427.054200 326.448576 442.912238
388.100200 424.593400 325.835779 440.283144
386.848600 422.042700 325.190320 437.632636
385.595200 419.542500 324.510650 434.945213
384.322000 417.028800 323.812496 432.223514
383.000100 414.490300 323.068227 429.460749
381.668600 411.954100 322.314599 426.713616
380.305400 409.396200 321.541168 423.944911
378.916000 406.831900 320.736611 421.155906
377.495100 404.255600 319.906145 418.341447
376.036500 401.683800 319.035668 415.515602
374.531500 399.106500 318.118395 412.668701
372.934000 396.446600 317.167679 409.818414
371.346600 393.865900 316.172218 406.939899
369.726900 391.281500 315.155282 404.062362
368.080700 388.720400 314.101072 401.190112
366.432500 386.191600 313.002076 398.292653
364.766200 383.625000 311.914531 395.391188
363.076500 381.054800 310.801875 392.465829
361.367600 378.506700 309.674285 389.573318
359.577200 376.047800 308.541011 386.769780
357.792100 373.616400 307.414853 384.078614
356.101100 371.336000 306.283263 381.471923
354.407700 369.086100 305.144883 378.885253
352.727700 366.871200 304.008137 376.332102
351.089400 364.716200 302.892667 373.835903
349.520200 362.621600 301.828910 371.417320
348.049400 360.619500 300.820389 369.110192
346.670900 358.716000 299.876777 366.939579
345.356800 356.965600 298.960935 364.920298
344.040200 355.337900 298.058664 363.068169
342.779600 353.867700 297.142995 361.353461
341.491600 352.532200 296.172757 359.759582
340.200000 351.361100 295.147267 358.333298
338.840100 350.379000 294.023614 357.064785
337.410800 349.610300 292.785902 355.988597
335.844400 349.084000 291.395883 355.139481
334.200700 348.857400 289.837905 354.523012
332.519000 348.968100 288.161783 354.226949
330.861900 349.349500 286.456109 354.220555
329.282500 350.084400 284.747525 354.562844
327.722200 351.017000 283.020082 355.125770
326.184700 352.157500 281.276517 355.896224
324.557600 353.452900 279.466214 356.763219
322.921100 354.827200 277.574805 357.710681
321.185100 356.263600 275.557452 358.692854
319.303500 357.668200 273.411722 359.603191
317.299800 358.956300 271.187474 360.378610
315.156500 360.109700 268.849932 360.996391
312.921900 361.112500 266.444944 361.430463
310.586900 361.949400 263.987262 361.676794
308.155300 362.601100 261.483894 361.733297
305.654800 363.085600 258.937700 361.600765
303.060200 363.377300 256.360974 361.279714
300.350300 363.507700 253.773942 360.774923
297.677700 363.469900 251.176041 360.115443
294.941600 363.328200 248.555397 359.334415
292.171400 363.120600 245.912681 358.472969
289.378300 362.888600 243.257689 357.575532
286.578500 362.629800 240.600840 356.645560
283.791500 362.323300 237.954061 355.671743
281.031800 362.052400 235.342486 354.727635
278.203900 361.806100 232.749476 353.820571
275.492700 361.608100 230.170366 352.960291
272.795300 361.472000 227.580409 352.168602
270.103500 361.408100 224.965380 351.458553
267.408500 361.450200 222.326315 350.853559
264.720400 361.627100 219.664396 350.376450
262.039300 361.928700 216.993497 350.023496
259.360500 362.358500 214.304444 349.787571
256.610500 362.926400 211.592537 349.673167
253.965700 363.620600 208.862078 349.696778
251.347800 364.459400 206.128387 349.861817
248.748400 365.464200 203.367306 350.200349
246.172100 366.621300 200.589695 350.710626
243.649100 367.942000 197.805650 351.403897
241.177900 369.449000 195.054754 352.277402
238.798700 371.107300 192.369763 353.321216
236.474000 372.975900 189.772977 354.535474
234.332900 374.902000 187.261426 355.887364
232.280600 376.944500 184.815528 357.372664
230.350700 379.107800 182.450386 359.003228
228.520200 381.370400 180.165583 360.763637
226.843800 383.740900 177.995792 362.659834
225.327000 386.222700 175.940238 364.705508
223.960500 388.801400 174.003390 366.882996
222.713700 391.589600 172.186691 369.209577
221.679000 394.408400 170.494903 371.695879
220.805300 397.336000 168.931706 374.335336
220.113100 400.353600 167.528585 377.085536
219.572200 403.512000 166.240780 380.044004
219.211900 406.784200 165.107309 383.136912
219.035700 410.118700 164.138801 386.338415
219.040800 413.496600 163.333929 389.635018
219.224700 416.888500 162.699525 392.982189
219.529200 420.298900 162.185663 396.369046
219.919700 423.814800 161.730991 399.773167
220.400600 427.235000 161.359415 403.211776
220.958000 430.670000 161.047726 406.676928
221.529300 434.136000 160.739643 410.169257
222.125100 437.624700 160.449440 413.690051
222.759400 441.142100 160.169718 417.252902
223.408600 444.704600 159.893976 420.850038
224.058600 448.312800 159.610803 424.489110
224.725000 451.961500 159.336070 428.179679
225.426600 455.753800 159.059082 431.891372
226.112000 459.438500 158.785914 435.623806
226.839400 463.116400 158.559099 439.362683
227.583700 466.801800 158.343215 443.104791
228.340100 470.483500 158.140412 446.853927
229.103200 474.161400 157.948191 450.590125
229.850400 477.826400 157.742875 454.315036
230.585700 481.483200 157.526503 458.031444
231.360500 485.253300 157.314286 461.759612
232.116800 488.891700 157.117720 465.450310
232.868000 492.524000 156.916086 469.166053
233.648000 496.146200 156.734693 472.847559
234.428300 499.775100 156.562309 476.513718
235.206000 503.370100 156.392238 480.181734
236.002800 506.955000 156.247770 483.844103
236.796700 510.524200 156.104310 487.491211
237.572100 514.070200 155.942968 491.119995
238.362800 517.712500 155.777597 494.735911
239.125600 521.224900 155.615606 498.299277
239.856000 524.724000 155.426132 501.850818
240.543800 528.200800 155.209868 505.384630
241.207800 531.648100 154.977893 508.885436
241.844900 535.077900 154.749403 512.360661
242.461700 538.482200 154.502624 515.812715
243.094400 541.856000 154.269086 519.239138
243.753800 545.201900 154.070436 522.640595
244.425800 548.632500 153.895053 526.028996
245.102900 551.911900 153.753095 529.381715
245.800900 555.164700 153.629784 532.715972
246.514800 558.366500 153.535248 536.005263
247.270000 561.552700 153.486798 539.286816
248.061400 564.684400 153.483120 542.517660
248.903800 567.769200 153.543802 545.707296
249.819600 570.795600 153.674433 548.864471
250.821200 573.876000 153.875994 552.011494
251.849000 576.804900 154.137024 555.108467
252.915700 579.695700 154.440517 558.181377
254.020400 582.588300 154.769060 561.254885
255.116900 585.496700 155.093041 564.346615
256.198700 588.412800 155.386308 567.446709
257.243700 591.350300 155.637955 570.552111
258.250800 594.264100 155.868866 573.630601
259.249300 597.210800 156.068157 576.729592
260.266700 600.226300 156.263933 579.815073
261.255400 603.131400 156.473694 582.871913
262.302800 605.989100 156.750487 585.899737
263.445000 608.802300 157.140817 588.911525
264.710000 611.545200 157.678916 591.902688
266.124100 614.213300 158.375588 594.866578
267.692200 616.804400 159.239986 597.782879
269.419900 619.341800 160.275415 600.690232
271.364100 621.871800 161.472565 603.551781
273.386200 624.233600 162.818324 606.360425
275.514600 626.478400 164.310680 609.099829
277.754700 628.593500 165.937915 611.737174
280.100000 630.557000 167.693239 614.249799
282.566300 632.378000 169.603796 616.651940
285.168100 634.041700 171.695241 618.948980
287.874200 635.611200 173.905584 621.173088
290.694500 637.093400 176.252597 623.339758
293.738900 638.516900 178.746536 625.451750
296.799700 639.858400 181.341606 627.543414
299.962600 641.156900 184.048968 629.641628
303.211800 642.442700 186.817475 631.741139
306.481900 643.709100 189.614532 633.821783
309.787900 644.959500 192.416069 635.872107
313.104800 646.178400 195.254395 637.907208
316.430800 647.385600 198.111866 639.932662
319.738900 648.612900 200.936297 641.969580
323.128300 649.923500 203.728926 644.042720
326.334900 651.269700 206.466080 646.178080
329.491100 652.690900 209.143017 648.375375
332.585800 654.150400 211.738629 650.602216
335.531000 655.597800 214.226340 652.778526
338.299700 657.024300 216.562812 654.893018
340.963300 658.445900 218.811015 656.971413
343.493200 659.821400 220.942571 658.960672
345.966400 661.179800 222.950911 660.861947
348.220700 662.421200 224.840591 662.655447
350.379400 663.609700 226.651992 664.374106
352.411200 664.704400 228.362312 665.969681
354.304500 665.678600 229.965583 667.413688
355.993800 666.528100 231.394551 668.688687
357.507600 667.251800 232.671290 669.791908
358.807600 667.872600 233.769427 670.732799
359.934500 668.396200 234.703555 671.508528
360.827600 668.817400 235.468654 672.154004
361.589700 669.178000 236.109948 672.713836
362.341000 669.547500 236.697490 673.284293
363.020900 669.978100 237.219145 673.885254
363.679300 670.516700 237.711357 674.574426
364.338200 671.253200 238.166460 675.456684
364.966600 672.217300 238.529140 676.558263
365.464200 673.443200 238.674744 677.886415
365.802200 674.949500 238.562680 679.391753
365.876000 676.640000 238.109765 680.995000
365.669300 678.527400 237.350783 682.656801
365.224300 680.447400 236.344181 684.305603
364.601000 682.455400 235.124253 686.003896
363.755500 684.535700 233.699036 687.722342
362.648100 686.674600 232.050286 689.456239
361.396500 688.888000 230.224182 691.227240
360.038900 691.299300 228.287643 693.084965
358.647200 693.750700 226.242510 695.022556
357.173500 696.345200 224.072141 697.066757
355.653400 699.042500 221.818544 699.196483
354.056000 701.845200 219.456159 701.406647
352.417000 704.727200 217.029585 703.679553
350.734400 707.687800 214.537676 706.014382
348.959500 710.832400 211.974355 708.424031
347.186100 713.916900 209.344975 710.853076
345.371200 717.087100 206.653240 713.348262
343.535100 720.331600 203.930440 715.901318
341.664200 723.623000 201.166575 718.483107
339.774700 726.981100 198.347413 721.141868
337.860600 730.397600 195.504315 723.830246
335.916900 733.862000 192.607623 726.561959
333.882800 737.498700 189.662068 729.349542
331.909800 741.080700 186.712533 732.173445
329.931500 744.673900 183.754937 735.004758
327.959100 748.218200 180.812593 737.796337
326.026300 751.705000 177.914897 740.549839
324.104800 755.164000 175.034163 743.277673
322.177500 758.629900 172.147315 746.018976
320.201800 762.099600 169.231411 748.731393
318.270000 765.531300 166.347553 751.434294
316.362800 768.955300 163.485193 754.133252
314.373400 772.494000 160.608174 756.821797
312.406500 775.918800 157.687399 759.500224
310.391100 779.336400 154.720690 762.159259
308.266600 782.748700 151.665331 764.775831
306.014200 786.121800 148.512728 767.336014
303.659400 789.448400 146.338339 769.079510
301.139000 792.710800 142.977485 771.460669
298.524000 795.873300 139.546472 773.709666
295.821000 798.962000 136.041304 775.859352
293.056400 802.033300 132.489377 777.964041
290.143500 805.159200 128.885556 780.014095
287.256500 808.129500 125.236927 781.988240
284.258500 811.035900 121.504860 783.868514
281.191600 813.823300 117.743978 785.609756
278.033100 816.497000 115.956590 786.666767
274.823800 819.046900 112.155498 788.141394
271.575000 821.465200 108.344857 789.474938
268.320300 823.739700 104.567445 790.666979
265.083700 825.890400 100.830002 791.746217
261.738200 828.040100 97.115286 792.752972
258.552200 830.036300 93.461786 793.694356
255.422100 831.929600 91.451640 794.230631
252.330600 833.743000 89.260727 794.563066
249.214600 835.417300 85.868501 795.292262
245.865600 836.889600 82.580824 795.950041
242.729900 838.336300 79.413871 796.562477
239.774500 839.761900 76.411990 797.127270
237.093900 841.069200 73.563801 797.656334
234.628700 842.308300 70.903627 798.160321
232.354300 843.493600 68.416110 798.660952
230.263600 844.599700 66.126315 799.131589
228.341500 845.590100 64.026453 799.532327
226.520700 846.439100 62.042886 799.820469
224.742700 847.095200 60.148882 799.932126
223.045900 847.542600 58.391559 799.864524
221.341800 847.756700 56.684964 799.571155
219.504300 847.683600 55.020081 799.000160
217.777500 847.249600 53.487355 798.120294
216.149200 846.453500 52.106682 796.936002
214.663800 845.349300 50.956519 795.484167
213.334900 843.977500 50.044992 793.796987
212.161700 842.404900 49.368022 791.946242
211.115800 840.638400 48.885270 789.947815
210.173100 838.615700 48.600784 787.810634
209.338900 836.442100 48.463992 785.495943
208.585600 834.164400 48.439120 783.097530
207.854500 831.732200 48.491487 780.565531
207.139800 829.163100 48.601103 777.932653
206.388700 826.423400 48.733085 775.209087
205.648400 823.665200 48.866406 772.367911
204.887500 820.825800 48.995875 769.429387
204.122700 817.910200 49.134337 766.414531
203.354600 814.922900 49.286150 763.323153
202.555100 811.839300 49.441372 760.145566
201.727700 808.686100 49.599987 756.890724
200.880000 805.459600 49.764560 753.561169
199.985700 802.090800 49.917964 750.172157
199.110300 798.788500 50.082451 746.742135
198.231000 795.455900 50.252714 743.289642
197.363600 792.091300 50.429638 739.812619
196.489600 788.697200 50.604910 736.291271
195.554000 785.276600 50.754026 732.753517
194.571500 781.828900 50.868111 729.181054
193.540200 778.371000 50.936215 725.543351
192.440900 774.885500 50.951602 721.881329
191.243400 771.276100 50.902873 718.177610
190.043000 767.740600 50.839426 714.436842
188.843100 764.164300 50.773557 710.656583
187.674300 760.532800 50.771255 706.830907
186.568400 756.845400 50.842293 702.972608
185.546600 753.130300 50.999580 699.098296
184.582300 749.376900 51.221432 695.235308
183.664200 745.598400 51.511642 691.327386
182.791200 741.787700 51.858235 687.413777
181.934600 737.833500 52.242804 683.496319
181.133700 733.976200 52.663492 679.585875
180.375500 730.109300 53.108215 675.691798
179.650800 726.223000 53.578485 671.762536
178.926600 722.330100 54.049823 667.827815
178.206600 718.420800 54.551362 663.868066
177.509500 714.487200 55.091207 659.878502
176.833000 710.504000 55.662154 655.871478
176.162000 706.552200 56.241003 651.888683
175.498200 702.492000 56.844238 647.927952
174.904800 698.596900 57.480045 644.010795
174.343400 694.734000 58.126064 640.149460
173.800700 690.935300 58.773783 636.363672
173.257600 687.170900 59.410588 632.604129
172.748100 683.442600 60.040084 628.889886
172.250400 679.759500 60.668847 625.222048
171.760300 676.090200 61.294365 621.568819
171.257900 672.454400 61.914250 617.937905
170.723500 668.718600 62.513981 614.308323
170.189100 665.099200 63.116827 610.669339
169.636900 661.469300 63.724294 607.036007
169.054100 657.822600 64.311527 603.394915
168.484800 654.145700 64.920057 599.731859
167.919300 650.464200 65.546224 596.071768
167.375100 646.768300 66.190803 592.400382
166.846600 643.056500 66.839623 588.694218
166.280800 639.218500 67.492945 584.977183
165.723300 635.480400 68.139069 581.253355
165.141300 631.730200 68.771796 577.516509
164.530400 627.950100 69.382819 573.744905
163.918700 624.138200 70.004469 569.938105
163.313700 620.321000 70.622199 566.125822
162.712200 616.486400 71.241835 562.293467
162.131400 612.652400 71.870332 558.468901
161.533700 608.824000 72.508846 554.625463
160.869000 604.891200 73.152872 550.775251
160.245700 601.068000 73.801182 546.884555
159.609200 597.219100 74.435793 543.012537
158.956000 593.329700 75.089013 539.117692
158.326000 589.426400 75.750291 535.184971
157.700300 585.512500 76.412401 531.276413
157.064100 581.571500 77.078752 527.331297
156.437700 577.612000 77.750366 523.381527
155.797100 573.514500 78.434459 519.428748
155.202800 569.535200 79.127439 515.485839
154.599700 565.563100 79.819864 511.541626
153.989800 561.583700 80.490208 507.584259
153.383200 557.622200 81.149409 503.638240
152.766200 553.672600 81.823670 499.703312
152.118100 549.726300 82.492701 495.756857
151.448000 545.785700 83.142683 491.815020
150.815700 541.847500 83.807719 487.857609
150.224900 537.894100 84.472800 483.902069
149.663300 533.794900 85.143772 479.930895
149.170000 529.816500 85.836724 475.988420
148.682900 525.835700 86.533623 472.035386
148.198900 521.858200 87.255320 468.082692
147.716800 517.879100 87.977774 464.133282
147.181300 513.912700 88.669646 460.189021
146.661600 509.931200 89.356356 456.239734
146.096400 505.965700 90.025552 452.299125
145.520800 502.014900 90.706033 448.363381
144.928100 497.940800 91.365617 444.444096
144.326800 493.992600 92.002521 440.494208
143.733100 490.023800 92.635386 436.542968
143.185500 486.051100 93.299146 432.596040
142.612700 482.072100 93.953372 428.636496
142.047000 478.093200 94.626800 424.684830
141.503500 474.106900 95.315141 420.739879
140.961400 470.115700 96.013934 416.787262
140.426600 466.146000 96.707074 412.859896
139.900600 462.201500 97.401519 408.981157
139.367300 458.179200 98.097506 405.139426
138.850700 454.314300 98.785813 401.331499
138.349500 450.483200 99.473881 397.566523
137.868400 446.673200 100.176047 393.824787
137.413200 442.866600 100.898352 390.091248
136.992000 439.052000 101.658036 386.328834
136.606000 435.242400 102.441204 382.585329
136.230900 431.429500 103.241650 378.832192
135.913100 427.621500 104.095154 375.100916
135.621800 423.656800 105.008300 371.378082
135.349200 419.838700 105.944305 367.685831
135.115500 415.975900 106.939216 363.967953
134.940100 412.124700 107.972596 360.258215
134.809300 408.290600 109.046713 356.581394
134.736600 404.500800 110.159592 352.958638
134.701200 400.767300 111.286178 349.408480
134.673800 397.091400 112.405367 345.915932
134.699400 393.482700 113.555816 342.500614
134.739800 389.936100 114.708129 339.146022
134.819600 386.328900 115.861023 335.861863
134.924900 382.890600 117.021149 332.637003
135.046900 379.522500 118.179588 329.471093
135.205700 376.214000 119.341977 326.374508
135.406300 373.000600 120.513092 323.379265
135.627400 369.852800 121.691167 320.480252
135.907500 366.777800 122.901149 317.666992
136.291300 363.798600 124.175061 314.987666
136.800100 360.907300 125.541780 312.421192
137.439700 358.020300 127.020288 309.958560
138.190700 355.252600 128.600495 307.567189
139.040600 352.495900 130.256176 305.226919
139.963900 349.777900 131.968472 302.948518
140.961800 347.139100 133.724310 300.770544
142.031900 344.570000 135.532282 298.670741
143.186000 342.081500 137.385114 296.689274
144.440000 339.679300 139.313347 294.814005
145.869100 337.275900 141.334500 293.045922
147.418500 335.026200 143.479203 291.409976
149.140500 332.851500 145.758819 289.903036
151.042800 330.738400 148.172166 288.534757
153.116400 328.736400 150.733522 287.316507
155.343300 326.892600 153.440267 286.275014
157.743200 325.192000 156.231167 285.438297
160.292700 323.679000 159.101346 284.834296
162.994400 322.378600 162.063343 284.483947
165.939900 321.278800 165.093316 284.397393
168.916300 320.422100 168.171968 284.547044
171.995400 319.720300 171.288933 284.870641
175.161800 319.124400 174.471425 285.326308
178.410300 318.593100 177.726672 285.867339
181.714600 318.080600 181.036437 286.470687
184.982700 317.526500 184.430168 287.127525
188.374800 316.989900 187.896743 287.794158
191.923500 316.458300 191.375088 288.451014
195.402800 315.917200 194.928356 289.082167
198.897400 315.332200 198.469330 289.663277
202.394300 314.690700 202.030267 290.190153
205.917300 313.983100 205.607326 290.649006
209.432900 313.176300 209.238869 291.017748
212.909300 312.283500 212.844445 291.283137
216.304100 311.289700 216.375497 291.425407
219.613500 310.189400 219.842841 291.442240
222.917600 308.920000 223.267861 291.295822
225.983500 307.566100 226.591601 290.999652
228.936000 306.083100 229.857113 290.546830
231.770700 304.466000 233.056254 289.926207
234.462800 302.754300 236.150297 289.171192
237.013000 300.987400 239.128040 288.312648
239.397800 299.162500 241.973885 287.349561
241.606600 297.324700 244.645461 286.322664
243.611300 295.514200 247.138930 285.237629
245.443700 293.680500 249.409028 284.113538
246.998800 291.945900 251.446455 282.959037
248.313400 290.268000 253.219688 281.787991
249.374500 288.667600 254.743204 280.609131
250.219800 287.098100 256.051068 279.383357
250.832500 285.562800 257.128009 278.111001
251.203400 283.984900 258.010294 276.714926
251.380700 282.297900 258.706497 275.216923
251.268200 280.639700 259.155074 273.593280
250.825200 278.986400 259.307414 271.825412
250.048900 277.318000 259.126779 269.958123
248.916800 275.701500 258.568703 268.040245
247.457400 274.166900 257.666971 266.095694
245.681200 272.692400 256.472508 264.113174
243.687700 271.228200 255.070941 262.060222
241.567200 269.639800 253.591380 259.864775
239.271100 267.861200 252.065075 257.514335
236.962900 265.996600 250.508077 254.992419
234.600200 263.999400 248.946388 252.322695
232.229600 261.857300 247.421103 249.515587
229.873200 259.599000 245.934384 246.590984
227.509500 257.247400 244.476359 243.582053
225.176000 254.790000 243.079843 240.495340
222.861800 252.250900 241.718237 237.314821
220.612400 249.675200 240.434640 234.122903
218.458200 247.151000 239.231701 231.003125
216.352400 244.619100 238.110176 227.983543
214.476400 242.237300 237.113830 225.074368
212.774700 239.936300 236.250814 222.312112
211.197100 237.759300 235.456135 219.704559
209.695200 235.776200 234.675827 217.307791
208.209600 234.039200 233.827489 215.132611
206.703500 232.576100 232.874544 213.208507
205.087200 231.352300 231.774889 211.539585
203.429300 230.419500 230.487609 210.067810
201.618000 229.766000 228.943133 208.803899
199.708100 229.422700 227.172620 207.812465
197.678700 229.436300 225.238552 207.153622
195.731100 229.790600 223.214573 206.830133
193.796500 230.520700 221.096810 206.870968
191.914900 231.547200 218.900997 207.209751
190.055300 232.754800 216.645602 207.719259
188.077500 234.042500 214.291290 208.263318
185.948300 235.354700 211.804759 208.784034
183.670700 236.667400 209.174333 209.252236
181.236700 237.962400 206.418933 209.626520
178.600400 239.207800 203.523245 209.890989
175.732000 240.395900 200.528664 210.012253
172.721600 241.404400 197.405395 209.973509
169.631000 242.336900 194.237008 209.862741
166.487000 243.184300 191.034032 209.640921
163.324200 243.948000 187.783640 209.294330
160.088100 244.680400 184.518920 208.919720
156.817100 245.366600 181.249213 208.503676
153.502600 246.004100 177.940191 208.025774
150.089700 246.620600 174.638956 207.500499
146.818400 247.212600 171.349850 206.959835
143.529300 247.784200 168.070403 206.398033
140.244700 248.348800 164.802252 205.831519
136.984800 248.906200 161.563352 205.270523
133.762700 249.460100 158.363759 204.726224
130.584600 250.018200 155.197899 204.214285
127.453800 250.597200 152.032443 203.757623
124.278700 251.265700 148.902773 203.368486
121.240300 251.981100 145.775117 203.059107
118.263100 252.786800 142.685239 202.845381
115.338500 253.697400 139.592670 202.738121
112.466500 254.775300 136.506235 202.776035
109.611900 256.052100 133.378424 202.996173
106.838900 257.529800 130.267162 203.437263
104.139900 259.158900 127.173908 204.059468
101.462800 261.004200 124.113772 204.851342
98.981420 262.944200 121.108753 205.820314
96.593840 265.045500 118.110036 206.980448
94.275710 267.301900 115.160588 208.293003
92.043610 269.673800 112.242099 209.782918
89.930410 272.197900 109.392376 211.447789
87.932880 274.874600 106.612237 213.278395
86.064220 277.691600 103.884616 215.291584
84.322250 280.655200 101.235037 217.465826
82.653190 283.814000 98.664851 219.765636
81.120850 286.997500 96.139130 222.215069
79.832530 290.252000 93.805700 224.819196
78.622270 293.658100 91.491387 227.558748
77.530210 297.082700 89.273796 230.353346
76.569960 300.570100 87.167126 233.251604
75.750000 304.082800 85.189815 236.219220
75.061090 307.642700 83.310400 239.304955
74.516640 311.234800 81.555054 242.475186
74.100540 314.978500 79.920562 245.712952
73.833140 318.627900 78.405407 249.019119
73.780470 322.281300 76.967737 252.359703
73.834260 325.914600 75.594729 255.732298
73.882640 329.547000 74.280582 259.120568
74.065750 333.151300 73.019832 262.499757
74.238390 336.776500 71.796297 265.879617
74.410330 340.395700 70.592238 269.288228
74.580460 344.031400 69.433858 272.684432
74.733460 347.793500 68.260094 276.075941
74.806550 351.430600 67.012697 279.434557
74.840310 355.016200 65.766230 282.788362
74.885840 358.591200 64.526520 286.121611
74.819110 362.169500 63.258946 289.444155
74.759950 365.726900 61.981898 292.765829
74.630510 369.285400 60.660716 296.061351
74.436680 372.892100 59.277207 299.348646
74.188000 376.477800 57.828545 302.599358
73.899180 380.179200 56.334165 305.833683
73.548380 383.748500 54.805180 308.985158
73.136600 387.313800 53.202559 312.162887
72.711700 390.845600 51.581776 315.299373
72.202100 394.359800 49.862695 318.381454
71.666740 397.892100 48.106237 321.483715
71.061340 401.400900 46.283889 324.545644
70.400270 404.913900 44.415281 327.595169
69.672200 408.499900 42.514683 330.610935
68.952110 411.985300 40.626276 333.635151
68.216250 415.475900 38.716743 336.627175
67.513190 418.989900 36.817433 339.605610
66.819420 422.498000 34.911892 342.610333
66.118870 425.974700 33.022085 345.636125
65.428090 429.425300 31.136132 348.660602
64.771220 432.923600 29.267032 351.731327
64.170710 436.616000 27.452591 354.872343
63.621340 440.201500 25.674421 358.020982
63.175170 443.801300 23.979869 361.214493
62.776100 447.411600 22.347359 364.418149
62.485810 451.007800 20.805079 367.662393
62.271450 454.581200 19.330925 370.910810
62.108720 458.152700 17.895649 374.178057
61.972500 461.717600 16.488902 377.452798
61.876430 465.280200 15.110931 380.740293
61.804270 468.966200 13.748719 384.042685
61.764440 472.533500 12.412699 387.354014
61.790900 476.107700 11.147828 390.667519
61.825500 479.667300 9.921393 393.913046
61.919350 483.257000 8.686889 397.302285
62.021520 486.850000 7.472832 400.664796
62.153630 490.440700 6.280638 404.052284
62.273580 494.064700 5.072545 407.444627
62.367530 497.824300 3.834165 410.860907
62.432080 501.521400 2.583752 414.276150
62.484960 505.267600 1.363233 417.696729
62.559390 509.025100 0.156191 421.200266
62.742270 512.793500 -0.968138 424.771038
62.970850 516.616400 -2.073740 428.411127
63.208470 520.421300 -3.172942 432.023333
63.469730 524.213900 -4.267910 435.671203
63.696520 528.021000 -5.403090 439.308719
63.910900 531.937400 -6.567648 442.944538
64.134210 535.701600 -7.702552 446.529132
64.315990 539.487200 -8.894270 450.128155
64.453760 543.234100 -10.105643 453.638768
64.605490 546.983900 -11.289086 457.131503
64.741400 550.715700 -12.514209 460.652994
64.858740 554.421500 -13.724039 464.099745
65.024540 558.114800 -14.888945 467.555507
65.219310 561.918100 -16.049266 471.069518
65.452580 565.555800 -17.146234 474.545285
65.685470 569.215600 -18.251917 478.030331
65.909890 572.872400 -19.368497 481.538002
66.094720 576.514000 -20.491298 484.982197
66.295630 580.150600 -21.602645 488.441873
66.477890 583.817500 -22.737554 491.920541
66.654180 587.466700 -23.852640 495.341522
66.799160 591.105300 -25.036785 498.804709
66.898220 594.850300 -26.241133 502.169328
67.011650 598.447100 -27.437359 505.583323
67.148040 602.050600 -28.617703 508.984144
67.298860 605.614600 -29.797449 512.404251
67.444970 609.176700 -30.953460 515.776458
67.572080 612.723500 -32.103503 519.083616
67.774660 616.241500 -33.182248 522.445208
67.998790 619.751500 -34.229936 525.788062
68.282970 623.346800 -35.224754 529.138545
68.565890 626.824800 -36.200324 532.459708
68.899700 630.265000 -37.125172 535.811817
69.329760 633.688500 -37.958506 539.150763
69.726860 637.082800 -38.807814 542.475022
70.161990 640.456300 -39.601841 545.759583
70.630910 643.762800 -40.344775 548.996794
71.017270 647.105000 -41.178322 552.238669
71.367770 650.481000 -42.029884 555.420049
71.715750 653.746900 -42.899770 558.591304
72.122330 656.951300 -43.763050 561.761391
72.438250 660.203200 -44.673478 564.900753
72.736660 663.394200 -45.599554 567.974665
73.048700 666.606100 -46.555003 571.070585
73.372640 669.808700 -47.513611 574.183320
73.766120 672.989500 -48.430740 577.290204
74.168570 676.316200 -49.294828 580.387927
74.600280 679.545400 -50.091982 583.529995
75.086460 682.804000 -50.843239 586.735196
75.622770 686.089900 -51.600580 589.955240
76.131890 689.410300 -52.332062 593.200746
76.754910 692.781000 -53.044705 596.523687
77.388390 696.216700 -53.174745 599.336821
77.992190 699.656500 -53.896461 602.764122
78.605830 703.289700 -54.652967 606.220360
79.194590 706.861700 -55.438865 609.745038
79.895110 710.441500 -56.216058 613.305906
80.522680 714.086700 -57.033032 616.915299
81.127750 717.776400 -57.835362 620.602223
81.709900 721.491900 -58.627394 624.268369
82.376050 725.237200 -59.384187 627.957371
83.128420 728.974100 -60.118763 631.676935
83.880770 732.710900 -60.817869 635.376340
84.633100 736.447600 -61.473564 639.109303
85.385410 740.184100 -62.070475 642.835855
86.140240 743.734400 -62.639681 646.543168
87.030840 747.358600 -63.159700 650.235239
87.917450 750.992400 -63.678617 653.916838
88.803120 754.618400 -64.176488 657.590237
89.709950 758.201700 -64.655429 661.270220
90.668400 761.848800 -65.092861 665.025292
91.671310 765.533300 -65.492883 668.695321
92.682180 769.147000 -65.891029 672.419964
93.703210 772.711200 -66.245801 676.089648
94.773480 776.296500 -66.570061 679.808878
95.842860 779.816700 -66.867778 683.468268
96.917600 783.341500 -67.151008 687.136935
98.006810 786.845400 -67.391737 690.787485
99.122990 790.307700 -67.608063 694.436373
100.280500 793.882700 -67.815254 698.061923
101.455900 797.304900 -67.974449 701.684590
102.649600 800.710800 -68.111707 705.287864
103.873000 804.077900 -68.221700 708.851727
105.110600 807.434100 -68.318636 712.474301
106.351500 810.772800 -68.399056 716.023782
107.621200 814.077400 -68.448443 719.559124
108.924500 817.358900 -68.469515 723.080661
110.223200 820.626100 -68.492225 726.605548
111.520300 823.947000 -68.528770 730.058611
112.775200 827.098000 -68.527034 733.473430
114.037300 830.155300 -68.477454 736.785413
115.287900 833.154200 -68.433567 740.041181
116.587800 836.103900 -68.318415 743.256765
118.054100 839.000800 -68.058601 746.467028
119.599100 841.835900 -67.687486 749.674722
121.233300 844.639900 -67.200148 752.909150
123.051100 847.284200 -66.653509 756.048945
124.899800 849.798200 -65.984693 759.214221
126.748000 852.311600 -65.216591 762.298558
128.595400 854.824400 -64.381513 765.321685
130.442200 857.336700 -63.519429 768.211019
132.288200 859.848600 -62.626276 771.010573
134.146000 861.970900 -61.710085 773.693137
135.962200 863.984700 -60.791645 776.248126
137.802100 865.991500 -59.881628 778.711169
139.490200 867.833400 -58.996932 781.074339
141.103700 869.597500 -58.150866 783.336067
142.665100 871.319800 -57.351477 785.528666
144.114500 872.928800 -56.604431 787.577243
145.467900 874.380400 -55.889877 789.446809
146.721500 875.622700 -55.188225 791.083432
147.836400 876.406500 -54.504380 792.447106
148.871000 877.008000 -53.860387 793.540900
149.896800 877.608400 -53.215848 794.528550
150.913800 878.208700 -52.454494 795.406685
151.922000 878.809600 -51.629540 796.188703
152.967700 879.290900 -50.673006 796.902969
154.218700 879.451800 -49.555590 797.539378
155.615500 879.487000 -48.290543 798.095607
157.083400 879.262400 -46.837777 798.472007
158.666700 878.862500 -45.229667 798.711984
160.317300 878.261700 -43.473529 798.792077
162.036300 877.462100 -41.572334 798.711681
163.843900 876.537600 -39.545531 798.548342
165.759200 875.508200 -37.379956 798.330919
167.781500 874.418700 -35.096408 798.099319
169.918100 873.275800 -32.688733 797.860536
172.239400 872.050100 -30.163622 797.623383
174.590000 870.817600 -27.538133 797.388919
177.053400 869.546900 -24.792733 797.160621
179.588500 868.251000 -21.964865 796.934968
182.152600 866.937200 -19.093139 796.698493
184.705500 865.610700 -16.239638 796.444684
187.220000 864.261300 -13.385625 796.152301
189.688200 862.905500 -10.594306 795.836306
192.058000 861.597200 -7.875651 795.526771
194.409900 860.265400 -5.271658 795.213798
196.538800 858.910200 -2.802385 794.938936
198.554600 857.847800 -0.454166 794.721873
200.454800 856.882300 1.787708 794.594125
202.367600 856.050700 3.902215 794.595377
204.242400 855.458200 5.850459 794.796050
206.123200 855.136200 7.662857 795.235362
208.019300 855.137800 9.343804 795.931465
209.859000 855.441400 10.896023 796.895399
211.634100 856.105700 12.268311 798.187868
213.403700 857.163000 13.409370 799.778035
214.982800 858.539100 14.293799 801.618725
216.412000 860.176400 14.929461 803.669630
217.762700 862.062700 15.394091 805.912137
219.037400 864.139900 15.729450 808.311714
220.197500 866.421300 15.882704 810.835638
221.282400 868.953300 15.875242 813.498056
222.342700 871.532600 15.832612 816.303353
223.439100 874.199200 15.797666 819.198531
224.575100 876.956000 15.748334 822.186235
225.706600 879.774000 15.666871 825.240736
226.812600 882.641900 15.547387 828.322854
227.876200 885.522800 15.386276 831.390013
228.921400 888.495600 15.178644 834.455299
229.927700 891.347000 14.980864 837.481850
230.941300 894.163500 14.804440 840.477589
231.977000 896.931300 14.672452 843.465851
233.036900 899.632800 14.595011 846.396375
234.171700 902.237600 14.626851 849.249996
235.489500 904.785000 14.848965 852.055668
236.918500 907.098000 15.258565 854.765280
238.492300 909.259000 15.861752 857.415158
240.212300 911.241200 16.658835 859.937631
242.077900 913.058500 17.654481 862.363580
244.137800 914.692400 18.844963 864.667670
246.323900 916.127600 20.239838 866.844827
248.664200 917.345200 21.861257 868.896424
251.198900 918.363500 23.699139 870.790045
253.760000 919.138500 25.744822 872.538411
256.448000 919.652700 28.012244 874.081245
259.262400 919.923000 30.488794 875.457587
262.193600 920.046300 33.138626 876.746172
265.212000 920.033000 35.923341 877.914846
268.378600 920.030300 38.851011 879.000041
271.652200 919.879400 41.882180 880.052704
274.964800 919.651000 44.984600 881.072852
278.363300 919.290900 48.185532 882.052461
281.907200 918.828400 51.457408 882.977891
285.354000 918.288700 54.796550 883.842003
288.831700 917.671900 58.225895 884.666343
292.328400 916.958400 61.725887 885.426310
295.800100 916.184600 65.229732 886.105411
299.257300 915.308200 68.757723 886.715314
302.686600 914.306300 72.269182 887.230963
306.085300 913.266200 75.768748 887.675541
309.549100 912.117200 79.262234 888.036941
312.905300 910.973800 82.757657 888.335292
316.276000 909.834000 86.273511 888.630348
319.655100 908.687000 89.814256 888.922102
323.030500 907.498100 93.360469 889.188504
326.432200 906.295600 96.943714 889.447244
329.861300 905.083100 100.560312 889.701098
333.354400 903.847200 104.261871 889.960093
336.901100 902.575500 108.037218 890.207535
340.518600 901.282200 111.884603 890.453751
344.303700 899.883700 115.794444 890.658767
347.994500 898.510400 119.715117 890.848776
351.615600 897.142400 123.598408 891.026443
355.173200 895.768200 127.422035 891.168448
358.670200 894.394800 131.189346 891.286454
362.122800 893.019400 134.902792 891.389527
365.498700 891.671400 138.548076 891.500784
368.770800 890.331900 142.087951 891.577437
371.890500 889.058100 145.449130 891.653888
374.904800 887.830800 148.633889 891.732792
377.601600 886.740300 151.551707 891.811716
380.073300 885.758000 154.204517 891.891932
382.367200 884.855700 156.667973 891.963400
384.508300 884.027500 158.956318 892.033207
386.573300 883.240800 161.149668 892.109746
388.542800 882.468600 163.276886 892.188103
390.466000 881.709600 165.360451 892.268374
392.451400 880.932700 167.502105 892.354043
394.583700 880.076400 169.731286 892.429392
396.747700 879.179200 172.096653 892.491713
399.032700 878.234500 174.584844 892.570811
401.441300 877.261600 177.187528 892.664747
403.962000 876.250900 179.923705 892.769559
406.598900 875.219700 182.763828 892.892542
409.367800 874.147100 185.728811 893.018339
412.256500 873.048000 188.784976 893.154654
415.341900 871.863400 191.958403 893.288841
418.431200 870.677600 195.227138 893.429871
421.595100 869.430100 198.611000 893.552746
424.817800 868.106600 202.080974 893.634107
428.093400 866.689200 205.645694 893.656918
431.415400 865.176000 209.311811 893.614840
434.704700 863.618300 212.949026 893.522290
437.945800 862.016200 216.575804 893.374013
441.096800 860.382400 220.124596 893.156571
444.267000 858.708600 223.614098 892.893099
447.277300 857.090100 227.026797 892.618849
450.235800 855.507900 230.367852 892.368147
453.134800 853.986100 233.637262 892.147393
455.958300 852.563500 236.785552 891.989074
458.638900 851.296300 239.734025 891.902695
461.152300 850.115000 242.486768 891.839170
463.579400 848.990600 245.137510 891.798498
465.932200 847.914100 247.721969 891.765323
468.231100 846.877000 250.238422 891.747588
470.568100 845.834600 252.727627 891.743252
472.902200 844.797300 255.275805 891.739034
475.305900 843.704400 257.922339 891.707179
477.763100 842.590300 260.620754 891.692273
480.317900 841.442600 263.442818 891.679440
482.921900 840.253500 266.323331 891.642126
485.590000 839.061200 269.260955 891.625849
488.323000 837.813600 272.253593 891.588569
491.110600 836.549800 275.273767 891.569591
494.005300 835.241900 278.333203 891.551056
496.818000 833.988200 281.428643 891.539966
499.655400 832.708200 284.557490 891.531103
502.528600 831.405400 287.716507 891.504717
505.448600 830.142400 290.901300 891.497066
508.397300 828.858700 294.116921 891.497460
511.380600 827.573400 297.345815 891.513759
514.391800 826.266800 300.616516 891.530811
517.537700 824.914300 303.906398 891.565173
520.589800 823.604200 307.203583 891.606212
523.577900 822.310300 310.436322 891.647712
526.460700 821.084600 313.546982 891.700887
529.221600 819.922500 316.532262 891.760428
531.861200 818.835700 319.364916 891.841309
534.374900 817.820100 322.067108 891.935901
536.794200 816.854100 324.663572 892.037108
539.148600 815.863400 327.207133 892.085949
541.511800 814.752300 329.732751 892.030713
543.713700 813.578500 332.225779 891.850789
545.858100 812.290700 334.719627 891.537329
547.893500 810.867100 337.167596 891.052480
549.772200 809.234800 339.542374 890.306484
551.429300 807.399400 341.804808 889.297267
552.900300 805.363700 344.000720 888.013273
554.216800 803.008400 346.102386 886.433229
555.231000 800.484700 348.081498 884.528579
555.999200 797.768200 349.906226 882.372318
556.647400 794.912200 351.669910 880.041308
557.261800 791.930900 353.442424 877.602315
557.863800 788.843900 355.245603 875.058759
558.468500 785.659600 357.094386 872.425065
559.113800 782.395400 359.014289 869.734061
559.811800 779.060100 360.999416 866.988360
560.527500 775.642600 363.037924 864.172263
561.309400 772.030500 365.143669 861.316348
562.117800 768.457700 367.299198 858.426012
562.953100 764.783800 369.508946 855.454417
563.820500 761.070600 371.764400 852.457294
564.663200 757.327500 374.040452 849.415382
565.507600 753.594700 376.314664 846.382036
566.345700 749.871800 378.583139 843.343740
567.178300 746.138200 380.853219 840.321537
568.049200 742.395600 383.154431 837.291336
568.970000 738.532800 385.486744 834.264219
569.807900 734.794200 387.774670 831.213706
570.656900 731.023100 390.086535 828.147812
571.531000 727.260000 392.418442 825.092796
572.376500 723.528300 394.710970 822.053664
573.196400 719.797000 396.974990 819.015028
574.028100 716.068900 399.250078 815.986305
574.853100 712.324700 401.527259 812.937551
575.658300 708.572100 403.795521 809.860916
576.390500 704.815200 406.004191 806.748122
577.078700 700.902500 408.160126 803.577048
577.720900 697.081500 410.300945 800.362938
578.333600 693.238500 412.426412 797.117136
578.916400 689.374700 414.533526 793.846601
579.481000 685.484400 416.629212 790.546755
579.990000 681.571600 418.700158 787.205221
580.441000 677.639300 420.754668 783.830749
580.887000 673.681700 422.792263 780.433244
581.281400 669.745600 424.787694 777.032504
581.646800 665.701200 426.728141 773.638611
581.956700 661.818200 428.609530 770.246976
582.209200 657.977200 430.431040 766.863482
582.403600 654.150500 432.192440 763.474837
582.566200 650.316300 433.938735 760.056777
582.726800 646.478500 435.677409 756.646984
582.879500 642.611000 437.400327 753.204865
582.976100 638.741600 439.081798 749.723986
583.022800 634.831600 440.745283 746.205637
583.108100 630.778000 442.454049 742.673015
583.197900 626.846400 444.167393 739.140306
583.315800 622.921600 445.901767 735.619668
583.451600 619.012700 447.639879 732.136561
583.596700 615.104900 449.389923 728.656501
583.746000 611.180300 451.155358 725.161153
583.839400 607.253700 452.952208 721.647823
583.952200 603.321500 454.746576 718.129509
584.051100 599.399600 456.520594 714.618665
584.155700 595.390600 458.287744 711.163250
584.279600 591.532500 460.052130 707.714709
584.343600 587.723300 461.807331 704.281273
584.433400 583.890300 463.569560 700.842135
584.613700 580.073600 465.379678 697.471131
584.921000 576.287800 467.274897 694.182558
585.348700 572.538300 469.249355 690.978614
585.903800 568.813800 471.332640 687.836927
586.583600 565.117400 473.501376 684.764509
587.348200 561.444600 475.741322 681.730877
588.151100 557.670500 477.987636 678.714310
588.957100 554.016900 480.224450 675.743376
589.788000 550.370200 482.483394 672.790919
590.626400 546.740900 484.738926 669.851268
591.450000 543.149500 486.966978 666.939039
592.235000 539.599500 489.149050 664.046132
592.928200 536.074300 491.227594 661.143972
593.558000 532.581600 493.245720 658.235888
594.128000 529.206600 495.158128 655.415280
594.665900 525.917700 496.963761 652.756417
595.185200 522.924100 498.685611 650.275174
595.724200 520.118100 500.334988 647.970737
596.270600 517.500000 501.920091 645.834367
596.806000 515.028300 503.431620 643.826673
597.293400 512.726600 504.834431 641.944330
597.669800 510.595000 506.061662 640.164612
597.873200 508.572800 507.100710 638.403502
597.856700 506.524300 507.946042 636.578254
597.617400 504.578400 508.559943 634.687338
597.168300 502.685500 508.943651 632.772009
596.493500 500.885000 509.087451 630.839954
595.524900 499.114000 508.955452 628.786362
594.244400 497.407700 508.530218 626.692037
592.616100 495.792800 507.768771 624.609241
590.726400 494.419900 506.675407 622.595069
588.585100 493.227500 505.286401 620.631264
586.264200 492.163900 503.661982 618.695140
583.825300 491.164800 501.895209 616.744425
581.258100 490.103800 500.045143 614.685825
578.589000 488.975500 498.134643 612.522893
575.829500 487.757600 496.179478 610.241927
573.020100 486.455900 494.204826 607.853830
570.168400 485.098400 492.229204 605.394937
567.304700 483.674000 490.272613 602.867295
564.333100 482.152300 488.323686 600.298054
561.412700 480.647500 486.353908 597.684116
558.477500 479.145100 484.361691 595.058648
555.460400 477.633800 482.329934 592.378309
552.440900 476.125300 480.296566 589.696961
549.412800 474.559300 478.278396 586.971439
546.382700 472.975800 476.267677 584.234615
543.331100 471.375600 474.231602 581.464851
540.258500 469.765900 472.172704 578.677797
537.104300 468.103900 470.125612 575.886675
534.099400 466.503600 468.115437 573.123772
531.141500 464.931600 466.141637 570.414102
528.270400 463.391900 464.223090 567.761361
525.483800 461.887200 462.360127 565.175115
522.796600 460.390400 460.593769 562.647938
520.246700 458.931400 458.933038 560.207928
517.870800 457.527400 457.397096 557.888777
515.663900 456.194100 455.976222 555.703177
513.529300 454.880100 454.647696 553.630764
511.586800 453.686200 453.392826 551.685799
509.727900 452.654300 452.155933 549.913332
507.906200 451.857300 450.859883 548.363491
506.116200 451.272800 449.471923 547.038381
504.253300 450.941700 447.919915 545.906613
502.301700 450.882700 446.222191 545.008851
500.450000 451.095700 444.442334 544.366689
498.620700 451.627700 442.545741 544.027196
496.847800 452.491300 440.560913 544.032298
495.166600 453.685200 438.514337 544.383574
493.595900 455.242300 436.428436 545.113531
492.232400 457.059800 434.344156 546.203336
491.003900 459.198500 432.225107 547.615153
489.769000 461.637400 430.048060 549.232350
488.508100 464.165100 427.759539 550.957486
487.140300 466.852700 425.301173 552.787835
485.668100 469.689800 422.697905 554.712799
484.094000 472.667000 419.968663 556.708875
482.405900 475.751400 417.118452 558.763102
480.666500 478.920400 414.194007 560.861304
478.873900 482.171800 411.186569 563.013878
477.091600 485.362400 408.152619 565.128464
475.271500 488.636900 405.054818 567.305730
473.396900 491.980100 401.966849 569.454088
471.552100 495.252600 398.843609 571.613259
469.651700 498.556500 395.695810 573.787382
467.742700 501.886000 392.519583 575.971701
465.808400 505.247400 389.304628 578.170671
463.876000 508.634500 386.092113 580.385364
461.959800 512.052200 382.887762 582.634775
460.042600 515.499700 379.667758 584.901933
458.070600 518.976500 376.453300 587.176085
456.028100 522.586800 373.216460 589.477493
454.016500 526.072500 369.961322 591.746783
452.017900 529.559500 366.702958 594.017110
450.060300 533.069400 363.430896 596.311867
448.115400 536.607200 360.158620 598.640958
446.165500 540.146000 356.890159 600.971482
444.174500 543.706600 353.600425 603.311665
442.176500 547.302600 350.305917 605.667218
440.171900 550.902400 346.997929 608.024156
438.102600 554.611500 343.670490 610.370052
436.062400 558.203400 340.317819 612.704956
434.011600 561.808800 336.943652 615.058168
431.943400 565.411300 333.588364 617.395250
429.877300 569.035400 330.201019 619.754537
427.784800 572.663300 326.816121 622.087870
425.664300 576.335700 323.410479 624.461316
423.571400 579.988400 320.022984 626.822862
421.462700 583.640600 316.592335 629.179211
419.304900 587.428100 313.172564 631.572118
417.214000 591.100800 309.746407 633.956716
415.107800 594.784000 306.318502 636.340756
413.000400 598.478200 302.898374 638.730798
410.875500 602.185700 299.434662 641.128047
408.776700 605.911200 295.986188 643.547154
406.636300 609.618400 292.509618 645.938301
404.495500 613.342400 289.009110 648.359210
402.372100 617.032500 285.543079 650.756372
400.236900 620.785000 282.151249 653.118624
398.189500 624.343500 278.797909 655.437916
396.201400 627.830500 275.530843 657.715472
394.210900 631.310800 272.266380 659.989718
392.221100 634.772300 269.934559 661.924033
390.254800 638.185300 270.611284 661.395835
388.278800 641.625800 270.808675 661.332856
386.337900 645.076000 268.686697 663.642892
384.443700 648.511600 265.471470 665.836176
382.487900 651.989300 262.286559 667.983251
380.579500 655.330500 259.108187 670.107744
378.615400 658.665400 255.907618 672.211386
376.617300 662.009200 252.707283 674.323134
374.627300 665.312400 249.480138 676.452462
372.630700 668.687400 246.223138 678.591069
370.646400 672.100400 242.949002 680.776616
368.621300 675.531100 239.641054 682.952003
366.582600 679.016800 236.296277 685.172981
364.538000 682.529700 232.936440 687.405788
362.403600 686.159200 229.560295 689.628759
360.343700 689.707900 226.162596 691.898898
358.306500 693.257200 222.797413 694.167538
356.242500 696.797600 219.422886 696.411586
354.225300 700.294000 216.101955 698.639215
352.186800 703.782500 212.757575 700.856892
350.165800 707.263300 212.846445 700.735289
348.147400 710.754000 209.527905 702.955112
346.114500 714.208100 206.210004 705.141966
344.022500 717.764100 202.901242 707.318386
342.014400 721.198100 199.601216 709.507416
340.015100 724.613700 196.300228 711.697851
338.010900 728.048300 192.999807 713.896658
336.015600 731.505900 189.701036 716.117352
334.125500 735.022500 186.368066 718.366312
332.299100 738.610300 183.032126 720.635531
330.285900 742.215500 179.639731 722.972054
328.171000 745.989500 176.189219 725.338556
326.086500 749.678800 172.706588 727.707291
324.016700 753.372300 169.224877 730.092554
321.952800 757.004500 165.768971 732.431482
319.841100 760.606500 162.307682 734.753712
317.755400 764.220000 158.821278 737.019542
315.722600 767.810800 155.358038 739.272190
313.690500 771.432300 151.882406 741.507748
311.637000 775.010100 148.404838 743.705590
309.482700 778.624300 144.945478 745.841016
307.328400 782.032300 141.493245 747.879656
305.078000 785.419000 137.955262 749.876839
302.741000 788.759200 134.373986 751.799950
300.313100 792.056900 130.734044 753.647671
297.792400 795.310800 127.039458 755.411540
295.104600 798.465000 123.286546 757.087203
292.377400 801.592500 119.448653 758.669715
289.394900 804.602400 115.517424 760.154327
286.268600 807.617800 111.558556 761.522018
283.194800 810.457300 107.577327 762.778138
280.144100 813.188700 103.627805 763.890059
277.093300 815.866900 101.347663 764.901086
273.974200 818.446700 102.165402 764.760338
270.780600 820.904900 98.219103 765.537599
267.510700 823.239200 94.255538 766.181344
264.206400 825.497000 90.286075 766.738047
260.873600 827.657300 86.338088 767.179171
257.395000 829.796500 82.385361 767.530728
253.998200 831.782800 78.455536 767.800485
250.598000 833.727100 74.549346 768.030040
247.216500 835.612300 70.669581 768.224859
243.855400 837.429300 66.850465 768.381476
240.487600 839.240500 63.037661 768.527569
237.107500 841.032000 59.230992 768.646388
233.727800 842.829800 55.401626 768.772012
230.254500 844.708900 51.575064 768.922791
226.906400 846.493300 47.797674 769.044056
223.559100 848.240400 44.010371 769.139669
220.193600 849.955700 40.242862 769.217148
216.828400 851.689000 36.483152 769.289831
213.458700 853.397700 32.723441 769.336715
210.080800 855.088400 28.953348 769.365811
206.684400 856.827600 25.136646 769.406651
203.127500 858.614700 21.297459 769.437805
199.632800 860.351500 17.410768 769.467934
196.147100 862.089400 13.511484 769.503262
192.685300 863.869500 9.634863 769.575795
189.244200 865.655900 5.775568 769.663275
185.810000 867.488900 1.874374 769.793049
182.388100 869.319800 -1.999968 769.911117
178.963600 871.161300 -5.881687 770.025757
175.541800 872.995000 -9.755024 770.153991
172.011400 874.935300 -13.639827 770.337997
168.612400 876.872400 -17.540330 770.581864
165.258500 878.880500 -21.440085 770.911664
161.974000 881.011700 -25.340228 771.380954
158.748100 883.276800 -29.235491 771.988497
155.573500 885.679300 -33.119267 772.747898
152.497600 888.216600 -36.977950 773.661813
149.394000 890.916600 -40.797885 774.676146
146.442700 893.643100 -44.629536 775.809277
143.498500 896.378300 -48.464542 776.957620
140.587600 899.139700 -52.280819 778.144044
137.610900 901.862200 -56.115061 779.283061
134.625800 904.553500 -59.969349 780.395908
131.638900 907.226500 -63.815598 781.495128
128.625300 909.886900 -67.678874 782.567969
125.530800 912.623800 -71.535451 783.644382
122.604200 915.318100 -75.353043 784.779236
