-0.000000 0.000000 0.000000 0.000000
-0.007566 1.675645 -0.016869 1.700881
-0.028691 3.360182 -0.034520 3.403792
-0.069713 5.160902 -0.064612 5.178802
-0.122624 6.985507 -0.111090 7.023624
-0.182168 8.956613 -0.170515 9.025083
-0.250571 11.022490 -0.239641 11.122075
-0.293534 13.346490 -0.305779 13.407950
-0.341359 15.739920 -0.376166 15.833152
-0.363899 18.257110 -0.445657 18.392449
-0.400770 20.934310 -0.520670 21.117611
-0.445244 23.859070 -0.608117 23.980049
-0.498967 26.783700 -0.696453 26.942722
-0.559973 29.777940 -0.786406 29.984194
-0.624879 32.836350 -0.876994 33.090789
-0.696183 36.075630 -0.971689 36.270819
-0.753819 39.259570 -1.079129 39.512364
-0.829097 42.463800 -1.198699 42.777860
-0.934995 45.741830 -1.329431 46.026495
-1.038342 48.940520 -1.459125 49.283556
-1.129615 52.140590 -1.575268 52.558661
-1.233762 55.323910 -1.693272 55.850467
-1.338757 58.629210 -1.806179 59.128314
-1.429277 61.849280 -1.912783 62.417106
-1.511354 65.061270 -2.030195 65.696751
-1.605379 68.300620 -2.156974 68.995369
-1.680467 71.635320 -2.266352 72.299507
-1.766014 74.846360 -2.380862 75.588697
-1.872739 78.023560 -2.509358 78.847133
-1.987534 81.194390 -2.650117 82.099236
-2.098129 84.409070 -2.786448 85.286640
-2.203434 87.414160 -2.919401 88.359723
-2.321641 90.245900 -3.058688 91.252913
-2.461803 92.878530 -3.216537 93.932759
-2.628141 95.371020 -3.390705 96.388011
-2.803933 97.529930 -3.572964 98.590062
-2.967157 99.419640 -3.753941 100.529097
-3.105713 101.086400 -3.905317 102.241885
-3.170772 102.603600 -3.977098 103.754551
-3.156102 103.891900 -3.965787 105.081784
-3.036967 105.086500 -3.845071 106.314367
-2.783216 106.236900 -3.600673 107.467104
-2.404551 107.267200 -3.234238 108.528672
-1.900845 108.201800 -2.750984 109.493065
-1.247714 109.043400 -2.132894 110.341104
-0.502662 109.772400 -1.382526 111.105924
0.392941 110.374700 -0.450773 111.744683
1.450541 110.849000 0.617586 112.249272
2.566226 111.167800 1.774902 112.597158
3.807076 111.343300 3.069527 112.780723
5.187946 111.467300 4.507768 112.916339
6.731330 111.497400 6.090912 112.951126
8.497508 111.460300 7.828274 112.925365
10.406410 111.389600 9.761346 112.866617
12.471040 111.354300 11.851445 112.848220
14.674020 111.313600 14.101479 112.827079
16.980330 111.271500 16.468392 112.805048
19.429950 111.200400 18.894349 112.757863
21.866880 111.143600 21.377974 112.714013
24.357440 111.102900 23.916659 112.666065
26.865690 111.061300 26.470314 112.618335
29.398230 110.991000 28.972444 112.554255
31.860870 110.922000 31.482714 112.493522
34.271860 110.868100 33.944135 112.450897
36.651010 110.804600 36.366180 112.391456
39.073230 110.730300 38.755240 112.317038
41.375290 110.632100 41.096138 112.225964
43.634770 110.533900 43.384385 112.136398
45.837990 110.439900 45.543693 112.046878
47.911240 110.349700 47.642331 111.957084
49.960770 110.257400 49.714827 111.869789
51.973940 110.163300 51.757492 111.779326
54.013180 110.049900 53.771640 111.673685
55.997290 109.889100 55.796654 111.519950
58.021540 109.692800 57.876648 111.336069
60.202280 109.465000 60.021831 111.121116
62.373310 109.228000 62.214548 110.889499
64.586090 108.978500 64.452353 110.647137
66.809060 108.756700 66.697100 110.408695
69.079780 108.526800 68.922060 110.166195
71.307790 108.277800 71.166570 109.909067
73.566730 108.019700 73.452154 109.643058
75.873920 107.748300 75.799592 109.364727
78.297030 107.440800 78.194411 109.057508
80.683560 107.119100 80.630210 108.728460
83.132600 106.785600 83.128484 108.386330
85.712820 106.453000 85.682370 108.059300
88.236520 106.136300 88.248813 107.743413
90.776120 105.837100 90.817864 107.438736
93.343390 105.534500 93.418541 107.136896
95.991300 105.220500 96.018677 106.830094
98.531330 104.924600 98.600610 106.537665
101.053600 104.652900 101.164022 106.270512
103.524000 104.372800 103.667458 105.991257
106.035200 104.068700 106.126957 105.699121
108.424100 103.783500 108.550711 105.413680
110.758600 103.486000 110.933901 105.115345
113.133400 103.158600 113.281834 104.790292
115.391600 102.836700 115.583478 104.462971
117.652700 102.485600 117.900048 104.111948
119.869100 102.133000 120.167253 103.752788
122.125400 101.757700 122.387249 103.381132
124.297900 101.356500 124.604246 102.978618
126.430100 100.927800 126.794301 102.545715
128.588900 100.396800 128.934995 102.017565
130.649600 99.801800 131.033235 101.412472
132.681800 99.166150 133.102274 100.774554
134.685900 98.507910 135.139626 100.118499
136.706600 97.865030 137.124325 99.498166
138.636000 97.258050 139.075389 98.898820
140.518500 96.686060 140.979067 98.336785
142.370300 96.154690 142.856142 97.819662
144.243200 95.634770 144.700356 97.332052
146.008800 95.186120 146.492419 96.898995
147.739600 94.786200 148.240816 96.507836
149.452200 94.443260 149.970656 96.188127
151.205800 94.191930 151.676019 95.972628
152.885900 94.083770 153.361070 95.897062
154.549900 94.073700 155.032987 95.915651
156.194900 94.062210 156.696422 95.908883
157.853900 93.946970 158.325470 95.792776
159.416100 93.779110 159.913263 95.625479
160.984100 93.513900 161.461619 95.370915
162.451900 93.212800 162.962113 95.064593
163.877300 92.877330 164.417014 94.726565
165.287800 92.563760 165.843221 94.391582
166.718600 92.232590 167.256198 94.058615
168.156800 91.881240 168.721709 93.692570
169.655000 91.465170 170.250447 93.267571
171.215400 91.005530 171.839467 92.796394
172.875300 90.500260 173.474127 92.293188
174.505100 89.970370 175.136332 91.756783
176.125900 89.452640 176.790345 91.237331
177.734000 88.951440 178.438671 90.732211
179.351400 88.470160 180.044726 90.251968
180.832000 88.056730 181.571254 89.820780
182.198400 87.689320 182.972691 89.443174
183.436000 87.418080 184.234284 89.160083
184.659700 87.226610 185.432165 88.961961
185.832000 87.165290 186.607417 88.886738
186.971000 87.230130 187.759411 88.944597
188.077700 87.380960 188.880485 89.100281
189.152900 87.651910 189.973916 89.383152
190.272000 88.097940 191.072587 89.832522
191.348400 88.717440 192.149442 90.466503
192.427600 89.528470 193.201598 91.283676
193.459000 90.599760 194.233873 92.377763
194.480000 91.943580 195.210119 93.692835
195.406000 93.487800 196.109753 95.254398
196.288100 95.244730 196.960056 97.044477
197.175000 97.239230 197.790415 99.016581
197.978900 99.353630 198.557936 101.170967
198.736400 101.618500 199.276248 103.489400
199.555200 104.059400 200.037786 105.914117
200.401500 106.532800 200.834178 108.433973
201.275500 109.087900 201.665378 111.044942
202.167000 111.650700 202.507400 113.673521
203.096600 114.305500 203.354238 116.310313
204.026000 116.967200 204.202555 118.969926
204.882300 119.475900 205.040028 121.631801
205.752400 122.068700 205.855726 124.270087
206.637400 124.742500 206.666303 126.914044
207.473300 127.307500 207.457227 129.549798
208.269400 129.818200 208.208711 132.114720
209.019400 132.242100 208.913230 134.589254
209.726300 134.599600 209.555457 136.921473
210.349900 136.739900 210.134837 139.101105
210.883700 138.692100 210.626823 141.081713
211.356100 140.478200 211.046623 142.845482
211.761600 142.007200 211.421340 144.403586
212.121100 143.406800 211.751930 145.830223
212.451100 144.759200 212.051262 147.206148
212.686400 146.120100 212.243735 148.541595
212.775100 147.406500 212.294461 149.834366
212.693300 148.658700 212.182047 151.067873
212.430200 149.851900 211.907926 152.221573
212.000900 150.970700 211.477245 153.302736
211.370100 151.995500 210.866177 154.276964
210.609900 152.842400 210.109952 155.121830
209.727600 153.539500 209.219770 155.806785
208.747200 154.048600 208.230639 156.293779
207.660200 154.388700 207.180091 156.599601
206.547000 154.595700 206.093710 156.769433
205.384600 154.768300 204.949573 156.899302
204.072400 154.848400 203.676314 156.939527
202.684400 154.933700 202.269550 156.982490
201.117500 154.935300 200.674427 156.937094
199.325900 154.864100 198.899940 156.806945
197.425600 154.788100 196.960354 156.660599
195.367300 154.704100 194.858544 156.495644
193.073900 154.683500 192.585661 156.389826
190.695700 154.742400 190.149034 156.357201
188.173700 154.899000 187.564526 156.402101
185.579200 155.140300 184.899209 156.525453
182.888900 155.440900 182.219902 156.701174
180.262700 155.742800 179.529649 156.893997
177.612100 156.045800 176.820861 157.090324
174.957600 156.361200 174.102204 157.293185
172.223200 156.686600 171.399988 157.490701
169.565300 156.996900 168.688739 157.683857
166.914900 157.304600 165.977473 157.871090
164.184300 157.630300 163.284024 158.063400
161.563200 157.958300 160.605741 158.270781
158.959100 158.289300 157.944052 158.479556
156.369000 158.624700 155.275285 158.697856
153.706300 158.976700 152.613518 158.923437
151.101400 159.324500 149.942952 159.143640
148.467200 159.686600 147.237582 159.365642
145.800100 160.071400 144.504673 159.606585
143.020300 160.465800 141.759276 159.848869
140.278800 160.841500 138.928426 160.091651
137.499400 161.193900 136.083291 160.295995
134.675400 161.503800 133.188945 160.455099
131.727500 161.791300 130.270203 160.591744
128.827600 162.078600 127.309463 160.739774
125.911100 162.350300 124.314199 160.882624
122.922000 162.617100 121.353368 161.005453
120.034600 162.869800 118.417122 161.113208
117.145500 163.116300 115.467232 161.222387
114.257100 163.367500 112.518606 161.334086
111.273300 163.633400 109.549333 161.437727
108.387300 163.885600 106.599966 161.536973
105.496700 164.139600 103.646508 161.640153
102.614600 164.388000 100.715287 161.737474
99.650480 164.631900 97.789515 161.817638
96.775810 164.886500 94.838529 161.912057
93.903980 165.179700 91.899834 162.047986
91.034100 165.484600 88.955466 162.199205
88.075740 165.814300 86.027494 162.364725
85.188930 166.152300 83.077666 162.546377
82.300190 166.490700 80.122514 162.720216
79.391360 166.820100 77.148232 162.889229
76.405590 167.167900 74.179458 163.058897
73.476030 167.502700 71.188950 163.223818
70.546530 167.825400 68.195383 163.367891
67.604430 168.128500 65.191662 163.492014
64.553560 168.410200 62.189804 163.583903
61.578100 168.664000 59.156661 163.660106
58.600720 168.906900 56.117094 163.731679
55.622330 169.149200 53.075878 163.802222
52.560640 169.390800 50.050999 163.860352
49.613840 169.609700 47.056837 163.901840
46.700780 169.808400 44.094536 163.915254
43.797370 169.985600 41.154645 163.909032
40.840800 170.149800 38.242861 163.888005
37.996420 170.300800 35.354513 163.865669
35.198680 170.445600 32.517594 163.840111
32.468760 170.574900 29.743716 163.801203
29.725970 170.688900 27.041737 163.741739
27.135940 170.782400 24.413507 163.671565
24.645600 170.852800 21.878853 163.589252
22.218650 170.915500 19.478617 163.511523
19.974030 171.005600 17.188703 163.458891
17.797980 171.119500 14.960276 163.429721
15.674870 171.249800 12.797501 163.418672
13.565900 171.383900 10.709904 163.419440
11.606970 171.519900 8.719099 163.422483
9.763786 171.666000 6.840440 163.442401
8.015612 171.836600 5.106696 163.488603
6.465460 172.006200 3.511176 163.549112
5.041950 172.208100 2.030415 163.648989
3.732829 172.438200 0.667352 163.795715
2.507404 172.724100 -0.578339 163.998046
1.435908 173.043300 -1.718713 164.248938
0.487553 173.425200 -2.728918 164.562336
-0.449214 173.896900 -3.692596 164.941611
-1.282235 174.440700 -4.584650 165.402819
-2.014621 175.063500 -5.396334 165.949888
-2.726876 175.809300 -6.174512 166.614306
-3.365765 176.707400 -6.915150 167.471756
-3.946368 177.735900 -7.596594 168.476685
-4.467262 178.960500 -8.199170 169.649551
-4.885576 180.352800 -8.721237 171.022605
-5.166223 181.933900 -9.107160 172.611562
-5.304171 183.681600 -9.357669 174.400878
-5.344936 185.580800 -9.516049 176.335628
-5.339797 187.694500 -9.644111 178.409026
-5.323821 189.875200 -9.769620 180.619840
-5.337595 192.183700 -9.935713 182.960742
-5.356305 194.559100 -10.128103 185.362347
-5.389882 196.975000 -10.340196 187.800041
-5.425682 199.474300 -10.566364 190.247291
-5.463612 201.931900 -10.794994 192.734982
-5.507876 204.386000 -11.031805 195.216686
-5.563425 206.823100 -11.286091 197.681287
-5.639855 209.309900 -11.548375 200.112593
-5.722166 211.673200 -11.813601 202.486064
-5.805942 213.965600 -12.072906 204.796628
-5.884675 216.116600 -12.311735 206.963505
-5.968680 218.174400 -12.548819 208.986998
-6.058769 219.989300 -12.777626 210.832866
-6.152051 221.616200 -12.999092 212.490535
-6.232441 223.059100 -13.193160 213.965986
-6.266453 224.421500 -13.327520 215.324966
-6.217141 225.711400 -13.374709 216.660214
-6.077446 226.947000 -13.314797 217.949135
-5.781789 228.160900 -13.106762 219.186310
-5.336426 229.253500 -12.749439 220.327303
-4.773968 230.285700 -12.292871 221.387321
-4.099173 231.184300 -11.688365 222.364970
-3.283299 232.006200 -10.922822 223.288412
-2.353220 232.754900 -10.013208 224.150747
-1.208558 233.339700 -8.902436 224.848898
0.062050 233.830400 -7.625626 225.473766
1.498431 234.142300 -6.158948 225.905319
3.097687 234.368700 -4.520006 226.257800
4.898843 234.503900 -2.732208 226.523918
6.788914 234.509200 -0.805170 226.671914
8.830841 234.455800 1.268073 226.768442
10.997790 234.332300 3.463706 226.808451
13.315530 234.221800 5.791229 226.866452
15.789440 234.089800 8.201090 226.908363
18.191440 233.986800 10.615650 226.976913
20.604690 233.912600 13.048632 227.076267
23.038520 233.871200 15.496035 227.198023
25.485460 233.870300 17.963863 227.342814
28.019550 233.863100 20.445786 227.490059
30.481460 233.845100 22.943200 227.627876
32.935050 233.826300 25.430208 227.763063
35.371780 233.801300 26.763433 227.863213
37.870060 233.761100 26.877118 227.896618
40.249970 233.698000 29.319193 227.994127
42.604140 233.632700 31.718422 228.086219
44.938080 233.566000 34.104968 228.178916
47.315650 233.488300 36.459086 228.262509
49.592870 233.402600 38.770535 228.329311
51.854970 233.338200 41.071788 228.417398
54.083030 233.274400 43.329489 228.495687
56.366490 233.192500 45.570826 228.558803
58.513570 233.113600 47.739738 228.621169
60.670900 233.052400 49.911031 228.701500
62.785320 233.002500 52.045914 228.793226
64.930250 232.961700 54.149392 228.892606
66.974240 232.897900 56.220806 228.969446
68.976840 232.830400 58.252511 229.039200
70.923620 232.778400 60.226688 229.116614
72.907300 232.720300 62.181768 229.190989
74.802970 232.660600 64.098379 229.264550
76.667350 232.584000 66.000896 229.325957
78.519430 232.475600 67.903824 229.357813
80.491450 232.335400 69.883500 229.370288
82.480540 232.147600 71.917759 229.331181
84.563060 231.931200 74.069023 229.262698
86.802250 231.653800 76.289508 229.143785
89.097300 231.336400 78.627828 228.984117
91.522010 230.979300 81.096675 228.796698
94.058280 230.609500 83.680958 228.598483
96.804280 230.208500 86.394177 228.395030
99.581700 229.842800 89.222379 228.224452
102.453100 229.523500 92.146800 228.104288
105.397700 229.240700 95.140518 228.023613
108.359600 228.970200 98.155428 227.957183
111.451200 228.684700 101.195477 227.890403
114.429800 228.429300 104.229346 227.844720
117.402500 228.181400 107.251583 227.807394
120.356900 227.954200 110.253047 227.787383
123.399800 227.744000 113.250945 227.795770
126.310300 227.571100 116.194249 227.828192
129.196800 227.426000 119.109584 227.878371
132.037400 227.268000 121.988199 227.913756
134.946700 227.098900 124.852119 227.944244
137.726900 226.928900 127.678902 227.968656
140.488400 226.726400 130.500783 227.957497
143.233700 226.482800 133.299349 227.905484
146.069300 226.177700 136.125320 227.806338
148.813900 225.803700 138.957246 227.629676
151.553000 225.348400 141.774255 227.369105
154.288100 224.807200 144.593777 227.015772
157.104100 224.141300 147.414782 226.560979
159.836200 223.431800 150.251196 226.040388
162.565600 222.723600 153.074906 225.524034
165.322400 222.055200 155.907740 225.048306
168.152200 221.435700 158.719212 224.636667
170.896400 220.905500 161.517710 224.290298
173.627000 220.426200 164.303626 223.996148
176.285800 219.981200 167.032196 223.736047
178.837800 219.574300 169.640075 223.491127
181.333800 219.182700 172.122509 223.257033
183.735600 218.817500 174.575929 223.035011
186.122300 218.433900 177.027097 222.795873
188.544700 218.026800 179.440049 222.542361
190.870600 217.646400 181.813828 222.309274
193.187400 217.305800 184.175515 222.124903
195.465600 216.988000 186.489774 221.963368
197.815100 216.685300 188.805305 221.820922
200.040400 216.413500 191.075890 221.699504
202.149600 216.167300 193.232032 221.594237
204.078000 215.926900 195.204451 221.480817
205.824700 215.700200 196.952293 221.375328
207.302100 215.510100 198.482263 221.296143
208.661900 215.307600 199.871554 221.209225
210.010100 215.090500 201.199755 221.102589
211.196200 214.867900 202.411914 220.977582
212.190600 214.671100 203.433411 220.866088
213.108000 214.462600 204.381038 220.740669
214.025500 214.237300 205.303534 220.605131
214.882000 214.013300 206.196948 220.458494
215.736900 213.761100 207.095998 220.272267
216.614600 213.455000 208.026910 220.029988
217.553500 213.079900 208.986048 219.736176
218.508800 212.625800 210.021903 219.339001
219.517400 212.054000 211.127945 218.821772
220.580200 211.289500 212.264990 218.133459
221.604800 210.382000 213.388452 217.275712
222.596200 209.292200 214.483779 216.224386
223.545800 207.991400 215.508677 214.989763
224.371000 206.556800 216.450838 213.563638
225.093400 204.963200 217.296522 211.961406
225.649500 203.198300 217.979210 210.178895
226.027800 201.255500 218.485813 208.269109
226.160200 199.284900 218.761274 206.265904
226.090800 197.236000 218.836266 204.182780
225.857300 195.105700 218.751790 202.017119
225.472700 192.851200 218.535527 199.801581
224.959900 190.616100 218.187213 197.523551
224.316400 188.355800 217.708909 195.206145
223.566100 186.062400 217.123175 192.835138
222.717200 183.728200 216.441154 190.412384
221.819100 181.293300 215.744168 187.975251
220.931900 178.913400 215.038707 185.527426
220.069200 176.526500 214.355908 183.067558
219.272800 174.147100 213.742555 180.622852
218.513500 171.724400 213.186502 178.212303
217.854000 169.474400 212.698143 175.899420
217.257400 167.384700 212.258495 173.748462
216.682000 165.386900 211.838531 171.746956
216.146100 163.594300 211.430557 169.894748
215.614600 161.936100 211.013277 168.160182
215.040700 160.363200 210.543317 166.506532
214.389200 158.919100 209.980177 164.969680
213.610200 157.585200 209.300537 163.579189
212.699500 156.462300 208.466685 162.354763
211.616800 155.484600 207.476358 161.294801
210.462200 154.732700 206.347945 160.424906
209.203000 154.172700 205.105333 159.747447
207.788900 153.789500 203.738297 159.260148
206.308000 153.582600 202.256783 158.941459
204.713600 153.502800 200.652625 158.746365
203.022000 153.505600 198.940871 158.629207
201.196500 153.578500 197.081875 158.573468
199.181500 153.729400 195.099324 158.581164
197.111000 153.934600 192.993195 158.635511
194.915200 154.138300 190.761654 158.678376
192.608000 154.359200 188.402576 158.725512
190.191200 154.607500 185.931182 158.797473
187.583300 154.884100 183.351847 158.883039
184.957400 155.186600 180.661206 158.987940
182.247900 155.528500 177.889700 159.123879
179.475200 155.876700 175.056918 159.261186
176.575100 156.228100 172.181061 159.389193
173.760900 156.562600 169.308769 159.510851
170.951200 156.890900 166.448123 159.633011
168.152100 157.230400 163.588266 159.766959
165.289300 157.584900 160.760231 159.899162
162.533200 157.929500 157.946128 160.032529
159.793100 158.273700 155.155300 160.165909
157.054300 158.618600 152.349729 160.300010
154.222400 158.979000 149.520573 160.439312
151.468600 159.344500 146.705889 160.591937
148.694800 159.734500 143.864502 160.755298
145.893300 160.145500 140.991289 160.936288
142.975700 160.559500 138.091066 161.105987
140.091400 160.944000 135.154896 161.252696
137.148600 161.293100 132.150868 161.355277
134.144700 161.592800 129.090688 161.411035
131.002400 161.887000 125.987712 161.446453
127.894800 162.183500 122.814769 161.488754
124.746400 162.468300 119.601028 161.523178
121.580500 162.745500 116.380596 161.542370
118.308500 163.036600 113.151529 161.559705
115.141100 163.330700 109.934650 161.585432
111.974700 163.624100 106.705999 161.605163
108.812300 163.916700 103.474430 161.621113
105.542700 164.211400 100.247770 161.637987
102.380800 164.493700 97.033812 161.646143
99.226200 164.780300 93.816823 161.659961
96.050870 165.116400 90.585949 161.720280
92.761240 165.509200 87.327373 161.824707
89.568430 165.915100 84.058275 161.954995
86.360970 166.338600 80.781775 162.109944
83.125990 166.771300 77.481689 162.268131
79.745790 167.204700 74.137985 162.415075
76.460260 167.593100 70.779828 162.520697
73.109820 167.948100 67.359077 162.584678
69.726160 168.275600 63.916528 162.609967
66.195580 168.606000 60.441253 162.627263
62.736600 168.898900 56.930940 162.614227
59.267040 169.165900 53.410367 162.575528
55.813980 169.412200 49.896010 162.516779
52.267970 169.653800 46.395185 162.444914
48.857080 169.874300 42.943452 162.353131
45.480920 170.086600 39.522366 162.247235
42.129240 170.284900 36.124278 162.134724
38.737740 170.457200 32.798987 161.995998
35.557060 170.603800 29.578852 161.844729
32.503960 170.732200 26.476880 161.688965
29.593390 170.836500 23.523324 161.519439
26.737360 170.931700 20.720736 161.346663
24.120740 171.009200 18.053942 161.172666
21.646300 171.108800 15.538763 161.027767
19.530570 171.295400 13.117774 160.942980
17.342560 171.621000 10.796801 160.960628
15.155350 171.946300 8.582740 161.058128
12.968930 172.271500 6.467234 161.216047
10.783300 172.596400 4.442115 161.396299
8.864246 172.890500 2.553128 161.539288
7.172005 173.158000 0.821962 161.641886
5.662329 173.367200 -0.718160 161.707639
4.367927 173.524100 -2.045289 161.738359
3.271281 173.634300 -3.140398 161.752955
2.418013 173.711500 -4.018268 161.747882
1.727243 173.780600 -4.726894 161.742144
1.090507 173.842600 -5.362156 161.737024
0.503972 173.891900 -5.964079 161.722094
-0.083866 173.944700 -6.568072 161.712886
-0.670881 173.985500 -7.165851 161.693518
-1.296682 174.006900 -7.780077 161.653458
-2.041145 174.038300 -8.533777 161.608634
-2.950484 174.077600 -9.451603 161.554773
-4.040723 174.103600 -10.551313 161.470220
-5.389220 174.152400 -11.878944 161.390569
-6.896365 174.212700 -13.410146 161.303828
-8.554059 174.324500 -15.099284 161.256368
-10.390060 174.395900 -16.965244 161.155965
-12.470550 174.481000 -18.989806 161.043579
-14.618970 174.530200 -21.152428 160.874853
-16.963860 174.599000 -23.520636 160.711487
-19.509990 174.644900 -26.004732 160.505481
-22.125650 174.682800 -28.638890 160.287952
-24.840380 174.725400 -31.373173 160.064062
-27.650460 174.776300 -34.212464 159.836798
-30.659680 174.860700 -37.164802 159.630010
-33.638130 174.961400 -40.174104 159.430835
-36.675070 175.066100 -43.237006 159.225214
-39.758050 175.157000 -46.347606 158.993549
-42.991150 175.247000 -49.494737 158.753708
-46.149850 175.346200 -52.654433 158.519477
-49.313040 175.437700 -55.833403 158.276286
-52.471830 175.520600 -59.020683 158.019966
-55.748880 175.613600 -62.222894 157.773302
-58.893430 175.700800 -65.375163 157.525819
-62.067600 175.802400 -68.569335 157.293653
-65.241570 175.905200 -71.749874 157.055304
-68.529730 176.004000 -74.957296 156.806446
-71.712750 176.081900 -78.151475 156.538470
-74.914250 176.147100 -81.382408 156.257642
-78.120700 176.219700 -84.616755 155.979088
-81.437010 176.261600 -87.842643 155.671064
-84.656790 176.294700 -91.095417 155.351937
-87.875020 176.293700 -94.359354 155.001600
-91.123360 176.264900 -97.643517 154.632831
-94.467840 176.210900 -100.917148 154.239355
-97.723590 176.128800 -104.212159 153.817910
-100.987600 176.013300 -107.511399 153.365454
-104.255300 175.873200 -110.779079 152.891748
-107.637500 175.702600 -114.052579 152.394502
-110.923600 175.530400 -117.319360 151.883946
-114.215000 175.338300 -120.621856 151.340124
-117.518500 175.138000 -123.931517 150.788050
-120.945700 174.933900 -127.266971 150.229274
-124.268000 174.732000 -130.588148 149.664597
-127.611500 174.521600 -133.923091 149.091399
-130.971400 174.313600 -137.293345 148.514611
-134.446000 174.086400 -140.652811 147.922338
-137.827600 173.864500 -144.026945 147.327041
-141.217000 173.653800 -147.415888 146.736607
-144.604300 173.437000 -150.801060 146.146435
-147.998800 173.212700 -154.187442 145.552880
-151.492600 172.986600 -157.587083 144.966344
-154.865000 172.750100 -160.962984 144.363060
-158.230500 172.519200 -164.344955 143.767935
-161.543700 172.277500 -167.639829 143.169973
-164.969800 172.044800 -170.961165 142.588026
-168.205100 171.828100 -174.215024 142.015141
-171.447000 171.624400 -177.434289 141.454157
-174.579300 171.390600 -180.563851 140.862751
-177.744400 171.157600 -183.629297 140.292305
-180.777600 170.931000 -186.654515 139.719303
-183.730300 170.717900 -189.615365 139.160957
-186.629900 170.508400 -192.504790 138.618142
-189.564700 170.296200 -195.332118 138.086174
-192.366800 170.101200 -198.127316 137.565830
-195.106100 169.890800 -200.837973 137.037017
-197.814400 169.661200 -203.531992 136.489953
-200.471800 169.410400 -206.173468 135.923534
-203.182700 169.095000 -208.773630 135.309003
-205.751100 168.737300 -211.324856 134.653334
-208.267900 168.329000 -213.831032 133.950011
-210.743200 167.924400 -216.300566 133.259530
-213.232500 167.523100 -218.696453 132.599840
-215.536000 167.193900 -220.995705 132.005684
-217.758000 166.990500 -223.227421 131.538218
-219.957800 166.879100 -225.374463 131.173474
-221.991800 166.866100 -227.440402 130.912780
-223.932400 166.951400 -229.425908 130.760182
-225.811300 167.132600 -231.301500 130.708059
-227.521600 167.369400 -233.062563 130.737926
-229.134600 167.650000 -234.722974 130.822495
-230.638100 167.959500 -236.271274 130.941651
-232.059100 168.230800 -237.722941 131.032610
-233.425800 168.454000 -239.070346 131.082978
-234.633400 168.572000 -240.294595 131.053214
-235.742900 168.590900 -241.405790 130.938285
-236.756600 168.474000 -242.409031 130.695752
-237.688600 168.244800 -243.306734 130.345514
-238.595700 167.913600 -244.134242 129.908019
-239.386200 167.482000 -244.873456 129.381022
-240.122600 166.992700 -245.562252 128.812509
-240.784600 166.455200 -246.164680 128.214286
-241.450400 165.841500 -246.749583 127.551115
-242.093700 165.247800 -247.340112 126.882054
-242.714400 164.613600 -247.894408 126.176004
-243.319500 163.900700 -248.429495 125.390292
-243.922800 163.079700 -248.926955 124.523443
-244.449800 162.177200 -249.362965 123.556885
-244.942200 161.166600 -249.745211 122.477313
-245.367300 159.985100 -250.028329 121.232105
-245.780500 158.582600 -250.258325 119.822042
-246.160700 157.037000 -250.439369 118.210472
-246.570900 155.291800 -250.617152 116.397883
-246.935800 153.226800 -250.701039 114.341957
-247.231100 150.975300 -250.693809 112.046694
-247.483500 148.507200 -250.612580 109.534667
-247.723900 145.831800 -250.490733 106.808802
-247.984900 142.857300 -250.350081 103.883802
-248.242600 139.763500 -250.188675 100.750374
-248.487100 136.463800 -249.983099 97.416355
-248.744100 132.860300 -249.755284 93.882976
-248.985300 129.355100 -249.522610 90.320603
-249.187000 125.863300 -249.251104 86.786478
-249.365800 122.363600 -248.953716 83.293469
-249.537800 118.749000 -248.639990 79.747642
-249.669600 115.260500 -248.293635 76.236600
-249.792300 111.794000 -247.940347 72.752356
-249.915400 108.347000 -247.590959 69.273905
-250.020200 104.809600 -247.222241 65.838916
-250.100800 101.405800 -246.833123 62.420138
-250.165100 98.031080 -246.431754 59.027577
-250.220100 94.672220 -246.020992 55.650413
-250.281900 91.354610 -245.620382 52.296809
-250.379600 87.957140 -245.256149 48.948584
-250.529000 84.690860 -244.941711 45.606157
-250.669200 81.426880 -244.612679 42.278516
-250.825100 78.199930 -244.311205 38.992249
-251.003600 74.839450 -244.022904 35.712970
-251.163900 71.592630 -243.721057 32.435450
-251.335400 68.368320 -243.431072 29.175526
-251.486700 65.159930 -243.128395 25.956188
-251.621300 61.868790 -242.805359 22.758086
-251.733600 58.703960 -242.465355 19.579121
-251.831300 55.558280 -242.113596 16.427371
-251.921900 52.434960 -241.757992 13.278937
-252.020100 49.237740 -241.409751 10.181094
-252.133000 46.163610 -241.081057 7.097628
-252.273500 43.113000 -240.788014 4.036475
-252.441000 39.988930 -240.514122 0.997153
-252.617900 36.983280 -240.257132 -2.017569
-252.802600 34.004700 -240.010979 -5.010106
-252.975900 31.049370 -239.758445 -7.975599
-253.089800 28.118770 -239.442141 -10.891842
-253.110700 25.115270 -239.041851 -13.776840
-253.035800 22.238870 -238.552515 -16.624640
-252.844300 19.377400 -237.954036 -19.437488
-252.486900 16.548530 -237.203347 -22.204430
-251.947900 13.737770 -236.265002 -24.920956
-251.196800 10.861550 -235.143523 -27.584326
-250.263700 8.097182 -233.815040 -30.202524
-249.120800 5.365770 -232.284758 -32.766605
-247.759100 2.687933 -230.548675 -35.244921
-246.142100 -0.014722 -228.627709 -37.619790
-244.393500 -2.595909 -226.512199 -39.949203
-242.510300 -5.156183 -224.254908 -42.247690
-240.566700 -7.735311 -221.931216 -44.550675
-238.503300 -10.434670 -219.550255 -46.880660
-236.477400 -13.073100 -217.133283 -49.231127
-234.474700 -15.726980 -214.736759 -51.598398
-232.536100 -18.408850 -212.398363 -54.001577
-230.616800 -21.203410 -210.124519 -56.450517
-228.850900 -23.942910 -207.942458 -58.939082
-227.133800 -26.682560 -205.813822 -61.435393
-225.446900 -29.397280 -203.718477 -63.912167
-223.742400 -32.174210 -201.666261 -66.361145
-222.112100 -34.832550 -199.642186 -68.775892
-220.513500 -37.449490 -197.649592 -71.163123
-218.966900 -39.965870 -195.727204 -73.454381
-217.503200 -42.285120 -193.918319 -75.557825
-216.077700 -44.436670 -192.231048 -77.430800
-214.783900 -46.283340 -190.661862 -79.089937
-213.595400 -47.910290 -189.222017 -80.553534
-212.493700 -49.356870 -187.900526 -81.844778
-211.400300 -50.687540 -186.653939 -82.972263
-210.355700 -51.841150 -185.442458 -83.970508
-209.340900 -52.849660 -183.190077 -84.637483
-208.358700 -53.675640 -182.628815 -85.424705
-207.456100 -54.273980 -181.638212 -85.907067
-206.644900 -54.722880 -180.792246 -86.243828
-205.857400 -55.080810 -179.952989 -86.503815
-205.061600 -55.342810 -179.123476 -86.661165
-204.257900 -55.536590 -178.287095 -86.748881
-203.344000 -55.689810 -177.377543 -86.781799
-202.351900 -55.780690 -176.379580 -86.741357
-201.243700 -55.799280 -175.270637 -86.602250
-199.989900 -55.696390 -174.031158 -86.325208
-198.510300 -55.481040 -172.639625 -85.915793
-196.898700 -55.143470 -171.076945 -85.348867
-195.116300 -54.644630 -169.356092 -84.594416
-193.174100 -53.956330 -167.507247 -83.622034
-191.074900 -53.014130 -165.620919 -82.418934
-188.959900 -51.833070 -163.706767 -80.943115
-186.769900 -50.434610 -161.729358 -79.232489
-184.493100 -48.877050 -159.656449 -77.331570
-182.027100 -47.196140 -157.494189 -75.340040
-179.518400 -45.511080 -155.224715 -73.274610
-176.887800 -43.759010 -152.832096 -71.114186
-174.057600 -41.904770 -150.336284 -68.890090
-171.185600 -40.064490 -147.718024 -66.606669
-168.210000 -38.239050 -144.991104 -64.317148
-165.134700 -36.439670 -142.125908 -62.013506
-161.912800 -34.623900 -139.240647 -59.766401
-158.728200 -32.933540 -136.292000 -57.589046
-155.518300 -31.310960 -133.303971 -55.467039
-152.323300 -29.749320 -130.312167 -53.403691
-149.025800 -28.138440 -127.319468 -51.336340
-145.837400 -26.580640 -124.335040 -49.265693
-142.637800 -25.034650 -121.352829 -47.220964
-139.420800 -23.475390 -118.350449 -45.151453
-136.213700 -21.935540 -115.357808 -43.085424
-132.906800 -20.340940 -112.354700 -41.006973
-129.736500 -18.823650 -109.394950 -38.982670
-126.599100 -17.298160 -106.491625 -36.976369
-123.508600 -15.775710 -103.626251 -34.973298
-120.430400 -14.284200 -100.770435 -33.004745
-117.266800 -12.855860 -97.900320 -31.140478
-114.147200 -11.578550 -94.940695 -29.370338
-111.008700 -10.397700 -91.944604 -27.694771
-107.868500 -9.249910 -88.963369 -26.045245
-104.607800 -8.105122 -85.989173 -24.441528
-101.435600 -7.009491 -82.998639 -22.838945
-98.281300 -5.925601 -79.986816 -21.243299
-95.097240 -4.930410 -76.932900 -19.741637
-91.781260 -3.973811 -73.849377 -18.313761
-88.551500 -3.133017 -70.741097 -16.973840
-85.292990 -2.358460 -67.587715 -15.699950
-82.023560 -1.648866 -64.398990 -14.467380
-78.654660 -0.947041 -61.229483 -13.280076
-75.406020 -0.297045 -58.073801 -12.116772
-72.172350 0.318402 -54.925504 -10.998276
-68.956770 0.916800 -51.804549 -9.900004
-65.747270 1.490171 -48.694005 -8.827862
-62.455540 2.050599 -45.593277 -7.788263
-59.281530 2.575859 -42.502481 -6.767387
-56.135390 3.085974 -39.431979 -5.763394
-53.016680 3.565656 -36.365877 -4.793005
-49.817130 4.041149 -33.336326 -3.850903
-46.746050 4.461030 -30.325799 -2.947759
-43.702560 4.850114 -27.349070 -2.079408
-40.684540 5.212457 -24.394871 -1.237027
-37.719680 5.551979 -21.475675 -0.427860
-34.743820 5.882854 -18.643973 0.349237
-31.973290 6.181436 -15.911498 1.091306
-29.294600 6.454104 -13.270203 1.789513
-26.735570 6.707008 -10.744341 2.447559
-24.349980 6.938378 -8.392781 3.056744
-22.064600 7.148388 -6.190924 3.607471
-20.007940 7.349370 -4.143724 4.133488
-18.113930 7.536208 -2.254375 4.621037
-16.359220 7.685466 -0.509504 5.054274
-14.708610 7.805598 1.087213 5.436759
-13.308760 7.914693 2.484360 5.777350
-12.132970 8.005549 3.665454 6.062146
-11.149480 8.083226 4.654995 6.302423
-10.276670 8.179798 5.496765 6.537603
-9.512499 8.293971 6.245833 6.782349
-8.788190 8.461012 6.937305 7.071591
-8.150927 8.651246 7.542275 7.359258
-7.825092 8.753794 7.847170 7.499298
-7.796565 8.770575 7.873835 7.513944
-7.810188 8.769777 7.861143 7.508226
-7.806531 8.771436 7.864947 7.510023
-7.806613 8.762083 7.864389 7.508876
-7.806302 8.754161 7.864131 7.508070
-7.802026 8.746163 7.863845 7.507778
-7.797852 8.738594 7.863299 7.508115
-7.792236 8.733287 7.864129 7.508097
-7.786711 8.728405 7.865064 7.507507
-7.782173 8.723748 7.865233 7.507877
-7.777311 8.717953 7.866637 7.506538
-7.772958 8.713997 7.865206 7.507656
-7.768808 8.709723 7.864670 7.507536
-7.765860 8.706741 7.864798 7.507822
-7.764058 8.704869 7.864811 7.507640
-7.762954 8.700722 7.864562 7.507620
-7.761187 8.697748 7.864331 7.507736
-7.760491 8.696666 7.864462 7.507577
-7.760164 8.695701 7.864517 7.507563
-7.760285 8.696636 7.864443 7.507411
-7.759663 8.697272 7.864352 7.507217
-7.750921 8.705069 7.876200 7.510627
-7.713901 8.725688 7.912501 7.528956
-7.655995 8.753943 7.968029 7.559319
-7.512370 8.818253 8.104629 7.637920
-7.179332 8.962513 8.422905 7.828980
-6.630685 9.223685 8.920469 8.155149
-5.922683 9.630767 9.569027 8.652981
-5.116183 10.241960 10.290175 9.351364
-4.259866 11.060560 11.046745 10.269974
-3.417480 12.108200 11.738055 11.414784
-2.605324 13.428970 12.343960 12.854236
-1.873707 15.085840 12.803842 14.577133
-1.254607 16.961180 13.103522 16.538541
-0.763466 19.083600 13.226850 18.698132
-0.466594 21.432240 13.112823 21.059324
-0.346848 24.069580 12.786830 23.607336
-0.349319 26.824170 12.309835 26.355671
-0.397473 29.776850 11.749742 29.317001
-0.451448 33.029690 11.156478 32.478194
-0.503417 36.372950 10.525169 35.814902
-0.573546 39.785770 9.858580 39.235630
-0.659656 43.314030 9.168198 42.650119
-0.764637 46.710290 8.461702 46.033039
-0.871654 50.109350 7.749640 49.411007
-0.979143 53.471790 7.042456 52.756684
-1.076654 56.915000 6.341689 56.093448
-1.170365 60.255510 5.639547 59.435033
-1.254143 63.546300 4.957701 62.717584
-1.356863 66.822230 4.258710 65.962267
-1.455718 70.188830 3.571125 69.212921
-1.544350 73.424550 2.900406 72.434277
-1.641095 76.622420 2.221431 75.615506
-1.754034 79.810440 1.529252 78.789431
-1.872814 82.965620 0.839271 81.922712
-1.997209 86.199370 0.156935 85.032096
-2.123923 89.315530 -0.528925 88.122597
-2.239138 92.403760 -1.198646 91.190728
-2.346422 95.476420 -1.852058 94.222941
-2.441603 98.617360 -2.495455 97.247118
-2.514438 101.639000 -3.119061 100.262175
-2.555372 104.659100 -3.713075 103.287715
-2.567704 107.613500 -4.261565 106.230433
-2.594127 110.705700 -4.826067 109.199691
-2.619914 113.775300 -5.400953 112.238888
-2.651202 116.930300 -6.001941 115.371567
-2.690101 120.140800 -6.621853 118.575841
-2.743939 123.521200 -7.267886 121.855414
-2.809982 126.893800 -7.943821 125.223029
-2.890812 130.311800 -8.640725 128.628565
-2.988896 133.754600 -9.355194 132.048576
-3.105426 137.284200 -10.082046 135.416124
-3.230416 140.684700 -10.821761 138.772178
-3.352382 144.061000 -11.557243 142.136022
-3.486609 147.408200 -12.297979 145.445489
-3.634565 150.796400 -13.038484 148.691840
-3.755510 153.999200 -13.743149 151.853807
-3.863641 157.141500 -14.425953 154.965577
-3.954950 160.221700 -15.087847 158.044864
-4.030624 163.352700 -15.726769 161.071498
-4.080325 166.361100 -16.342972 164.098113
-4.150732 169.349100 -16.971803 167.074656
-4.219826 172.384800 -17.594941 170.081686
-4.275704 175.567600 -18.211998 173.154842
-4.348037 178.701900 -18.866666 176.271868
-4.454591 181.861900 -19.559903 179.412533
-4.559407 185.097800 -20.264771 182.614266
-4.654565 188.501000 -20.981476 185.906716
-4.757899 191.844500 -21.716076 189.256181
-4.837142 195.174900 -22.416153 192.554988
-4.924844 198.506900 -23.130009 195.842056
-5.006935 201.912600 -23.838264 199.145190
-5.080092 205.176800 -24.533552 202.384428
-5.156830 208.367200 -25.216866 205.551543
-5.226614 211.400900 -25.841099 208.550589
-5.301080 214.388000 -26.441251 211.417144
-5.360954 217.202900 -27.005947 214.196002
-5.412809 219.987400 -27.568239 216.964583
-5.448093 222.748600 -28.110122 219.755094
-5.487519 225.587300 -28.015164 223.425003
-5.505442 228.331000 -28.567137 226.176335
-5.539300 231.100600 -29.148525 228.924881
-5.653743 233.941300 -29.807458 231.753982
-5.829114 236.933600 -30.554477 234.597439
-6.015882 239.902300 -31.342270 237.527427
-6.151988 242.973300 -32.112507 240.574323
-6.304094 246.247200 -32.908476 243.709447
-6.458432 249.551300 -33.730411 246.972479
-6.592998 252.951900 -34.558432 250.340284
-6.728281 256.442500 -35.420316 253.782275
-6.859772 260.061000 -36.278113 257.230651
-6.985711 263.529300 -37.121434 260.637815
-7.096611 266.975300 -37.948005 264.020513
-7.214518 270.407300 -38.780756 267.381889
-7.348750 273.883900 -39.612643 270.683318
-7.453543 277.177700 -40.410771 273.937199
-7.579920 280.338000 -41.192896 277.064385
-7.709425 283.372700 -41.949634 280.052688
-7.847550 286.343300 -42.701871 282.927470
-7.983036 289.127000 -43.426306 285.700166
-8.110919 291.894100 -44.150425 288.452891
-8.238628 294.628300 -44.859532 291.160326
-8.350805 297.459200 -45.543110 293.885205
-8.410466 300.241700 -46.187460 296.634045
-8.450762 303.067200 -46.816536 299.432247
-8.460779 305.966400 -47.454645 302.327375
-8.432923 309.057300 -48.065881 305.314438
-8.366028 312.112900 -48.654228 308.350308
-8.271852 315.271200 -49.236507 311.496161
-8.132340 318.465500 -49.786602 314.699329
-7.947067 321.841700 -50.311377 317.991535
-7.714144 325.176600 -50.795961 321.350112
-7.430915 328.553800 -51.256315 324.761389
-7.145868 332.012000 -51.725815 328.242226
-6.841059 335.672800 -52.190871 331.800451
-6.546080 339.255100 -52.670499 335.393171
-6.266411 342.824500 -53.151663 338.965082
-6.013357 346.358800 -53.650345 342.489975
-5.765477 349.981600 -54.153040 346.013735
-5.555496 353.453200 -54.673466 349.502207
-5.348826 356.869900 -55.197987 352.936501
-5.160289 360.275000 -55.738757 356.354437
-5.008096 363.604100 -56.299354 359.665288
-4.855960 367.004400 -56.858320 362.950860
-4.709869 370.244500 -57.409394 366.191311
