-0.000000 0.000000 0.000000 0.000000
-0.034968 3.272805 -0.012277 3.631810
-0.069936 6.545600 -0.013234 7.234629
-0.104906 9.818385 -0.007638 10.831362
-0.139877 13.091160 -0.025144 14.430127
-0.175811 16.537100 -0.059161 18.037473
-0.216930 20.097820 -0.097836 21.648412
-0.266987 23.661990 -0.142773 25.273121
-0.323683 27.231360 -0.191167 28.896606
-0.389518 30.911200 -0.249130 32.503081
-0.459868 34.480430 -0.317107 36.110090
-0.536432 38.051690 -0.389494 39.734902
-0.617510 41.621050 -0.481394 43.370229
-0.699687 45.200490 -0.561237 47.007043
-0.756148 48.784570 -0.614206 50.649022
-0.807234 52.486470 -0.653065 54.284205
-0.861295 56.083730 -0.695460 57.918451
-0.930821 59.678810 -0.753583 61.549145
-0.998598 63.265050 -0.810899 65.173171
-1.073630 66.837060 -0.876379 68.787285
-1.157628 70.504970 -0.952080 72.374691
-1.220309 74.034480 -1.008237 75.939558
-1.244229 77.539770 -1.028092 79.480439
-1.238581 81.020870 -1.021068 82.996452
-1.192933 84.476830 -0.974392 86.492736
-1.110910 88.021030 -0.892312 89.954429
-0.992853 91.457840 -0.771868 93.438415
-0.842406 94.899920 -0.622870 96.923232
-0.668083 98.361990 -0.450528 100.431246
-0.491315 101.877200 -0.262284 104.038978
-0.324438 105.558100 -0.096798 107.690372
-0.202662 109.161100 0.018827 111.336111
-0.124427 112.790200 0.093122 115.005814
-0.099615 116.436600 0.110212 118.711662
-0.119276 120.106000 0.082289 122.415465
-0.157510 123.919000 0.042393 126.150236
-0.209523 127.642200 -0.013379 129.918528
-0.249877 131.383900 -0.064043 133.704954
-0.292088 135.147200 -0.112077 137.529191
-0.334825 138.932300 -0.158190 141.355527
-0.390077 142.732100 -0.212327 145.200857
-0.438939 146.638700 -0.257554 149.037112
-0.482604 150.414300 -0.300319 152.869628
-0.532633 154.185500 -0.348198 156.688242
-0.583131 157.951700 -0.400541 160.501326
-0.641745 161.714600 -0.462744 164.306994
-0.710254 165.599500 -0.533786 168.121280
-0.782770 169.368600 -0.611972 171.947955
-0.863844 173.138100 -0.696211 175.776384
-0.946855 176.906200 -0.786528 179.592005
-1.022527 180.668700 -0.872516 183.399995
-1.111942 184.536100 -0.966180 187.175584
-1.196549 188.256000 -1.057675 190.917302
-1.273732 191.951800 -1.149996 194.652022
-1.330648 195.605900 -1.221288 198.348653
-1.376668 199.221000 -1.281249 202.000153
-1.410466 202.896100 -1.331220 205.623420
-1.432815 206.378500 -1.370105 209.180036
-1.454276 209.741700 -1.405309 212.593238
-1.487521 212.972200 -1.444490 215.848712
-1.524437 216.094300 -1.495833 219.010288
-1.585151 219.181300 -1.565381 222.056910
-1.662338 221.987800 -1.656803 224.905161
-1.757925 224.591500 -1.765771 227.543998
-1.869405 227.011400 -1.894256 229.995461
-1.967683 229.272100 -2.010461 232.284058
-2.061729 231.507600 -2.114716 234.481176
-2.139269 233.644500 -2.204036 236.653730
-2.205322 235.749600 -2.277079 238.792237
-2.246293 237.823300 -2.328529 240.902752
-2.270852 239.872800 -2.370503 242.983104
-2.284210 242.016200 -2.398215 245.086086
-2.285245 244.116900 -2.411888 247.204763
-2.278525 246.265800 -2.415907 249.388274
-2.275337 248.472100 -2.424100 251.629915
-2.261679 250.817700 -2.424834 253.927142
-2.252184 253.167700 -2.425071 256.292676
-2.222905 255.570600 -2.407925 258.708376
-2.151307 258.053300 -2.348633 261.219026
-2.071274 260.545300 -2.281286 263.745216
-1.967432 263.131400 -2.194680 266.285668
-1.836751 265.640700 -2.084547 268.826378
-1.686794 268.166500 -1.957912 271.384381
-1.542234 270.709500 -1.837084 273.954651
-1.411691 273.255300 -1.723380 276.530257
-1.290790 275.875600 -1.629193 279.094079
-1.192824 278.392900 -1.555468 281.635218
-1.133449 280.843800 -1.520859 284.120688
-1.110438 283.179900 -1.517980 286.486903
-1.119998 285.355500 -1.539152 288.683134
-1.173751 287.414800 -1.601665 290.701213
-1.291771 289.281200 -1.667751 292.515394
-1.526825 291.023700 -1.932925 294.323258
-1.898667 292.634400 -2.325912 295.977423
-2.424342 294.094900 -2.868909 297.486503
-3.105562 295.403200 -3.547105 298.816624
-3.942164 296.556200 -4.406165 300.008361
-4.972919 297.548600 -5.419948 300.996675
-6.103896 298.278800 -6.557263 301.683906
-7.313775 298.720400 -7.779317 302.100730
-8.537111 298.936500 -8.969039 302.295152
-9.816715 298.913000 -10.192106 302.257385
-11.161510 298.629500 -11.511454 301.993381
-12.526790 298.068600 -12.878176 301.424303
-13.917070 297.176100 -14.218573 300.522787
-15.262880 296.010800 -15.553365 299.310768
-16.588840 294.532100 -16.866008 297.779641
-17.799930 292.716400 -18.056326 295.895473
-18.918840 290.500300 -19.076354 293.687360
-19.828000 288.040600 -19.901173 291.179319
-20.507900 285.289700 -20.465949 288.403659
-20.925410 282.286700 -20.746891 285.381341
-21.089090 278.933900 -20.759583 282.127330
-20.998120 275.478600 -20.512909 278.637286
-20.716450 271.886600 -20.070873 275.031309
-20.377020 268.023300 -19.564513 271.232416
-20.063810 264.134000 -19.075249 267.298132
-19.795060 260.173000 -18.633190 263.291051
-19.584730 256.195100 -18.257510 259.267382
-19.437070 252.183700 -17.951220 255.205562
-19.349230 248.020200 -17.691164 251.125100
-19.291550 243.963400 -17.458874 247.043819
-19.258370 239.862900 -17.242590 242.909679
-19.229850 235.734300 -17.021415 238.738845
-19.183790 231.570900 -16.785125 234.550450
-19.113450 227.384500 -16.529079 230.329031
-19.050620 223.168900 -16.276990 226.084953
-18.986320 219.193500 -16.017532 221.796623
-18.909880 214.501500 -15.759368 217.486412
-18.827110 210.196600 -15.496259 213.147720
-18.738850 205.861800 -15.234717 208.775829
-18.648190 201.493500 -14.962041 204.366326
-18.569010 197.120000 -14.698144 199.957233
-18.490060 192.753700 -14.438802 195.550081
-18.425760 188.409000 -14.192944 191.173818
-18.377160 183.946700 -13.956840 186.810842
-18.338420 179.645500 -13.732880 182.476480
-18.320320 175.382900 -13.531438 178.187417
-18.332170 171.186000 -13.363148 173.953676
-18.369500 167.113400 -13.216222 169.823747
-18.426520 163.218000 -13.109588 165.896112
-18.487080 159.529200 -13.011023 162.161447
-18.545570 156.060400 -12.916860 158.650969
-18.595470 152.724800 -12.823010 155.394841
-18.640190 149.737800 -12.734690 152.369733
-18.676050 146.980400 -12.646910 149.578882
-18.703660 144.405900 -12.557799 146.969152
-18.729480 141.968700 -12.478550 144.493682
-18.754180 139.671900 -12.406819 142.155747
-18.775060 137.387300 -12.348615 139.867692
-18.804930 135.257800 -12.305007 137.651437
-18.831290 133.166500 -12.243600 135.471559
-18.858070 131.092100 -12.188453 133.313341
-18.867390 129.054400 -12.110768 131.202148
-18.888280 126.908500 -12.037561 129.058458
-18.901590 124.726700 -11.954399 126.830233
-18.896830 122.443000 -11.846427 124.505247
-18.873400 120.004100 -11.714595 122.033413
-18.831050 117.426200 -11.557297 119.424427
-18.750910 114.598300 -11.354948 116.652477
-18.635150 111.703800 -11.105932 113.734256
-18.469280 108.661100 -10.799909 110.663387
-18.270780 105.468600 -10.459352 107.439617
-18.073060 102.106000 -10.105309 104.040910
-17.856060 98.487960 -9.739111 100.490986
-17.642990 94.836970 -9.357958 96.796822
-17.438060 91.045280 -8.970115 92.967001
-17.249990 87.129640 -8.594955 89.014259
-17.092630 83.055990 -8.250436 84.919720
-16.953490 78.720200 -7.918496 80.696009
-16.849320 74.376610 -7.611126 76.309784
-16.760280 69.974650 -7.326667 71.875567
-16.699350 65.589240 -7.070000 67.456246
-16.648520 61.206320 -6.821492 63.031212
-16.606730 56.824170 -6.589542 58.616726
-16.557160 52.456340 -6.352459 54.233954
-16.491460 47.970510 -6.108340 49.872069
-16.419870 43.638590 -5.860830 45.516998
-16.348160 39.342300 -5.614262 41.194183
-16.283380 35.059030 -5.373275 36.886806
-16.219390 30.804970 -5.134351 32.600472
-16.172660 26.567580 -4.914882 28.335438
-16.118050 22.362730 -4.686744 24.109233
-16.067730 18.070880 -4.457511 19.914498
-16.028850 13.950190 -4.246102 15.754824
-15.975740 9.856545 -4.012717 11.603960
-15.937810 5.774051 -3.791653 7.455756
-15.910400 1.707346 -3.588615 3.339137
-15.860050 -2.376601 -3.369635 -0.793796
-15.816310 -6.487479 -3.163061 -4.934670
-15.769950 -10.766450 -2.950527 -9.114931
-15.722850 -14.939780 -2.741501 -13.323679
-15.680160 -19.137580 -2.536630 -17.540205
-15.639280 -23.357600 -2.330994 -21.761204
-15.604140 -27.602950 -2.122937 -26.040242
-15.555090 -31.863580 -1.897264 -30.329369
-15.516070 -36.119430 -1.677502 -34.647094
-15.469870 -40.500850 -1.460515 -38.920971
-15.422720 -44.720120 -1.244403 -43.182181
-15.372420 -48.919150 -1.022166 -47.413779
-15.316060 -53.110070 -0.791237 -51.628394
-15.261250 -57.292840 -0.561688 -55.865131
-15.217990 -61.473630 -0.349049 -60.090373
-15.180330 -65.655250 -0.143718 -64.305775
-15.147790 -69.828030 0.046663 -68.520549
-15.124290 -74.108820 0.230751 -72.708125
-15.094940 -78.237160 0.419316 -76.872741
-15.047580 -82.317720 0.617830 -80.974205
-14.997270 -86.379100 0.821103 -85.040161
-14.950860 -90.395010 1.023701 -89.080745
-14.905220 -94.383570 1.218826 -93.098388
-14.871990 -98.336890 1.396606 -97.097868
-14.846790 -102.386000 1.568826 -101.075391
-14.831880 -106.274400 1.728873 -105.008297
-14.824500 -110.128000 1.879024 -108.908295
-14.824880 -113.954600 2.019406 -112.768624
-14.821700 -117.742900 2.161282 -116.593876
-14.817570 -121.487400 2.300439 -120.370300
-14.811920 -125.165400 2.432604 -124.075560
-14.813640 -128.881700 2.561685 -127.713132
-14.831030 -132.389400 2.673162 -131.268092
-14.855360 -135.779300 2.770752 -134.696539
-14.877440 -138.999600 2.865365 -137.950093
-14.901480 -142.006200 2.956267 -140.992207
-14.939030 -144.771600 3.007399 -143.823947
-14.951410 -147.349300 3.069301 -146.388715
-14.820920 -149.602100 3.271563 -148.664906
-14.498250 -151.594400 3.657038 -150.666363
-13.968720 -153.315600 4.207285 -152.301213
-13.220810 -154.781700 4.978909 -153.631155
-12.236160 -156.017100 5.961803 -154.744434
-11.048850 -156.975500 7.086115 -155.678876
-9.722075 -157.618400 8.262597 -156.319179
-8.336445 -157.974200 9.636232 -156.657610
-6.859140 -158.021800 11.009119 -156.742078
-5.395948 -157.757100 12.378587 -156.503397
-3.979622 -157.168600 13.781971 -155.924771
-2.629419 -156.252000 15.146424 -154.993571
-1.422651 -155.008900 16.343647 -153.687154
-0.353541 -153.415600 17.338937 -152.062547
0.419417 -151.575500 18.033061 -150.141900
0.913429 -149.483600 18.380631 -147.991861
1.214628 -147.156500 18.503637 -145.630753
1.334755 -144.541100 18.433701 -143.054386
1.345084 -141.823200 18.242941 -140.295131
1.375879 -138.923800 18.045988 -137.345593
1.384361 -135.756200 17.812730 -134.219577
1.381652 -132.519700 17.554292 -130.942293
1.356738 -129.129300 17.265807 -127.490185
1.327157 -125.594900 16.956757 -123.899863
1.306931 -121.805900 16.639762 -120.155426
1.303404 -117.992700 16.329462 -116.265476
1.286589 -114.049400 16.007451 -112.243406
1.236513 -109.968900 15.649404 -108.110256
1.170334 -105.767100 15.256962 -103.865205
1.085545 -101.429700 14.837595 -99.476435
1.007173 -96.815600 14.417668 -94.972743
0.931951 -92.302350 13.994699 -90.443460
0.867702 -87.809880 13.580908 -85.920702
0.815927 -83.312740 13.174226 -81.393179
0.775289 -78.820690 12.768395 -76.874689
0.742127 -74.336670 12.367723 -72.365093
0.691654 -69.882780 11.936491 -67.858388
0.644307 -65.302800 11.508027 -63.366650
0.591125 -60.892630 11.077009 -58.898416
0.515742 -56.497160 10.634443 -54.433660
0.419475 -52.132670 10.178448 -50.049852
0.330281 -47.793070 9.729828 -45.692555
0.253388 -43.473360 9.295489 -41.345610
0.180418 -39.180610 8.863650 -37.037230
0.112758 -34.766800 8.435801 -32.741840
0.069662 -30.521840 8.023035 -28.426943
0.041858 -26.297040 7.625944 -24.142263
0.025942 -22.110130 7.248125 -19.927787
0.022981 -17.941590 6.890668 -15.722961
0.023757 -13.813360 6.527602 -11.548919
0.005971 -9.710658 6.143305 -7.405848
-0.021302 -5.496365 5.761701 -3.299247
-0.058822 -1.422944 5.371681 0.823235
-0.099190 2.639376 4.980264 4.905642
-0.137520 6.693003 4.590797 8.972977
-0.181250 10.741240 4.199414 13.041875
-0.217136 14.778110 3.804344 17.094761
-0.247996 18.811530 3.407668 21.154764
-0.284910 22.961450 3.012376 25.206752
-0.324794 26.962930 2.618015 29.245531
-0.367082 30.934730 2.228714 33.227158
-0.400485 34.879230 1.843085 37.193161
-0.428756 38.794950 1.460929 41.149734
-0.475198 42.680120 1.053026 45.082275
-0.536319 46.547860 0.643252 48.982172
-0.608491 50.501890 0.236750 52.840365
-0.693015 54.308450 -0.179240 56.665978
-0.786127 58.093690 -0.597435 60.460443
-0.884286 61.849930 -1.020388 64.221152
-0.986584 65.581340 -1.446078 67.959286
-1.101907 69.281510 -1.866543 69.494339
-1.203577 72.941490 -2.234553 73.164414
-1.265915 76.473640 -2.561143 76.713065
-1.306983 79.948230 -2.850801 80.085081
-1.303057 83.223700 -3.095455 83.367176
-1.288537 86.487610 -3.322369 86.643276
-1.266468 89.708980 -3.542152 89.885606
-1.239785 92.899740 -3.751131 93.102804
-1.233611 96.052770 -3.629645 95.859675
-1.283180 99.325610 -3.496194 98.470637
-1.390632 102.540300 -3.873664 101.719863
-1.565040 105.802300 -4.317895 105.006737
-1.730002 109.114200 -4.763092 108.357052
-1.819995 112.490500 -5.137293 111.791582
-1.809062 115.925200 -5.412357 115.308922
-1.695536 119.540400 -5.595847 118.870358
-1.525608 123.118600 -5.729283 122.507330
-1.311097 126.778100 -5.829974 126.225374
-1.067214 130.523800 -5.917623 130.047740
-0.849103 134.377400 -6.037533 133.947905
-0.706451 138.326600 -6.235531 137.924462
-0.649127 142.508200 -6.521179 142.003370
-0.655422 146.639900 -6.876245 146.150089
-0.696530 150.856400 -7.274144 150.380830
-0.753472 155.143300 -7.703712 154.692686
-0.830881 159.451000 -8.155135 159.012391
-0.931272 163.744200 -8.632335 163.330436
-1.039399 168.034700 -9.119330 167.651473
-1.145455 172.445200 -9.592570 171.957798
-1.234879 176.691500 -10.049825 176.236166
-1.300893 180.911900 -10.479333 180.483225
-1.357401 185.101600 -10.893962 184.680600
-1.396887 189.260300 -11.284111 188.837693
-1.423383 193.387800 -11.667478 192.987653
-1.455059 197.481700 -12.049338 197.091790
-1.486971 201.545000 -12.439108 201.176836
-1.515433 205.699900 -12.827318 205.236137
-1.541969 209.693900 -13.211201 209.248693
-1.572231 213.621300 -13.585211 213.177669
-1.608073 217.381100 -13.969129 216.972015
-1.656867 220.908000 -14.348206 220.531105
-1.729855 224.179900 -14.722787 223.815107
-1.828162 227.174900 -15.101880 226.824049
-1.928482 229.960800 -15.455994 229.530937
-2.031375 232.377400 -15.783332 231.963074
-2.120800 234.681100 -16.084790 234.296556
-2.167190 236.970400 -16.343230 236.621625
-2.200759 239.228900 -16.576906 238.906150
-2.219295 241.532800 -16.786769 241.152301
-2.226735 243.735100 -16.984028 243.368983
-2.234032 245.961400 -17.181325 245.611265
-2.240925 248.230200 -17.391275 247.911168
-2.235338 250.536900 -17.601146 250.264531
-2.228282 252.980300 -17.804145 252.652921
-2.202664 255.369200 -17.989670 255.054377
-2.143470 257.820300 -18.154770 257.526932
-2.079786 260.316400 -18.324552 260.047188
-1.999030 262.895000 -18.481638 262.655428
-1.896325 265.640100 -18.632992 265.347266
-1.786266 268.375100 -18.788465 268.115514
-1.688292 271.161500 -18.953022 270.927724
-1.612017 273.949500 -19.133912 273.743660
-1.566149 276.734100 -19.342806 276.549660
-1.537439 279.590100 -19.566964 279.336454
-1.520404 282.328300 -19.803232 282.104978
-1.518695 285.004300 -20.036689 284.811410
-1.530617 287.521500 -19.973663 286.799038
-1.536164 289.981300 -20.216318 289.270818
-1.529815 292.490000 -20.457853 291.736779
-1.511005 294.893600 -20.690003 294.210576
-1.496953 297.272900 -20.923984 296.656264
