-0.000000 0.000000 0.000000 0.000000
-0.017374 0.281883 -0.029041 0.284524
-0.059372 0.624019 -0.082993 0.628285
-0.140031 1.075487 -0.177833 1.076400
-0.290162 1.594967 -0.348392 1.587814
-0.526319 2.180538 -0.580508 2.141948
-0.843510 2.764083 -0.888064 2.709470
-1.245526 3.336497 -1.261393 3.267952
-1.763564 3.882134 -1.746781 3.806972
-2.416226 4.382651 -2.368609 4.313522
-3.213209 4.823255 -3.150994 4.770959
-4.170801 5.151787 -4.105629 5.119974
-5.287586 5.359572 -5.203927 5.328984
-6.580932 5.427988 -6.428283 5.378723
-7.964063 5.388933 -7.809286 5.321969
-9.480591 5.264791 -9.328708 5.179114
-11.136280 5.091503 -11.001719 4.983720
-12.989530 4.901119 -12.819632 4.777243
-14.921810 4.699036 -14.770317 4.555865
-16.996590 4.498513 -16.879830 4.332407
-19.197050 4.297161 -19.120645 4.094003
-21.595480 4.102198 -21.471156 3.871367
-23.985700 3.912953 -23.881518 3.648638
-26.461640 3.722221 -26.373699 3.419301
-28.981830 3.500939 -28.909053 3.170305
-31.484920 3.282067 -31.421336 2.928291
-34.061750 3.056376 -33.932968 2.677726
-36.553510 2.850370 -36.439487 2.433912
-39.054890 2.647988 -38.963682 2.194632
-41.526780 2.447501 -41.441842 1.960034
-43.991790 2.236507 -43.929270 1.713527
-46.522230 2.036782 -46.396756 1.481605
-48.957520 1.830390 -48.850889 1.238416
-51.338390 1.587512 -51.243742 0.959593
-53.698820 1.351687 -53.610568 0.691939
-56.022080 1.126948 -55.949610 0.430588
-58.301250 0.901153 -58.230052 0.170941
-60.565170 0.675433 -60.438997 -0.086546
-62.635560 0.476989 -62.532443 -0.325522
-64.570540 0.337225 -64.496731 -0.504193
-66.361720 0.272819 -66.322777 -0.596830
-68.013940 0.366636 -67.965949 -0.527881
-69.411000 0.631229 -69.434633 -0.275725
-70.672620 1.095559 -70.763414 0.163977
-71.835280 1.785204 -71.945394 0.797059
-72.817500 2.626877 -72.992473 1.642509
-73.655740 3.571472 -73.900850 2.605027
-74.388100 4.722405 -74.715004 3.810732
-75.026730 6.150519 -75.393747 5.252838
-75.541220 7.739729 -75.939683 6.867598
-75.979810 9.514430 -76.405656 8.667760
-76.375910 11.436440 -76.836250 10.610563
-76.697600 13.506210 -77.200680 12.703751
-76.958120 15.689990 -77.503199 14.899006
-77.190760 17.985240 -77.776772 17.199615
-77.399250 20.356840 -78.019983 19.503356
-77.568270 22.658510 -78.234179 21.817546
-77.727770 24.930970 -78.446596 24.089206
-77.900930 27.203110 -78.651906 26.368320
-78.055580 29.453490 -78.832614 28.642643
-78.187580 31.701110 -78.997800 30.901766
-78.334020 33.988660 -79.174231 33.208681
-78.499160 36.400770 -79.357113 35.554268
-78.690590 38.776050 -79.578069 37.935925
-78.884460 41.223050 -79.805990 40.396056
-79.086980 43.738750 -80.049220 42.924204
-79.303440 46.298620 -80.302671 45.506557
-79.491650 48.887060 -80.530353 48.122342
-79.684870 51.583030 -80.747469 50.743224
-79.885920 54.151380 -80.977247 53.322701
-80.076460 56.695780 -81.193818 55.876868
-80.262640 59.221470 -81.406740 58.431205
-80.453570 61.690800 -81.625817 60.926520
-80.681200 64.195360 -81.880642 63.370450
-80.928330 66.603910 -82.175567 65.786864
-81.200370 68.980990 -82.479616 68.167874
-81.520880 71.309920 -82.827405 70.503069
-81.886270 73.589260 -83.214145 72.799260
-82.299160 75.844010 -83.636606 75.083060
-82.749540 78.120500 -84.095280 77.310918
-83.265140 80.320480 -84.630505 79.514538
-83.834100 82.458830 -85.246205 81.649575
-84.466170 84.600680 -85.931576 83.782923
-85.181400 86.723000 -86.697529 85.901786
-85.958590 88.814740 -87.521304 87.990368
-86.845230 90.967950 -88.421127 90.092963
-87.781730 93.040610 -89.388855 92.180072
-88.721960 95.093240 -90.356369 94.248182
-89.714170 97.176330 -91.380489 96.331865
-90.734680 99.221920 -92.434014 98.382447
-91.826990 101.333300 -93.521709 100.432524
-92.896080 103.341500 -94.617281 102.445299
-93.988940 105.300600 -95.732291 104.411166
-95.089990 107.209700 -96.853485 106.331351
-96.183630 109.080300 -97.966924 108.206913
-97.218030 110.818300 -99.027488 109.948664
-98.221570 112.470200 -100.022092 111.547946
-99.098560 113.903500 -100.921728 112.986574
-99.887090 115.143500 -101.727646 114.232362
-100.598100 116.230100 -102.441486 115.326762
-101.267300 117.148300 -103.107417 116.246306
-101.833100 117.918800 -103.670635 117.017228
-102.380900 118.546800 -104.193689 117.625617
-102.875100 119.016500 -104.677626 118.095463
-103.389800 119.400100 -105.174493 118.485157
-103.924400 119.766100 -105.685518 118.863984
-104.500500 120.058700 -106.247136 119.170335
-105.100800 120.285100 -106.833614 119.409055
-105.760700 120.478200 -107.485442 119.607919
-106.594600 120.624100 -108.302451 119.756270
-107.576600 120.667300 -109.264063 119.791702
-108.703100 120.565400 -110.342148 119.684817
-109.879300 120.283200 -111.522428 119.390660
-111.138100 119.804800 -112.789144 118.883274
-112.465000 119.092200 -114.097968 118.130038
-113.856300 118.143600 -115.440271 117.142938
-115.377500 117.001400 -116.878260 115.976141
-116.957800 115.759400 -117.623213 116.177114
-118.625600 114.400500 -119.245521 114.732311
-120.390200 112.940300 -120.967795 113.184364
-122.327200 111.330000 -122.797493 111.531418
-124.271500 109.669600 -124.718483 109.779637
-126.304700 107.945800 -126.717407 107.956116
-128.422400 106.145100 -128.784998 106.055190
-130.607800 104.272400 -130.922476 104.062890
-132.928900 102.311500 -133.111289 102.038317
-135.182100 100.410100 -135.282610 100.023147
-137.448600 98.501000 -137.463919 97.990984
-139.716500 96.588530 -139.639044 95.961205
-141.976900 94.674680 -141.805427 93.924089
-144.229200 92.756980 -143.956285 91.889940
-146.554100 90.788010 -146.112619 89.862223
-148.826100 88.898300 -148.282313 87.858203
-151.094900 87.015300 -150.447026 85.866753
-153.350700 85.131880 -152.602999 83.877059
-155.590600 83.262450 -151.609145 87.800780
-157.816100 81.389710 -153.664648 85.757488
-160.003500 79.537360 -155.695277 83.733662
-162.226500 77.630960 -157.706429 81.712664
-164.371600 75.806750 -159.711192 79.711946
-166.509900 74.008950 -161.698820 77.743469
-168.643300 72.242280 -163.678893 75.798852
-170.748700 70.527870 -165.615822 73.887642
-172.786900 68.875210 -167.500232 72.030332
-174.796700 67.240660 -169.302377 70.257518
-176.664700 65.718100 -171.030708 68.562792
-178.436000 64.239750 -172.692409 66.932699
-180.081200 62.817250 -174.252563 65.391911
-181.624600 61.476700 -175.715127 63.937850
-183.059400 60.173300 -177.063128 62.528225
-184.370600 58.869100 -178.274064 61.130244
-185.554000 57.489480 -179.297346 59.711594
-186.456300 56.100830 -180.095603 58.267545
-187.116900 54.686700 -180.650859 56.820166
-187.517100 53.257200 -180.962939 55.420533
-187.736100 51.821260 -181.104030 53.988924
-187.701500 50.384510 -180.986974 52.550551
-187.503900 49.013320 -180.700417 51.178415
-187.076000 47.730460 -180.186501 49.920077
-186.462100 46.465230 -179.492915 48.734720
-185.726800 45.259550 -178.640834 47.595498
-184.886500 44.095540 -177.679759 46.508563
-183.966700 42.921450 -176.640159 45.416757
-182.949000 41.663450 -175.537202 44.284839
-181.872400 40.390140 -174.352331 43.102358
-180.722500 39.009190 -173.086695 41.825669
-179.499400 37.528790 -171.731740 40.473286
-178.136700 35.879660 -170.272488 38.994426
-176.694000 34.182190 -168.693092 37.419873
-175.167300 32.349490 -167.010799 35.726563
-173.566000 30.428820 -165.245071 33.946376
-171.886200 28.425440 -163.401600 32.068205
-170.097500 26.282760 -161.494873 30.118132
-168.322200 24.133140 -159.522464 28.115706
-166.577600 21.956210 -157.561437 26.085878
-164.842300 19.774840 -155.599427 24.071814
-163.121300 17.644510 -153.652941 22.101278
-161.349600 15.443130 -151.729330 20.140049
-159.665100 13.328630 -149.832171 18.188096
-158.082900 11.192540 -148.023901 16.198810
-156.656800 8.996200 -146.366825 14.100968
-155.443900 6.715427 -144.901847 11.862286
-154.445000 4.293858 -143.685968 9.537189
-153.690400 1.873033 -142.680897 7.172707
-153.119100 -0.636098 -141.859334 4.711240
-152.663700 -3.237467 -141.145076 2.138643
-152.330500 -5.920004 -140.545281 -0.523322
-152.033700 -8.820695 -139.977024 -3.284962
-151.705900 -11.690000 -139.356617 -6.111916
-151.370800 -14.672100 -138.724444 -9.049350
-151.023300 -17.729780 -138.072614 -12.062192
-150.666000 -20.838640 -137.401406 -15.125626
-150.327500 -23.978110 -136.747824 -18.226450
-150.007700 -27.125050 -136.105982 -21.333732
-149.702500 -30.239210 -135.471523 -24.419144
-149.400500 -33.439450 -134.856176 -27.486033
-149.134300 -36.509690 -134.269470 -30.516433
-148.893300 -39.558510 -133.712272 -33.540781
-148.677600 -42.572690 -133.190433 -36.536550
-148.459800 -45.563490 -132.676570 -39.508280
-148.243200 -48.518380 -132.178670 -42.441428
-148.026200 -51.543610 -131.685985 -45.352942
-147.812100 -54.441110 -131.185563 -48.224978
-147.596000 -57.307300 -130.680901 -51.057483
-147.359700 -60.135300 -130.159241 -53.854880
-147.119400 -62.905480 -129.637424 -56.605521
-146.895800 -65.574570 -129.142849 -59.243667
-146.703200 -68.185090 -128.709304 -61.765144
-146.596100 -70.529870 -128.375062 -64.126171
-146.537400 -72.653470 -128.127313 -66.271950
-146.518700 -74.541400 -127.952307 -68.187818
-146.542900 -76.194400 -127.837654 -69.870275
-146.587100 -77.623570 -127.766818 -71.286398
-146.639000 -78.722540 -124.001393 -73.663127
-146.668700 -79.535370 -120.095260 -75.525226
-146.685700 -80.153990 -117.534414 -77.070501
-146.680600 -80.703290 -117.681145 -77.609363
-146.651100 -81.157490 -117.792725 -78.069473
-146.630800 -81.545240 -117.873298 -78.457075
-146.578900 -81.850470 -117.914191 -78.778676
-146.534700 -82.033650 -117.939574 -78.971767
-146.506400 -82.108780 -117.948736 -79.054618
-146.492400 -82.105550 -117.947288 -79.057216
-146.499300 -82.109440 -117.947646 -79.055630
-146.508600 -82.106890 -117.942621 -79.055671
-146.512300 -82.105760 -118.036248 -79.135294
-146.517800 -82.111940 -117.949736 -79.056840
-146.520100 -82.116300 -117.948088 -79.055815
-146.519200 -82.117530 -117.945612 -79.056605
-146.512700 -82.109390 -117.944971 -79.056672
-146.512200 -82.101930 -117.945312 -79.056428
-146.511300 -82.096090 -117.944286 -79.056656
-146.513000 -82.093540 -117.943579 -79.055353
-146.513900 -82.094450 -117.945372 -79.056081
-146.509500 -82.094480 -117.945809 -79.055238
-146.509800 -82.094510 -117.944483 -79.056447
-146.505100 -82.094710 -117.944143 -79.056155
-146.497100 -82.092930 -117.944579 -79.056210
-146.502400 -82.094210 -117.944510 -79.056222
-146.549900 -82.123010 -117.942461 -79.057407
-146.590500 -82.177760 -117.938669 -79.084939
-146.615400 -82.269700 -117.932414 -79.155121
-146.606900 -82.389240 -117.912243 -79.261828
-146.576500 -82.536710 -117.892774 -79.405996
-146.500700 -82.740200 -117.854205 -79.612537
-146.376300 -83.076720 -117.801119 -79.960409
-146.182100 -83.531210 -117.721429 -80.446621
-145.906000 -84.059320 -117.595905 -81.027372
-145.518400 -84.631430 -117.389851 -81.677512
-144.918700 -85.295100 -117.048563 -82.426971
-144.097800 -86.038800 -116.493138 -83.356445
-142.967800 -86.809300 -115.620130 -84.409427
-141.532900 -87.506980 -114.403511 -85.468715
-139.827500 -88.047960 -112.861328 -86.427730
-137.872800 -88.392530 -111.019184 -87.240297
-135.610100 -88.573160 -108.920580 -87.930260
-133.197900 -88.661010 -106.603039 -88.582872
-130.594100 -88.645980 -104.072911 -89.176365
-127.794200 -88.543100 -101.331159 -89.730831
-124.684200 -88.430010 -98.391130 -90.322330
-121.484500 -88.261850 -95.270191 -90.916309
-118.132600 -88.010780 -92.016808 -91.483334
-114.654100 -87.719060 -88.589395 -92.046663
-110.958900 -87.406060 -85.060714 -92.632863
-107.392900 -87.117030 -81.559642 -93.218476
-103.850700 -86.832790 -78.087227 -93.796971
-100.313000 -86.547840 -74.602279 -94.379139
-96.807210 -86.272320 -71.168437 -94.954017
-93.211730 -85.990220 -67.737143 -95.521093
-89.761800 -85.732640 -64.382351 -96.071970
-86.338600 -85.489130 -61.021492 -96.642356
-82.943570 -85.246600 -57.670421 -97.197402
-79.578760 -84.965200 -54.342609 -97.701944
-76.242680 -84.669690 -51.066595 -98.169889
-72.825120 -84.352470 -47.825544 -98.611680
-69.545440 -84.031000 -44.597827 -99.038366
-66.277480 -83.726500 -41.374732 -99.496578
-63.010990 -83.448380 -38.188874 -99.978581
-59.766680 -83.179280 -35.000961 -100.464639
-56.570330 -82.917910 -31.854166 -100.959894
-53.361740 -82.669110 -28.726659 -101.473778
-50.090520 -82.409310 -25.591415 -101.972794
-46.960000 -82.149050 -22.480669 -102.446103
-43.809580 -81.902650 -19.388852 -102.926124
-40.635840 -81.661200 -16.276728 -103.421799
-37.489910 -81.422860 -13.203533 -103.890318
-34.384620 -81.174290 -10.162677 -104.340730
-31.213440 -80.929590 -7.159948 -104.789982
-28.161530 -80.712480 -4.171115 -105.239300
-25.145820 -80.507980 -1.212369 -105.687716
-22.158300 -80.310830 1.723703 -106.146800
-19.249540 -80.116940 4.581451 -106.589026
-16.501450 -79.930600 7.282831 -107.008833
-13.855610 -79.727260 9.790294 -107.392441
-11.480460 -79.503560 12.147224 -107.709236
-9.289911 -79.258940 14.328249 -107.954437
-7.308229 -78.943620 16.322620 -108.092977
-5.482571 -78.547770 18.135039 -108.113722
-3.911371 -78.094630 19.836581 -108.022841
-2.387316 -77.498390 21.421426 -107.806546
-1.036222 -76.796760 22.875768 -107.445812
0.153830 -75.908720 24.175692 -106.889381
1.164614 -74.881940 25.353851 -106.155889
1.956418 -73.712220 26.393259 -105.207237
2.603012 -72.439590 27.324752 -104.098770
3.022631 -71.067370 28.047845 -102.839550
3.315913 -69.591110 28.625701 -101.494292
3.487222 -68.087850 29.094906 -100.063437
3.603879 -66.508740 29.540261 -98.533834
3.655070 -64.808520 29.950400 -96.874501
3.644882 -62.898630 30.332460 -95.058785
3.572831 -60.903040 30.687162 -93.080699
3.468551 -58.763360 31.054726 -90.948963
3.360464 -56.515940 31.430511 -88.700076
3.229638 -54.240280 31.788920 -86.432863
3.052904 -51.887860 32.122446 -84.152264
2.856487 -49.605500 32.433483 -81.868513
2.676942 -47.326770 32.742600 -79.593557
2.503130 -45.062470 33.050583 -77.328237
2.326510 -42.822490 33.355807 -75.089081
2.162695 -40.552620 33.663255 -72.887212
2.011908 -38.432930 33.972277 -70.752722
1.884974 -36.417120 34.270708 -68.722483
1.757503 -34.473900 34.541912 -66.778142
1.637847 -32.571660 34.815136 -64.877500
1.514399 -30.652510 35.080933 -63.016207
1.403308 -28.829640 35.344329 -61.181750
1.298032 -27.029080 35.595475 -59.373023
1.184313 -25.249800 35.833382 -57.592153
1.061943 -23.497160 36.052557 -55.830902
0.925917 -21.740320 36.259437 -54.120634
0.796026 -20.127460 36.453149 -52.499024
0.693773 -18.613030 36.648659 -50.982195
0.596981 -17.200950 36.833579 -49.567007
0.503575 -15.898890 37.011023 -48.261000
0.411727 -14.714430 37.166492 -47.104037
0.346679 -13.753640 37.304063 -46.133997
0.295662 -12.930200 37.420494 -45.307708
0.260354 -12.155610 37.532054 -44.532302
0.235567 -11.398570 37.643784 -43.771954
0.195666 -10.656890 37.749901 -43.029268
0.147598 -9.899957 37.847846 -42.300583
0.087923 -9.181351 37.913527 -41.582951
0.014366 -8.478324 37.968477 -40.871548
-0.072709 -7.782878 38.019539 -40.169516
-0.159748 -7.103110 38.081535 -39.483696
-0.237325 -6.404561 38.152818 -38.805791
-0.310055 -5.738913 38.229446 -38.136801
-0.361903 -5.069803 38.317599 -37.469286
-0.402704 -4.333639 38.424525 -36.738845
-0.431992 -3.494866 38.561311 -35.908778
-0.465636 -2.543009 38.723059 -34.994435
-0.488509 -1.548397 38.903798 -34.003957
-0.499918 -0.482772 39.109816 -32.945262
-0.511548 0.676377 39.318250 -31.801894
-0.388225 1.879446 39.602548 -30.637712
-0.385916 3.035962 39.783211 -29.505033
-0.469959 4.156838 39.880954 -28.394078
-0.671392 5.275554 39.872569 -27.309869
-0.930883 6.300276 39.805964 -26.264435
-1.228194 7.291404 39.710606 -25.226709
-1.435611 8.243765 39.694991 -24.233454
-1.562159 8.940081 39.708866 -23.513055
-1.613620 9.325839 39.739178 -23.124563
-1.633312 9.403983 39.743787 -23.040539
-1.637783 9.375580 39.738800 -23.060116
-1.640993 9.370459 39.740826 -23.059262
