-0.000000 0.000000 0.000000 0.000000
0.021045 2.376007 -0.022968 2.276563
0.039063 4.601186 -0.042852 4.430076
0.063525 6.543064 -0.047059 6.422947
0.080135 8.244760 -0.040294 8.191012
0.037602 9.591321 -0.020101 9.703574
0.039541 10.727330 -0.012386 10.942078
0.073084 11.537210 0.029432 11.912589
0.099033 11.969140 0.061733 12.616982
0.127241 12.242000 0.076227 13.145526
0.108031 12.325970 0.103601 13.607042
0.127963 12.442710 0.126661 14.008703
0.159702 12.552080 0.151701 14.385289
0.154263 12.664120 0.163803 14.770236
0.149062 12.797110 0.153648 15.144352
0.120570 12.943710 0.130041 15.561601
0.049098 13.204670 0.047935 16.073495
-0.100199 13.638810 -0.096456 16.704761
-0.374670 14.215400 -0.352088 17.437815
-0.802299 14.895190 -0.750272 18.233294
-1.392147 15.571450 -1.311443 19.065959
-2.181861 16.224200 -2.060975 19.878186
-3.164942 16.850260 -3.038540 20.657996
-4.403204 17.441870 -4.254473 21.363314
-5.873616 17.900980 -5.716070 21.924180
-7.577881 18.184280 -7.412687 22.262873
-9.608403 18.299790 -9.296292 22.392620
-11.736410 18.224380 -11.354298 22.330270
-14.095890 18.100530 -13.585871 22.213409
-16.687770 18.005280 -15.993805 22.135596
-19.383930 17.904430 -18.586071 22.056613
-22.212000 17.755700 -21.349610 21.926777
-25.251270 17.579010 -24.332847 21.773675
-28.461330 17.399250 -27.393849 21.622639
-31.755200 17.223210 -30.445238 21.434742
-35.063280 16.977970 -33.574488 21.181599
-38.388370 16.669410 -36.778837 20.855279
-41.687850 16.347060 -40.008040 20.516298
-44.967550 15.986540 -43.267911 20.158993
-48.374670 15.577110 -46.558134 19.795623
-51.683430 15.160460 -49.906615 19.461895
-55.018170 14.713860 -53.280737 19.137324
-58.366130 14.303450 -56.678492 18.892342
-61.775470 14.009080 -60.151316 18.705892
-65.282150 13.794300 -63.598553 18.569593
-68.823990 13.599840 -67.090459 18.465352
-72.404960 13.417560 -70.616122 18.372967
-76.032580 13.338750 -74.154940 18.296302
-79.607360 13.261230 -77.715907 18.222606
-83.141980 13.147720 -81.251992 18.143352
-86.755170 13.092890 -84.795255 18.083717
-90.454430 13.005310 -88.316663 18.019328
-93.963820 12.914330 -91.826009 17.965854
-97.439770 12.807310 -95.337163 17.899127
-100.920000 12.699180 -98.814922 17.827157
-104.400800 12.625910 -102.280425 17.771956
-107.914800 12.554940 -105.775402 17.701910
-111.453600 12.472880 -109.297320 17.620649
-115.169100 12.407310 -112.924244 17.559962
-118.819700 12.337650 -116.619322 17.470935
-122.519200 12.259300 -120.363341 17.371309
-126.279500 12.145160 -124.158558 17.235278
-130.038700 12.040550 -127.945004 17.117942
-133.804000 11.925770 -131.727145 17.007569
-137.596500 11.750040 -135.523758 16.889531
-141.479000 11.608780 -139.285236 16.781473
-145.222800 11.508950 -143.049605 16.682870
-148.942200 11.435960 -146.788472 16.600788
-152.647900 11.369140 -150.504665 16.519398
-156.343100 11.298910 -154.210590 16.438577
-160.026700 11.203480 -157.912662 16.335588
-163.670500 11.098630 -161.581831 16.233139
-167.307200 10.974200 -165.244179 16.163362
-171.014200 10.923890 -168.929405 16.101847
-174.600600 10.868000 -172.593272 16.031352
-178.150900 10.825090 -176.201190 15.985699
-181.487300 10.788960 -179.600231 15.948441
-184.585000 10.767250 -182.771341 15.915350
-187.430200 10.752580 -185.683297 15.895614
-190.191600 10.729150 -188.489555 15.854474
-193.021000 10.657430 -191.280415 15.764966
-195.727200 10.580660 -194.035657 15.682119
-198.422800 10.491380 -196.761311 15.576732
-201.144100 10.408600 -199.507260 15.483655
-203.922000 10.338600 -202.309675 15.403584
-206.761000 10.296330 -205.166146 15.314078
-209.795300 10.316440 -208.080139 15.247562
-212.823500 10.359890 -211.077643 15.192217
-215.927900 10.395560 -214.142435 15.151699
-218.991800 10.360540 -217.263319 15.147465
-222.116400 10.298940 -220.459752 15.151189
-225.416200 10.246690 -223.715167 15.167150
-228.743000 10.217050 -227.041151 15.170657
-232.134000 10.222910 -230.444884 15.165313
-235.576400 10.217640 -233.900945 15.147493
-239.103100 10.221000 -237.441914 15.132080
-242.689300 10.187430 -241.043494 15.077310
-246.316700 10.135400 -244.707836 14.999443
-250.008200 10.043460 -248.425888 14.892241
-253.717000 9.888973 -252.193622 14.756279
-257.577900 9.723893 -255.972071 14.610399
-261.325600 9.597878 -259.750087 14.469738
-265.068100 9.467224 -263.528054 14.327735
-268.817000 9.346685 -267.266631 14.201058
-272.524500 9.186949 -270.967331 14.053283
-276.224300 8.987864 -274.664669 13.897904
-279.892400 8.845327 -278.359212 13.779723
-283.702700 8.725332 -282.052713 13.649738
-287.356900 8.621450 -285.722081 13.524389
-291.009300 8.517164 -289.385338 13.405780
-294.662400 8.408015 -293.064321 13.286929
-298.312100 8.308742 -296.732534 13.168300
-301.990700 8.184982 -300.439076 13.035894
-305.707700 8.090363 -304.160863 12.906522
-309.442400 8.000708 -307.899035 12.779260
-313.273100 7.879389 -311.624010 12.629271
-317.024800 7.799002 -315.372542 12.508631
-320.769500 7.697025 -319.116941 12.390665
-324.535100 7.581781 -322.876892 12.268411
-328.314800 7.476338 -326.642796 12.155914
-332.085700 7.368086 -330.393357 12.047990
-335.821700 7.264043 -334.131707 11.949192
-339.552800 7.170716 -337.892017 11.853750
-343.354200 7.074969 -341.605062 11.762784
-346.934000 6.979341 -345.216614 11.663053
-350.395100 6.883583 -348.717192 11.567380
-353.704700 6.792528 -352.071979 11.482096
-356.860200 6.688506 -355.268428 11.384096
-359.973000 6.578609 -358.407264 11.281183
-363.001600 6.462956 -361.466679 11.173286
-365.893200 6.370573 -364.341151 11.084891
-368.460400 6.334488 -366.987282 11.051819
-370.783900 6.411376 -369.403969 11.134355
-372.849300 6.669641 -371.568604 11.404026
-374.689400 7.117519 -373.511138 11.878799
-376.381100 7.782964 -375.248197 12.558541
-377.857200 8.657815 -376.841798 13.486636
-379.173500 9.718149 -378.236403 14.594696
-380.374300 11.026580 -379.470579 15.937154
-381.395400 12.493230 -380.542426 17.460762
-382.258300 14.151670 -381.454988 19.182951
-383.002300 16.010010 -382.231518 21.111357
-383.598900 18.059780 -382.844788 23.221504
-384.088600 20.305900 -383.344629 25.516711
-384.500100 22.816940 -383.752721 27.986842
-384.775400 25.422180 -384.039410 30.622811
-384.986100 28.177790 -384.263259 33.403741
-385.208600 31.126460 -384.455512 36.329913
-385.443500 34.218720 -384.632895 39.376009
-385.773500 37.333970 -384.796463 42.429387
-386.052700 40.431210 -384.932939 45.480746
-386.220600 43.484420 -385.039230 48.525667
-386.302600 46.594680 -385.131951 51.542718
-386.375800 49.567930 -385.209215 54.517535
-386.427100 52.464510 -385.268356 57.421422
-386.484200 55.262590 -385.316320 60.214009
-386.544600 57.966950 -385.350024 62.920811
-386.599900 60.588920 -385.345645 65.532893
-386.575500 63.075380 -385.285391 68.032900
-386.357700 65.494110 -385.111878 70.419029
-385.902000 67.690110 -384.762819 72.688331
-385.238500 69.716940 -384.225555 74.794989
-384.327500 71.575890 -383.512724 76.750871
-383.318300 73.319730 -382.655366 78.512940
-382.281300 74.861990 -381.618197 80.088451
-381.079100 76.210770 -380.348053 81.453717
-379.765500 77.366070 -378.912775 82.600552
-378.243800 78.303580 -377.336877 83.523492
-376.548200 79.025420 -375.609855 84.271270
-374.706900 79.569140 -373.737773 84.835356
-372.725200 79.968250 -371.752231 85.262345
-370.597800 80.224980 -369.623567 85.547099
-368.370000 80.439580 -367.390382 85.769944
-366.040000 80.594580 -365.047051 85.931001
-363.616200 80.696510 -362.603237 86.038805
-361.018800 80.740730 -360.054699 86.089503
-358.423400 80.728900 -357.421652 86.088632
-355.797800 80.660700 -354.757071 86.039657
-353.135700 80.576000 -352.064471 85.975099
-350.433800 80.487500 -349.349047 85.912416
-347.757000 80.420120 -346.634218 85.871677
-345.090700 80.391560 -343.920906 85.868868
-342.431500 80.422560 -341.229022 85.921934
-339.800000 80.502150 -338.568213 86.021657
-337.092600 80.596210 -335.931855 86.135462
-334.494700 80.713610 -333.303009 86.257182
-331.911300 80.843550 -330.666549 86.377150
-329.316700 80.936550 -328.028002 86.472002
-326.744700 81.008020 -325.404941 86.532712
-324.160800 81.055580 -322.782635 86.581136
-321.508300 81.109450 -320.155605 86.627813
-318.967300 81.207790 -317.551756 86.700932
-316.416700 81.325150 -314.950107 86.808962
-313.887300 81.460510 -312.368676 86.937436
-311.381800 81.594880 -309.797574 87.065178
-308.878200 81.720600 -307.254948 87.186654
-306.391400 81.861820 -304.726024 87.318181
-303.833800 82.010580 -302.204318 87.447026
-301.332500 82.173460 -299.671156 87.595190
-298.803500 82.339520 -297.111239 87.770489
-296.221200 82.516620 -294.511564 87.964876
-293.590000 82.694280 -291.856936 88.171294
-290.893500 82.862930 -289.138302 88.365783
-288.066000 83.000280 -286.364682 88.525315
-285.277100 83.072760 -283.521057 88.622976
-282.439100 83.099180 -280.647707 88.673101
-279.604200 83.114310 -277.789520 88.709114
-276.808800 83.116800 -274.960200 88.731034
-274.071800 83.108300 -272.191341 88.740473
-271.302000 83.061620 -269.481022 88.714663
-268.639800 82.977610 -266.803991 88.656795
-266.004800 82.910580 -264.146927 88.605073
-263.406600 82.879570 -261.518693 88.582302
-260.801900 82.908730 -258.885734 88.623256
-258.179700 82.994230 -256.241697 88.728214
-255.533100 83.147090 -253.590553 88.906505
-252.791900 83.382330 -250.919294 89.156586
-250.114800 83.643930 -248.232560 89.435576
-247.417000 83.915410 -245.526610 89.722105
-244.706600 84.180990 -242.815643 90.005050
-242.011800 84.383910 -240.100560 90.227402
-239.337300 84.514650 -237.403550 90.379125
-236.613600 84.569820 -234.727863 90.441435
-234.000900 84.527010 -232.081828 90.409220
-231.427400 84.406410 -229.475149 90.299332
-228.918300 84.256660 -226.944735 90.170200
-226.543500 84.106420 -224.548666 90.042861
-224.336500 83.974260 -222.337726 89.932309
-222.276900 83.850310 -220.343292 89.837110
-220.494000 83.746260 -218.561546 89.756320
-218.890000 83.652880 -216.980837 89.697214
-217.473600 83.613150 -215.586567 89.684707
-216.185200 83.661260 -214.307415 89.770337
-214.963700 83.883960 -213.094729 90.005967
-213.803000 84.290200 -211.928462 90.403583
-212.760500 84.831590 -210.867329 90.926972
-211.812900 85.477290 -209.902584 91.542300
-210.920800 86.274800 -209.034933 92.281506
-210.095100 87.209150 -208.178450 93.198793
-209.357700 88.389320 -207.388444 94.391752
-208.668700 89.786340 -206.672096 95.808365
-208.105400 91.430450 -206.121252 97.460182
-207.622000 93.284660 -205.688524 99.320737
-207.325300 95.412660 -205.452042 101.366922
-207.181000 97.691880 -205.369125 103.657257
-207.158900 100.112700 -205.412328 106.110637
-207.216300 102.704100 -205.555752 108.724902
-207.340400 105.533100 -205.740348 111.507702
-207.428000 108.335800 -205.888205 114.370839
-207.481400 111.196300 -205.996384 117.288165
-207.476700 114.121800 -206.044252 120.252015
-207.445300 117.082400 -206.070296 123.126797
-207.334400 119.841600 -206.101936 126.036657
-207.209500 122.589300 -206.111101 128.911451
-207.147300 125.355900 -206.149270 131.754921
-207.128900 128.068100 -206.229962 134.536979
-207.135200 130.645600 -206.331112 137.172962
-207.169200 133.132200 -206.441205 139.617604
-207.234100 135.332700 -206.573265 141.858054
-207.334400 137.303700 -206.734775 143.872471
-207.492000 139.041700 -206.948997 145.645817
-207.767500 140.621100 -207.271745 147.230704
-208.171300 142.144100 -207.722615 148.718235
-208.763500 143.570700 -208.327245 150.082779
-209.540100 144.878100 -209.079106 151.325298
-210.464000 146.086100 -209.979369 152.506594
-211.636600 147.253900 -211.105352 153.629597
-212.980700 148.269200 -212.457464 154.642596
-214.550200 149.117000 -214.054346 155.472408
-216.355100 149.755000 -215.879950 156.065100
-218.330500 150.178100 -217.868751 156.409487
-220.445200 150.426700 -219.997599 156.565038
-222.761100 150.562800 -222.271611 156.615870
-225.106300 150.644400 -224.647422 156.616733
-227.553900 150.727600 -227.131642 156.617198
-230.110200 150.835100 -229.727501 156.635658
-232.871300 150.957600 -232.445463 156.662353
-235.669600 151.087500 -235.270289 156.690348
-238.598300 151.221800 -238.214117 156.714302
-241.658500 151.326900 -241.283936 156.706789
-244.820200 151.373900 -244.456404 156.630369
-248.166900 151.345100 -247.700757 156.471633
-251.384500 151.250000 -250.917839 156.249778
-254.611700 151.089300 -254.149297 155.957396
-257.819000 150.868100 -257.361054 155.599606
-260.938300 150.605200 -260.482465 155.212594
-263.912100 150.346900 -263.461325 154.835919
-266.771500 150.093100 -266.241914 154.479955
-269.355000 149.873900 -268.838911 154.158964
-271.880900 149.705300 -271.378499 153.888226
-274.386100 149.557800 -273.892960 153.639594
-276.855900 149.430700 -276.374712 153.413534
-279.394000 149.347400 -278.856114 153.234481
-281.828300 149.294700 -281.317794 153.080808
-284.295300 149.256600 -283.815865 152.941932
-286.804800 149.227900 -286.344773 152.812284
-289.313300 149.188400 -288.878040 152.672825
-291.877200 149.125500 -291.396273 152.517137
-294.356600 149.047900 -293.902549 152.344311
-296.873700 148.960400 -296.445067 152.160309
-299.453200 148.872500 -299.055129 151.972760
-302.092800 148.778800 -301.733890 151.773168
-304.905700 148.676400 -304.507021 151.569633
-307.694100 148.580000 -307.329326 151.357911
-310.520400 148.488200 -310.192245 151.150677
-313.363300 148.405400 -313.065234 150.952339
-316.199800 148.326900 -315.927812 150.756840
-319.017700 148.265200 -318.767674 150.572626
-321.878900 148.176800 -321.575155 150.392343
-324.632400 148.098900 -324.355658 150.216628
-327.352200 148.037000 -327.101179 150.054876
-330.041200 147.963700 -329.810368 149.887024
-332.710600 147.899800 -332.453400 149.727164
-335.347600 147.869300 -335.032784 149.573011
-337.909900 147.842000 -337.587994 149.420734
-340.438900 147.792800 -340.118668 149.266757
-342.937400 147.726000 -342.618195 149.099271
-345.455100 147.620200 -345.135381 148.891723
-348.102200 147.523100 -347.697759 148.676623
-350.693800 147.409400 -350.288852 148.448017
-353.339700 147.277600 -352.917005 148.205787
-356.001300 147.147700 -355.568809 147.954936
-358.659200 147.013300 -358.233984 147.698097
-361.302200 146.896000 -360.876042 147.444540
-364.003800 146.771900 -363.498709 147.185121
-366.582300 146.677300 -366.082935 146.957506
-369.077000 146.612600 -368.586458 146.778712
-371.458800 146.579300 -370.980085 146.647823
-373.681400 146.594200 -373.206426 146.563766
-375.764100 146.720000 -375.248542 146.603067
-377.572800 146.954400 -377.089650 146.757413
-379.197500 147.279600 -378.751574 147.016497
-380.633900 147.694400 -380.226647 147.377586
-381.981800 148.290100 -381.582288 147.906270
-383.169600 149.002100 -382.837518 148.581098
-384.227700 149.852700 -383.975738 149.409056
-385.218400 150.827500 -385.039565 150.363952
-386.187900 152.093900 -386.063824 151.571920
-387.073000 153.559100 -387.033110 153.033499
-387.774700 155.280500 -387.810156 154.753526
-388.294600 157.236900 -388.407673 156.707679
-388.656700 159.391900 -388.851512 158.868690
-388.882500 161.719800 -389.162869 161.213102
-389.006900 164.293000 -389.374472 163.714349
-389.079500 166.960900 -389.540576 166.388976
-389.148300 169.756100 -389.706028 169.185301
-389.219300 172.646200 -389.876548 172.068841
-389.264200 175.597000 -390.047199 175.027371
-389.309000 178.536600 -390.225612 177.981097
-389.376100 181.470200 -390.412000 180.919050
-389.444100 184.385300 -390.584991 183.833431
-389.502200 187.373700 -390.749566 186.717925
-389.563400 190.206500 -390.922228 189.550074
-389.616800 192.909300 -391.088449 192.260450
-389.654500 195.410900 -391.229280 194.783254
-389.671900 197.744300 -391.327428 197.139252
-389.602200 199.879400 -391.347207 199.315929
-389.372300 201.952700 -391.207587 201.404284
-388.928700 203.858100 -390.822300 203.381255
-388.200300 205.639800 -390.140479 205.235436
-387.186100 207.324400 -389.195625 206.947038
-385.945500 208.774700 -388.009857 208.483216
-384.450700 210.051400 -386.546077 209.864339
-382.737900 211.142100 -384.853158 211.053994
-380.830600 212.026400 -382.978884 212.025693
-378.677600 212.756600 -380.925678 212.822871
-376.412400 213.292600 -378.701985 213.456583
-373.985200 213.713100 -376.302674 213.984182
-371.412200 214.052000 -373.749280 214.436333
-368.696100 214.328900 -371.053933 214.846277
-365.881000 214.572000 -368.252097 215.228123
-362.974900 214.796500 -365.362646 215.602309
-360.003300 215.003400 -362.407717 215.960560
-356.865000 215.169400 -359.393300 216.278691
-353.777700 215.292500 -356.325948 216.553272
-350.673600 215.365900 -353.242423 216.784179
-347.582200 215.417900 -350.161556 216.994999
-344.479300 215.456700 -347.086513 217.183805
-341.394400 215.451600 -344.013201 217.336757
-338.313300 215.395400 -340.940697 217.429104
-335.146300 215.275700 -337.867625 217.452379
-332.114300 215.107800 -334.813355 217.416515
-329.065100 214.936700 -331.754308 217.375772
-326.047700 214.772400 -328.706038 217.342269
-323.013100 214.662100 -325.664462 217.370753
-319.987400 214.610400 -322.632109 217.457087
-316.951900 214.627700 -319.600787 217.616060
-313.815400 214.719100 -316.566766 217.841990
-310.771900 214.867800 -313.508116 218.130249
-307.723500 215.036100 -310.456327 218.439289
-304.653900 215.222500 -307.376158 218.769604
-301.607400 215.414700 -304.326021 219.106738
-298.572100 215.611500 -301.285316 219.448452
-295.451400 215.788100 -298.274935 219.764768
-292.468100 215.938000 -295.298370 220.057999
-289.539200 216.090500 -292.375577 220.351738
-286.663700 216.217500 -289.513407 220.629940
-283.837200 216.329400 -286.688866 220.887958
-280.997300 216.425400 -283.942938 221.115436
-278.322500 216.491600 -281.266080 221.307150
-275.701700 216.533100 -278.639482 221.475587
-273.176500 216.571200 -276.110565 221.631992
-270.765500 216.603900 -273.699404 221.777712
-268.444000 216.633800 -271.368872 221.915659
-266.143100 216.677300 -269.122708 222.053541
-264.004500 216.721500 -266.973784 222.194405
-261.938200 216.764500 -264.902780 222.329320
-259.979700 216.810700 -262.932360 222.466238
-258.102100 216.851400 -261.051999 222.598940
-256.261600 216.897500 -259.266962 222.729938
-254.541500 216.941800 -257.542901 222.859682
-252.876300 216.972900 -255.871490 222.982910
-251.235300 217.006000 -254.223452 223.107094
-249.608400 217.033500 -252.594459 223.228704
-247.943600 217.078800 -250.979419 223.353382
-246.347600 217.126900 -249.382833 223.477433
-244.766900 217.180200 -247.800125 223.603704
-243.212600 217.244100 -246.248193 223.742492
-241.681400 217.302300 -244.724369 223.876604
-240.105600 217.382100 -243.203664 224.027947
-238.579200 217.449400 -241.681158 224.166297
-237.067800 217.518700 -240.167971 224.306614
-235.545500 217.578700 -238.643909 224.436932
-233.949100 217.633900 -237.090731 224.562001
-232.378300 217.676200 -235.509260 224.675762
-230.784100 217.709200 -233.907449 224.788960
-229.181300 217.727200 -232.306974 224.891473
-227.597700 217.742500 -230.723917 224.988472
-225.976100 217.748500 -229.155607 225.076427
-224.424000 217.719600 -227.597876 225.122551
-222.904800 217.645000 -226.071366 225.121444
-221.489000 217.495300 -224.640763 225.035652
-220.139100 217.263200 -223.306033 224.861686
-218.968700 216.976600 -222.100409 224.619893
-217.960300 216.668700 -221.054661 224.349495
-217.040300 216.313000 -220.093043 224.032592
-216.196000 215.876200 -219.191866 223.641696
-215.410100 215.357200 -218.368762 223.190825
-214.718400 214.780100 -217.602290 222.665554
-214.041800 214.056900 -216.840620 221.982407
-213.426300 213.167100 -216.152012 221.099774
-212.868800 212.086500 -215.525560 220.035347
-212.415100 210.866600 -215.012887 218.814330
-212.078500 209.455300 -214.624314 217.409002
-211.823000 207.843700 -214.306303 215.791513
-211.705900 206.045900 -214.115333 213.973721
-211.701900 204.001800 -214.027615 211.971775
-211.732400 201.844400 -213.962596 209.807330
-211.761900 199.511800 -213.893980 207.474745
-211.752800 197.014900 -213.784138 204.979196
-211.726500 194.373000 -213.648537 202.341734
-211.665300 191.645600 -213.477355 199.593821
-211.595200 188.842600 -213.295381 196.771235
-211.503600 185.944900 -213.095535 193.946553
-211.412300 183.142900 -212.898446 191.139872
-211.331500 180.359800 -212.706386 188.351178
-211.234500 177.603700 -212.497285 185.565454
-211.142900 174.855500 -212.289373 182.767519
-211.040200 172.167200 -212.071348 180.054854
-210.911900 169.516700 -211.830736 177.465308
-210.778400 167.100700 -211.567018 175.011877
-210.649900 164.890400 -211.297354 172.749299
-210.497300 162.844000 -211.032728 170.678167
-210.343800 160.905400 -210.767123 168.700000
-210.215400 159.120000 -210.535162 166.923734
-210.153200 157.645500 -210.384464 165.397749
-210.093200 156.263000 -210.236273 163.974288
-210.034000 154.901100 -210.084965 162.582384
-209.953700 153.585500 -209.920257 161.250844
-209.864400 152.252300 -209.756751 159.950291
-209.740200 150.888200 -209.554629 158.573970
-209.592800 149.448800 -209.330921 157.127863
-209.378100 147.917500 -209.050290 155.591904
-209.152500 146.265600 -208.749338 153.934611
-208.911800 144.424700 -208.437313 152.141290
-208.689300 142.480600 -208.129541 150.185666
-208.480100 140.401500 -207.822725 148.086592
-208.369700 138.166300 -207.598598 145.819537
-208.367700 135.708200 -207.470957 143.383775
-208.436800 133.159300 -207.417815 140.791777
-208.533500 130.486600 -207.387058 138.104316
-208.658000 127.706600 -207.368710 135.292063
-208.786100 124.800700 -207.341108 132.372398
-208.906700 121.815500 -207.294124 129.381659
-208.967900 118.719000 -207.235101 126.362956
-208.991000 115.717000 -207.145272 123.379879
-208.924500 112.740100 -206.961676 120.410130
-208.818000 109.800200 -206.723755 117.458315
-208.693300 106.921100 -206.453680 114.570588
-208.596400 104.186800 -206.197994 111.812024
-208.508900 101.646200 -205.973495 109.241307
-208.394200 99.266600 -205.737592 106.901209
-208.287700 97.220410 -205.523567 104.822691
-208.224300 95.441000 -205.355280 102.997923
-208.171500 93.936410 -205.194687 101.454536
-208.154500 92.632990 -205.090844 100.118102
-208.096100 91.340080 -204.949913 98.839789
-208.088700 90.096800 -204.851616 97.567394
-208.042800 88.895160 -204.719470 96.353697
-207.975900 87.689200 -204.579437 95.141911
-207.874500 86.435080 -204.401564 93.881122
-207.733300 85.082730 -204.184992 92.567121
-207.558200 83.662970 -203.930504 91.156158
-207.349900 82.121320 -203.642230 89.623011
-207.105800 80.471430 -203.308289 87.978067
-206.876000 78.674270 -202.964545 86.170443
-206.637800 76.688440 -202.607883 84.236362
-206.461400 74.667300 -202.304319 82.202975
-206.376500 72.532540 -202.091325 80.043511
-206.419600 70.309660 -202.001702 77.771623
-206.595000 68.028530 -202.047121 75.462616
-206.886400 65.585970 -202.188511 73.063859
-207.168800 63.118090 -202.312316 70.585932
-207.403200 60.564350 -202.381222 68.026304
-207.557600 57.928990 -202.368484 65.378788
-207.639100 55.188750 -202.285599 62.599454
-207.653600 52.399650 -202.143061 59.783966
-207.614600 49.578230 -201.965998 56.962867
-207.563100 46.685640 -201.767604 54.171873
-207.522100 43.924820 -201.589910 51.411022
-207.478700 41.196910 -201.417932 48.678555
-207.413800 38.488950 -201.233594 45.963655
-207.393300 35.879630 -201.087606 43.345561
-207.385000 33.357300 -200.949548 40.815309
-207.379100 30.898440 -200.822010 38.435837
-207.361800 28.723370 -200.689456 36.259774
-207.334700 26.777250 -200.556207 34.310789
-207.269400 25.079990 -200.419382 32.593714
-207.183100 23.649880 -200.267929 31.143856
-207.076400 22.388520 -200.107403 29.906265
-206.950900 21.311850 -199.930095 28.818236
-206.779000 20.329510 -199.722681 27.843119
-206.550300 19.435730 -199.491925 26.969355
-206.294700 18.615780 -199.228704 26.168734
-205.960900 17.853750 -198.888670 25.435346
-205.595800 17.139560 -198.505064 24.755135
-205.177700 16.492930 -198.066756 24.125695
-204.635700 15.828780 -197.507923 23.492270
-203.959300 15.121430 -196.815443 22.827202
-203.105900 14.397440 -195.944275 22.160125
-202.096800 13.718480 -194.894780 21.537696
-200.901700 13.068720 -193.645189 20.954772
-199.429600 12.439820 -192.181387 20.420981
-197.788200 11.838790 -190.513844 19.911085
-195.982400 11.245150 -188.667967 19.438408
-194.087100 10.793480 -186.747999 19.111781
-192.258900 10.541510 -184.901951 18.974635
-190.486900 10.487510 -183.114901 18.991324
-188.762000 10.508050 -181.355095 19.106311
-187.055400 10.523410 -179.603256 19.246881
-185.331800 10.581370 -177.860923 19.434330
-183.447400 10.665990 -176.026585 19.653945
-181.500300 10.761200 -174.066781 19.901922
-179.429200 10.887140 -171.992610 20.189564
-177.244100 11.043140 -169.801444 20.517366
-174.940900 11.216590 -167.483580 20.870855
-172.418800 11.399590 -165.023495 21.238289
-169.857500 11.624700 -162.443130 21.645934
-167.167000 11.893130 -159.749795 22.106924
-164.368100 12.228780 -156.961106 22.644322
-161.444700 12.589640 -154.033484 23.218475
-158.327900 12.950260 -151.007180 23.798289
-155.259600 13.256010 -147.921813 24.340166
-152.151500 13.463650 -144.797833 24.787369
-148.997000 13.520240 -141.612955 25.109195
-145.796200 13.436140 -138.371776 25.317005
-142.465600 13.307330 -135.125842 25.461007
-139.185500 13.247890 -131.842226 25.619315
-135.852300 13.218690 -128.506439 25.812466
-132.464800 13.220870 -125.097348 26.059335
-129.011400 13.232450 -121.627756 26.323805
-125.481500 13.229870 -118.113875 26.605801
-121.865700 13.205530 -114.520589 26.899660
-118.087800 13.177230 -110.866360 27.185190
-114.327700 13.175200 -107.178165 27.476071
-110.529200 13.182060 -103.424639 27.780045
-106.719200 13.213220 -99.666414 28.112243
-102.868100 13.214900 -95.880064 28.436076
-99.081150 13.320320 -92.057641 28.781697
-95.283830 13.419840 -88.257277 29.149984
-91.357890 13.507780 -84.471119 29.508082
-87.571620 13.650770 -80.707552 29.897011
-83.792650 13.787410 -76.975083 30.297018
-80.029240 13.915090 -73.246967 30.714217
-76.265560 14.036840 -69.513307 31.141592
-72.545830 14.140940 -65.838020 31.545135
-68.795500 14.285010 -62.173595 31.969003
-65.093480 14.417020 -58.534034 32.387795
-61.357750 14.569740 -54.929038 32.810905
-57.779240 14.723640 -51.342587 33.226369
-54.256800 14.886240 -47.801688 33.648943
-50.862970 15.079720 -44.312180 34.082081
-47.471260 15.255610 -40.873592 34.507442
-44.121690 15.419430 -37.500097 34.935456
-40.905970 15.575560 -34.241583 35.352498
-37.736840 15.736940 -31.149571 35.755493
-34.849970 15.968940 -28.227705 36.143808
-32.095130 16.189640 -25.446247 36.506212
-29.418480 16.300900 -22.784403 36.836072
-26.878640 16.340540 -20.254720 37.106997
-24.595000 16.416490 -17.917424 37.342554
-22.465230 16.466520 -15.781289 37.528742
-20.565650 16.482440 -13.831665 37.677574
-18.841480 16.470540 -12.071225 37.811465
-17.331800 16.444450 -10.508311 37.934665
-16.046300 16.436990 -9.136024 38.046766
-14.936640 16.478740 -7.944162 38.181803
-14.003580 16.568080 -6.930503 38.343116
-13.114380 16.711700 -6.042715 38.551933
-12.269220 16.983230 -5.240568 38.877969
-11.514710 17.348690 -4.500986 39.285710
-10.794180 17.808570 -3.794263 39.782781
-10.028400 18.399540 -3.040634 40.427630
-9.276642 19.186820 -2.305034 41.270740
-8.477940 20.222020 -1.594149 42.333621
-7.700356 21.427780 -0.943035 43.646047
-6.936052 22.866870 -0.337213 45.217206
-6.207131 24.583250 0.164350 47.055767
-5.582966 26.568260 0.510551 49.144268
-5.088137 28.936970 0.716492 51.484147
-4.824509 31.518580 0.730113 54.048466
-4.745998 34.285960 0.505874 56.818745
-4.791040 37.266020 0.143144 59.809922
-4.906244 40.506990 -0.311559 62.977215
-5.083082 43.682480 -0.791184 66.174707
-5.267336 46.861680 -1.272164 69.382961
-5.452674 50.059610 -1.745673 72.569548
-5.688240 53.261730 -2.213325 75.730815
-5.917988 56.564020 -2.658473 78.880189
-6.139430 59.725520 -3.095032 81.999382
-6.314252 62.813750 -3.527329 85.077239
-6.437584 65.761180 -3.930671 88.025739
-6.544012 68.562640 -4.311143 90.828109
-6.611935 71.279160 -4.664896 93.475521
-6.642151 73.732750 -4.985891 95.951101
-6.670190 75.964350 -5.272483 98.191485
-6.638215 77.943500 -5.506502 100.205321
-6.498223 79.654170 -5.591804 101.972933
-6.190339 81.142380 -5.493072 103.478009
-5.713138 82.353630 -5.208912 104.762274
-5.154594 83.378200 -4.807474 105.856155
-4.511538 84.237410 -4.293808 106.765676
-3.843995 84.852870 -3.746495 107.474663
-3.245711 85.272250 -3.220115 107.962054
-2.766440 85.564640 -2.808118 108.323457
-2.283626 85.808330 -2.387965 108.636000
-1.710022 85.992940 -1.930553 108.893282
-1.103546 86.111070 -1.439954 109.095849
-0.499593 86.211710 -0.941936 109.275266
0.114086 86.313100 -0.430228 109.446137
0.713499 86.384700 0.106663 109.575207
1.315650 86.450870 0.656231 109.694945
1.908405 86.504960 1.207009 109.804358
2.505852 86.531170 1.773847 109.885599
3.102549 86.560130 2.354207 109.977020
3.779926 86.583780 3.014226 110.067015
4.634775 86.654920 3.825238 110.210356
5.602148 86.728170 4.750029 110.364350
6.613873 86.801540 5.743018 110.528754
7.667964 86.860050 6.794639 110.693369
8.739611 86.916270 7.911279 110.844663
9.854272 86.967150 9.060056 110.995391
11.021850 86.968380 10.230632 111.113214
12.281650 86.921720 11.437109 111.182696
13.623380 86.875390 12.736560 111.267659
15.106890 86.780520 14.130867 111.323540
16.648520 86.743620 15.615531 111.447426
18.309060 86.835260 17.198971 111.703264
20.065930 87.037440 18.885356 112.073592
21.905190 87.239150 20.699370 112.444906
23.851390 87.427270 22.673455 112.787782
25.943240 87.547240 24.709783 113.076642
28.037340 87.597950 26.824035 113.343149
30.178190 87.619670 28.977300 113.593807
32.324850 87.617300 31.143339 113.829003
34.450300 87.612280 33.285722 114.058009
36.655890 87.624330 35.432087 114.293948
38.770950 87.645570 37.562748 114.539503
40.873710 87.682030 39.679539 114.796531
42.935310 87.731350 41.753633 115.052790
44.989920 87.805410 43.823216 115.334440
47.024580 87.883880 45.873478 115.612490
49.135220 87.939070 47.930382 115.865943
51.165230 87.996830 49.970855 116.122891
53.201100 88.038120 52.011585 116.367196
55.238320 88.080470 54.051845 116.625928
57.256710 88.138080 56.077823 116.889074
59.269480 88.179040 58.095359 117.141584
61.347050 88.216690 60.101890 117.386489
63.360930 88.260870 62.121523 117.626337
65.398600 88.300970 64.116409 117.881764
67.450160 88.338400 66.140477 118.134690
69.474500 88.378600 68.138250 118.393601
71.596530 88.383320 70.157449 118.640148
73.624860 88.395440 72.164451 118.878192
75.661890 88.392720 74.184264 119.113760
77.682440 88.399660 76.189146 119.344867
79.701920 88.405390 78.196698 119.572212
81.792910 88.424990 80.218294 119.811760
83.811400 88.455600 82.234088 120.052987
85.823720 88.500620 84.254454 120.299278
87.817750 88.544040 86.264765 120.536400
89.809680 88.585680 88.268764 120.774957
91.794250 88.646520 90.254559 121.031443
93.796820 88.681160 92.221461 121.264435
95.700750 88.732230 94.170384 121.511531
97.557090 88.763290 96.066522 121.734200
99.332110 88.800570 97.874351 121.955898
100.954600 88.796620 99.531154 122.122266
102.446000 88.825210 101.013570 122.303087
103.687500 88.813250 102.302610 122.437587
104.792800 88.803190 103.447805 122.560175
105.731900 88.784310 104.424744 122.655139
106.486300 88.784930 105.215347 122.752295
107.107500 88.775990 105.810350 122.825774
107.624000 88.805940 106.291176 122.926983
108.098600 88.910750 106.754224 123.078363
108.527500 89.104600 107.172738 123.316625
108.905200 89.368710 107.544404 123.617844
109.280200 89.685610 107.912964 123.964235
109.657600 90.105840 108.276078 124.412252
110.011200 90.600840 108.611258 124.938699
110.362900 91.224120 108.922789 125.583618
110.687600 91.910560 109.216920 126.314869
110.967100 92.694580 109.455323 127.142294
111.205800 93.582750 109.639460 128.065159
111.342200 94.599550 109.696784 129.092109
111.394800 95.747080 109.649150 130.223471
111.395000 97.110080 109.536754 131.531562
111.340100 98.653440 109.407577 133.019018
111.199100 100.424600 109.218631 134.693254
111.070400 102.427500 108.999778 136.571835
110.972200 104.532300 108.763208 138.645056
110.868200 106.809400 108.494102 140.899223
110.750300 109.237100 108.186206 143.308604
110.627500 111.783600 107.844217 145.846370
110.470400 114.496000 107.459753 148.464840
110.274600 117.200500 107.020260 151.157153
110.078000 119.913600 106.565238 153.876783
109.879900 122.613200 106.101024 156.577460
109.691600 125.295400 105.647340 159.261150
109.524000 128.053700 105.227149 161.921752
109.394800 130.713000 104.841741 164.564944
109.281200 133.349300 104.477916 167.183946
109.175100 135.933100 104.118774 169.744913
109.066300 138.353000 103.780986 172.141888
108.971800 140.657100 103.470033 174.340155
108.873800 142.669300 103.178784 176.328061
108.786700 144.430300 102.918541 178.087939
108.717100 145.978900 102.686513 179.655223
108.741700 147.330000 102.487551 181.034616
108.856800 148.495100 102.320945 182.204000
108.949700 149.432500 102.216201 183.176401
109.034800 150.225900 102.137961 183.994142
109.077600 150.963300 102.077837 184.748417
109.136400 151.682500 102.026163 185.487629
109.270100 152.354000 101.971325 186.212189
109.373700 153.045100 101.911617 186.952280
109.481500 153.877900 101.851429 187.830560
109.550100 154.874200 101.746094 188.850102
109.612500 156.004100 101.628722 189.999547
109.674100 157.251200 101.500860 191.268975
109.697600 158.698200 101.320330 192.683173
109.745400 160.265000 101.150971 194.263318
109.726300 162.032600 100.940756 196.002800
109.679300 163.963000 100.707644 197.907581
109.669800 166.027000 100.444766 199.975424
109.664000 168.316400 100.154129 202.194713
109.644000 170.674000 99.839838 204.549984
109.615100 173.159100 99.507620 207.035865
109.586100 175.743700 99.157547 209.618288
109.567200 178.416100 98.808750 212.297703
109.568900 181.135600 98.478502 215.029845
109.611400 183.909200 98.144223 217.742252
109.623600 186.589900 97.805731 220.436459
109.662300 189.248300 97.471940 223.099248
109.694400 191.850100 97.108531 225.701540
109.665900 194.340600 96.714433 228.184228
109.610300 196.754000 96.327768 230.517101
109.550700 198.921500 95.965752 232.687424
109.508100 200.911800 95.645937 234.695477
109.486000 202.749300 95.365269 236.536784
109.485800 204.519100 95.122092 238.316712
109.525900 206.313800 94.914738 240.063311
109.584700 208.010200 94.729151 241.780040
109.648800 209.645900 94.556914 243.426543
109.710300 211.190400 94.392069 244.973894
109.744400 212.622100 94.208775 246.404371
109.773500 214.038900 94.026414 247.774534
109.770500 215.389700 93.818578 249.119834
109.747000 216.702000 93.595191 250.421554
109.739800 217.978900 93.392420 251.694904
109.726200 219.308800 93.190288 252.970715
109.703000 220.697400 93.004049 254.321698
109.665000 222.124900 92.789552 255.723560
109.674000 223.624000 92.604122 257.207848
109.639400 225.208000 92.350004 258.773914
109.610100 226.932700 92.090657 260.428532
109.481000 228.685300 91.744564 262.157591
109.242100 230.522400 91.295259 263.966124
108.882500 232.441800 90.726457 265.853118
108.498200 234.436500 90.130247 267.807315
108.150300 236.513800 89.549413 269.848744
107.861800 238.749200 89.017430 271.984212
107.669000 241.015600 88.551716 274.233095
107.545500 243.372000 88.142874 276.584221
107.449800 245.796000 87.763437 279.030563
107.379000 248.318100 87.393474 281.564554
107.301400 250.993900 87.008988 284.159146
107.222300 253.583600 86.614918 286.748998
107.132300 256.161900 86.214197 289.323088
107.037800 258.721400 85.808206 291.875049
106.937300 261.262800 85.396025 294.403002
106.852600 263.758300 84.997387 296.890120
106.804700 266.224900 84.619559 299.293145
106.785600 268.447700 84.279781 301.536644
106.770400 270.483000 83.973460 303.610358
106.714600 272.380400 83.687000 305.517430
106.653200 274.151000 83.428339 307.284654
106.591200 275.899000 83.181066 308.971190
106.540200 277.500400 82.966091 310.567382
106.481800 278.964600 82.788635 312.018618
106.486100 280.256000 82.675221 313.328696
106.581100 281.445800 82.640604 314.511909
106.745400 282.451200 82.695006 315.565956
106.985500 283.333300 82.836510 316.506090
107.311300 284.103300 83.026940 317.349020
107.679100 284.847700 83.246335 318.133969
108.111700 285.503500 83.557679 318.875632
108.617800 286.104100 83.922822 319.574982
109.183800 286.750300 84.367433 320.310914
109.765000 287.454300 84.866501 321.074227
110.170500 288.133700 85.242052 321.766634
110.467300 288.740100 85.503158 322.382070
110.650500 289.390500 85.669564 323.003082
110.679800 290.033800 85.696313 323.613838
110.576300 290.664800 85.630271 324.199972
110.424900 291.260200 85.479256 324.769202
110.193600 291.860000 85.238494 325.305898
109.887400 292.474900 84.883921 325.830697
109.550900 293.076400 84.493739 326.349498
109.176500 293.738100 84.079729 326.918508
108.750000 294.428100 83.583976 327.542026
108.312200 295.246700 83.051370 328.291080
107.870700 296.185600 82.509541 329.152591
107.481600 297.252100 82.001025 330.175538
107.119900 298.470400 81.500201 331.372960
106.817600 299.803500 81.051304 332.682943
106.557100 301.369600 80.615436 334.166496
106.329000 303.120600 80.177594 335.881171
106.140800 305.045100 79.748881 337.768388
105.888900 307.147000 79.257428 339.816162
105.688500 309.426200 78.780828 342.063107
105.567300 311.904800 78.330373 344.452417
105.502200 314.456000 77.947483 346.997476
105.478600 317.082900 77.571032 349.636364
105.500900 319.811100 77.219523 352.375662
105.505000 322.613100 76.851535 355.202179
105.477300 325.455800 76.448364 358.041845
105.454600 328.449000 76.047360 360.976156
105.423400 331.362100 75.643973 363.895557
105.351900 334.242400 75.225908 366.756347
105.281400 337.127300 74.807892 369.634201
105.206700 339.973200 74.387414 372.476489
105.137300 342.773500 73.944782 375.271432
105.071100 345.594500 73.473322 378.017620
105.026000 348.145500 73.022260 380.596633
104.965700 350.519100 72.616183 383.004129
104.881000 352.670800 72.256570 385.183623
104.742200 354.586800 71.947170 387.120826
104.680000 356.269900 71.715405 388.831418
104.670800 357.755200 71.553882 390.312411
104.767100 358.971400 71.488681 391.593357
104.952700 360.054400 71.530551 392.763535
105.247600 361.051300 71.671572 393.851144
105.659300 361.995400 71.946037 394.853906
106.160900 362.831300 72.330537 395.798525
106.756500 363.575300 72.832529 396.638924
107.460900 364.244700 73.459208 397.426633
108.289900 364.943500 74.186289 398.269055
109.350400 365.574800 75.170127 399.073744
110.587000 366.262600 76.312909 399.919244
112.028000 366.955200 77.674123 400.804465
113.675900 367.569800 79.255759 401.644847
115.532900 368.062800 81.059436 402.373435
117.657800 368.417600 83.082405 402.978013
119.910100 368.603400 85.311117 403.450762
122.312800 368.670000 87.701587 403.821032
124.880500 368.679900 90.271666 404.164658
127.565800 368.685400 92.965100 404.521065
130.379400 368.677400 95.788235 404.877486
133.327800 368.672100 98.752795 405.252160
136.499200 368.704700 101.834710 405.665845
139.656100 368.749900 104.985847 406.102864
142.902900 368.837100 108.219421 406.588797
146.194900 368.959900 111.484532 407.106605
149.531700 369.068300 114.785680 407.620969
152.917500 369.238000 118.135518 408.141244
156.423500 369.451300 121.511411 408.665644
159.837800 369.615000 124.921035 409.176351
163.278000 369.741000 128.351109 409.671049
166.759000 369.858100 131.793319 410.177740
170.252400 369.973000 135.281431 410.690488
173.799700 370.083000 138.791183 411.231008
177.374800 370.191100 142.327311 411.783234
181.086100 370.293800 145.886041 412.337155
184.614700 370.419400 149.440974 412.886342
188.142500 370.533000 152.974341 413.436124
191.716000 370.614700 156.505086 413.977524
195.308400 370.690200 160.025082 414.526554
198.884500 370.781600 163.507070 415.071967
202.400300 370.866100 166.987466 415.602535
205.956700 370.964300 170.415255 416.117218
209.376600 371.061300 173.818198 416.626502
212.745400 371.184800 177.156853 417.139717
216.125700 371.324600 180.485701 417.652587
219.526500 371.460300 183.824321 418.175294
222.914000 371.594000 187.154196 418.701297
226.315200 371.730300 190.481658 419.227441
229.845500 371.865000 193.822717 419.763389
233.287700 371.998200 197.193692 420.298268
236.726400 372.117500 200.578099 420.820753
240.170100 372.201000 203.975606 421.313126
243.605700 372.275200 207.366645 421.799111
247.040800 372.351400 210.770140 422.290284
250.577200 372.427600 214.160709 422.783918
253.995000 372.504300 217.553171 423.283647
257.374300 372.608000 220.926623 423.786858
260.759600 372.694600 224.284961 424.293928
264.120500 372.789600 227.615703 424.808338
267.468500 372.897400 230.948575 425.331314
270.798400 373.013900 234.267517 425.855798
274.223100 373.147300 237.600839 426.387897
277.531400 373.291300 240.904612 426.940621
280.840700 373.417500 244.210084 427.474922
284.121500 373.546300 247.498389 428.003186
287.411100 373.650200 250.780958 428.514779
290.690700 373.733000 254.046157 429.007589
294.069000 373.796800 257.274821 429.482493
297.342800 373.842600 260.501619 429.955210
300.610400 373.893100 263.743077 430.436786
303.843200 373.948700 266.960502 430.906285
307.016100 374.025800 270.166538 431.365550
310.189500 374.089600 273.344923 431.823227
313.355300 374.062700 276.486362 432.268074
316.502600 374.048900 279.616552 432.710867
319.719700 374.038400 282.714579 433.145858
322.803400 374.035000 285.778899 433.577339
325.835400 374.060200 288.772466 434.028200
328.828400 374.151400 291.725395 434.527581
331.779600 374.375800 294.607827 435.159974
334.674800 374.786900 297.410138 435.973182
337.478300 375.457300 300.091143 436.970722
340.214600 376.299100 302.646408 438.146738
342.968000 377.420000 305.100168 439.512886
345.563600 378.668600 307.475771 441.051191
348.113700 380.041700 309.801550 442.726578
350.596800 381.553200 312.075920 444.507201
353.069400 383.057800 314.355389 446.312032
355.523600 384.522700 316.629233 448.080999
358.044700 385.961400 318.933809 449.769175
360.524900 387.193100 321.296050 451.307299
363.040600 388.225700 323.709651 452.659601
365.656300 389.053100 326.242760 453.832978
368.382300 389.688300 328.830617 454.805640
371.089000 390.099300 331.502243 455.588209
373.876800 390.299400 334.254806 456.180610
376.718200 390.403700 337.073134 456.611355
379.602600 390.364800 339.950319 456.925210
382.638100 390.220800 342.912767 457.134891
385.675500 389.981800 345.920699 457.297997
388.762100 389.692000 349.015691 457.414216
391.883300 389.381700 352.147473 457.515634
395.016800 389.087700 355.283425 457.634467
398.124700 388.753100 358.404556 457.715779
401.189000 388.370900 361.493446 457.741380
404.093000 387.947700 364.446388 457.702750
406.793400 387.415700 367.128972 457.531345
409.076500 386.690900 369.510753 457.125529
411.006000 385.771400 371.566022 456.480092
412.686300 384.687300 373.341029 455.662616
414.088500 383.435200 374.923811 454.586771
415.241900 381.985200 376.283149 453.278930
416.161500 380.390900 377.405688 451.798189
416.885500 378.601400 378.327835 450.142792
417.339300 376.742100 379.042867 448.314959
417.544700 374.801400 379.542553 446.361259
417.638100 372.826500 379.899373 444.342904
417.662200 370.847800 380.186628 442.338546
417.675200 368.885900 380.456236 440.363312
417.650400 366.944900 380.688553 438.402240
417.629900 364.944300 380.921775 436.443804
417.607500 363.028600 381.148121 434.505911
417.603300 361.132900 381.387090 432.589384
417.593900 359.259400 381.618002 430.700531
417.593200 357.400100 381.857707 428.833159
417.597800 355.493500 382.098787 426.977476
417.599900 353.646200 382.331987 425.117850
417.636100 351.750100 382.601854 423.221566
417.688400 349.840400 382.890728 421.312529
417.756400 347.924500 383.218042 419.399328
417.847100 345.994000 383.563661 417.475068
417.972900 343.964300 383.944182 415.507704
418.078600 341.950800 384.311549 413.488698
418.142600 339.854200 384.646743 411.383367
418.151600 337.665900 384.941404 409.176953
418.111000 335.269200 385.203159 406.835268
418.018100 332.831700 385.441166 404.377347
417.920300 330.315800 385.634066 401.822953
417.772800 327.780000 385.765880 399.238691
417.542600 325.242600 385.831237 396.637301
417.089300 322.647900 385.776158 394.059922
416.398700 320.164500 385.506472 391.494814
415.557300 317.726600 385.042418 388.936510
414.562400 315.377600 384.408647 386.452308
413.384700 313.104600 383.584589 384.017118
412.106200 310.895900 382.637152 381.625482
410.742700 308.681400 381.644870 379.298352
409.375500 306.588000 380.589654 377.013399
407.986200 304.563900 379.504052 374.794761
406.527100 302.576500 378.342193 372.600566
405.014800 300.611700 377.126088 370.416511
403.487500 298.644800 375.904728 368.220826
401.954700 296.617800 374.691868 365.978072
400.420200 294.494100 373.535151 363.710374
398.885500 292.432300 372.444536 361.444598
397.455900 290.336400 371.409046 359.152957
396.107900 288.247000 370.433401 356.872606
394.777600 286.179800 369.460548 354.613089
393.475400 284.121800 368.496883 352.359643
392.151300 281.953300 367.528772 350.087738
390.876100 279.853500 366.574588 347.810781
389.626900 277.720100 365.657525 345.495888
388.399100 275.560300 364.758586 343.149590
387.180200 273.390300 363.875638 340.798873
385.942800 271.185600 362.976246 338.420910
384.662700 268.912800 362.083817 336.051965
383.423200 266.719700 361.189433 333.682271
382.175700 264.548500 360.278917 331.336708
380.911200 262.410400 359.352977 329.013683
379.724900 260.313400 358.396002 326.738081
378.477800 258.148300 357.412320 324.500694
377.171900 256.107000 356.420597 322.300180
375.874200 254.090800 355.438095 320.133999
374.716000 252.040100 354.468599 317.961682
373.524400 250.000800 353.485811 315.780655
372.286100 247.875300 352.469038 313.572649
371.039800 245.772100 351.425656 311.315232
369.733500 243.607500 350.342385 308.995322
368.363100 241.388000 349.216275 306.610768
366.942800 239.113500 348.060960 304.162998
365.524100 236.794100 346.898237 301.673649
364.036400 234.372300 345.748204 299.150352
362.561200 231.978200 344.611504 296.584962
361.164900 229.533500 343.483424 293.978890
359.705700 227.064500 342.352726 291.339808
358.225700 224.579400 341.199206 288.679592
356.728600 222.054100 339.981550 285.980782
355.111600 219.423300 338.697724 283.240570
353.451100 216.870300 337.354091 280.466874
351.747200 214.289900 335.982321 277.665892
350.017700 211.658500 334.598618 274.822925
348.268100 208.969500 333.198563 271.917701
346.499500 206.226200 331.787685 268.965878
344.731100 203.346300 330.390705 265.986103
343.067600 200.535800 329.006469 263.000376
341.351100 197.763500 327.634019 260.030470
339.604100 194.992000 326.275457 257.039854
337.896000 192.198900 324.936823 254.034033
336.245400 189.392900 323.603332 251.020318
334.563700 186.582700 322.285458 247.986541
332.822800 183.676800 320.971753 244.940002
331.157600 180.853900 319.678237 241.898559
329.520300 178.042900 318.403759 238.890294
327.967000 175.323500 317.183259 235.989655
326.512200 172.749100 316.033036 233.243908
325.141100 170.370000 314.960275 230.681637
323.771400 168.070700 313.936424 228.264171
322.427400 165.873600 312.876938 225.876181
321.033900 163.725300 311.798769 223.528675
319.669900 161.577400 310.752468 221.191761
318.330300 159.383300 309.729966 218.818189
316.992300 157.151000 308.706882 216.410509
315.638700 154.896700 307.660579 213.979225
314.146400 152.568000 306.570214 211.513456
312.649900 150.274700 305.446826 208.980687
311.172900 147.910800 304.316372 206.416606
309.645200 145.492400 303.162363 203.790850
308.058900 143.036500 301.964114 201.109973
306.384700 140.541100 300.720733 198.380378
304.570400 137.951600 299.429603 195.624231
302.813600 135.400800 298.113389 192.823239
301.023800 132.802000 296.773746 189.962369
299.260300 130.144500 295.433317 187.074700
297.486400 127.441500 294.069645 184.125701
295.657600 124.598900 292.706010 181.127446
293.900200 121.796200 291.337316 178.080770
292.128400 118.921000 289.948176 174.973008
290.314400 116.016000 288.552084 171.828176
288.524200 113.069500 287.149857 168.659953
286.731300 110.153200 285.751117 165.498220
284.889800 107.137900 284.346694 162.348624
283.128700 104.231200 282.942138 159.221566
281.364200 101.347500 281.546294 156.113806
279.610600 98.499680 280.166730 153.038422
277.876000 95.698900 278.821382 150.014814
276.150600 92.940640 277.487271 147.028520
274.442400 90.233550 276.173895 144.090336
272.735200 87.571040 274.857603 141.193630
270.981600 84.870260 273.543371 138.333645
269.328000 82.261350 272.234925 135.503356
267.730100 79.662430 270.961643 132.721551
266.140300 77.100780 269.714551 129.970954
264.564200 74.574000 268.481814 127.244033
263.013400 72.081190 267.280975 124.553580
261.478700 69.621890 266.109876 121.896928
259.909200 67.115770 264.938430 119.259986
258.308800 64.786020 263.781062 116.656246
256.758300 62.481010 262.663114 114.084927
255.310300 60.155690 261.622211 111.554656
254.014300 57.788440 260.730926 109.007596
252.925600 55.349240 260.043070 106.407129
252.082800 52.860920 259.591183 103.802081
251.466400 50.264620 259.385654 101.206028
251.111200 47.744580 259.421970 98.643280
250.940800 45.273660 259.637777 96.147112
250.867100 42.897910 259.936238 93.757472
250.887700 40.646750 260.243041 91.464361
250.868600 38.426360 260.497676 89.249937
250.649700 36.338070 260.596336 87.113002
250.222900 34.358630 260.472699 85.047871
249.559200 32.425870 260.110698 83.037981
248.688300 30.718930 259.504138 81.143628
247.599000 29.213020 258.614164 79.409082
246.330700 27.903560 257.509981 77.868930
244.809800 26.787550 256.197655 76.533829
243.211200 25.963170 254.727114 75.439660
241.623100 25.427750 253.228296 74.656819
240.189100 25.157960 251.848296 74.177903
238.940400 25.091080 250.625167 73.929436
237.836500 25.206270 249.524574 73.881265
236.763100 25.482220 248.476046 73.977035
235.827500 25.938930 247.518387 74.262231
235.018500 26.542940 246.637787 74.703129
234.311400 27.271800 245.814715 75.282010
233.690100 28.224470 245.068660 76.090127
233.166600 29.310300 244.384894 77.095358
232.727200 30.553030 243.772935 78.279126
232.388900 31.947390 243.262519 79.618643
232.153900 33.479280 242.842533 81.103594
231.978000 35.141050 242.467890 82.729205
231.833000 36.961160 242.103487 84.511622
231.721100 38.866910 241.743686 86.406472
231.624300 40.939870 241.379279 88.440545
231.508500 43.211110 240.988026 90.595974
231.408400 45.511280 240.596919 92.858236
231.329600 47.880310 240.218786 95.197610
231.256400 50.364660 239.831284 97.651512
231.191200 52.938880 239.443397 100.204979
231.124900 55.614330 239.039416 102.860622
231.030100 58.487850 238.619812 105.604875
230.935200 61.410620 238.198462 108.468944
230.794300 64.314030 237.737443 111.334564
230.568300 67.215140 237.199000 114.204595
230.397800 70.177570 236.681277 117.145367
230.268000 73.145690 236.185857 120.098636
230.130800 76.239480 235.679683 123.085685
229.978000 79.243190 235.159458 126.058242
229.828600 82.273750 234.637386 129.050558
229.657000 85.267870 234.125250 132.060250
229.527100 88.260010 233.627373 135.046093
229.415200 91.275250 233.150598 138.022772
229.243000 94.347350 232.626425 140.946482
229.061600 97.321460 232.084337 143.858971
228.934900 100.341000 231.582977 146.865457
228.798200 103.332600 231.065354 149.844098
228.642500 106.398300 230.533058 152.873843
228.512000 109.581800 230.022888 155.922456
228.365700 112.712600 229.483777 159.032437
228.284200 115.881700 228.953392 162.162869
228.197500 119.033800 228.415940 165.291144
228.087000 122.192400 227.868780 168.403915
227.949600 125.311200 227.313643 171.485318
227.823100 128.484200 226.778769 174.535640
227.676400 131.535500 226.225019 177.537917
227.560200 134.559300 225.699125 180.531863
227.446300 137.541200 225.176554 183.485732
227.341800 140.536000 224.666185 186.450578
227.237700 143.424600 224.167831 189.315563
227.093300 146.442400 223.627057 192.206451
226.986400 149.354500 223.123520 195.044629
226.904600 152.205500 222.641500 197.852654
226.830300 155.036300 222.170238 200.637233
226.762400 157.815400 221.712894 203.374512
226.699700 160.638000 221.263067 206.061856
226.611700 163.378900 220.782537 208.757820
226.515800 166.072000 220.294060 211.421605
226.429000 168.748700 219.820381 214.053530
226.324700 171.401900 219.330307 216.667905
226.227600 174.040300 218.845575 219.266920
226.129700 176.799200 218.361834 221.895217
226.037000 179.539700 217.869811 224.599269
225.933300 182.291400 217.386329 227.310534
225.825600 185.051800 216.897876 230.021034
225.702800 187.771900 216.402707 232.693768
225.593900 190.555800 215.927363 235.344362
225.485600 193.216900 215.446953 237.977194
225.380200 195.887500 214.975069 240.595174
225.292500 198.560300 214.517442 243.228195
225.231200 201.227800 214.077148 245.852368
225.164100 203.968000 213.632019 248.472126
225.103300 206.579800 213.191128 251.060237
225.049300 209.167900 212.762172 253.615173
224.981900 211.739900 212.324637 256.144591
224.931300 214.298200 211.913359 258.660215
224.893600 216.818800 211.514756 261.135274
224.611300 219.309900 211.118984 263.561107
224.336400 221.769300 210.709837 266.029392
224.119100 224.253300 210.314462 268.528394
223.955600 226.805000 209.922940 271.051239
223.786000 229.409100 209.489178 273.634208
223.647000 232.139000 209.055830 276.252520
223.426800 234.950200 208.554968 278.974788
223.202600 237.743200 208.025278 281.693221
223.005200 240.591200 207.493471 284.465886
222.838300 243.436200 206.978953 287.234394
222.636800 246.238200 206.455290 289.988972
222.424200 249.130700 205.933917 292.722888
222.266400 251.867200 205.456608 295.394502
222.126400 254.602000 204.989588 298.077631
222.004500 257.282100 204.528798 300.736314
221.877700 259.944800 204.071128 303.366019
221.742600 262.530800 203.589941 305.948651
221.616300 265.212600 203.126605 308.550320
221.508200 267.774700 202.695017 311.100952
221.385900 270.302000 202.245885 313.617517
221.240400 272.673200 201.792928 315.965226
221.139500 274.894500 201.398292 318.152908
221.077500 276.988200 201.072374 320.157733
221.100700 278.799600 200.861941 321.968843
221.180800 280.458800 200.716324 323.643865
221.270300 282.004400 200.609287 325.198300
221.397700 283.514800 200.555499 326.670888
221.437300 284.916500 200.425380 328.067325
221.480300 286.226100 200.323969 329.367086
221.408200 287.427600 200.119638 330.536532
221.295800 288.542600 199.895168 331.616346
221.088000 289.588200 199.580379 332.621395
220.757300 290.555700 199.154458 333.537196
220.393300 291.451600 198.681269 334.398764
219.907200 292.312400 198.106082 335.184856
219.323100 293.154000 197.425112 335.961974
218.590600 293.998400 196.603488 336.710154
217.739700 294.814900 195.644594 337.415487
216.711200 295.597200 194.514302 338.056734
215.498400 296.303900 193.218407 338.574980
214.098100 296.873200 191.761057 338.924580
212.455700 297.257600 190.118233 339.038478
210.533800 297.456000 188.275906 338.940052
208.469300 297.473300 186.241919 338.642352
206.198300 297.406400 184.018846 338.224410
203.662500 297.308200 181.590131 337.759905
201.009900 297.233500 178.969961 337.288174
198.144900 297.158800 176.134504 336.782592
195.077100 297.094600 173.105716 336.253602
191.804500 297.014700 169.878746 335.676811
188.272000 296.897300 166.494810 335.052189
184.721100 296.762400 162.990615 334.383863
181.044400 296.624500 159.357749 333.691980
177.338600 296.474500 155.700413 332.979914
173.655300 296.305200 152.046684 332.235333
169.918100 296.205900 148.418988 331.507345
166.335500 296.144600 144.798105 330.775487
162.746200 296.107000 141.202508 330.041230
159.185200 296.050800 137.629801 329.315367
155.638300 295.969700 134.078807 328.590449
152.089000 295.893400 130.519446 327.872691
148.567800 295.807200 127.016971 327.175919
144.947300 295.717000 123.529778 326.480338
141.460800 295.631100 120.070820 325.791526
138.005900 295.543500 116.634446 325.105814
134.517600 295.471100 113.226855 324.416208
131.077200 295.323400 109.836497 323.708346
127.652100 295.122700 106.490788 322.946938
124.272600 294.858300 103.201427 322.119112
120.923200 294.510700 99.930901 321.224683
117.626600 294.093200 96.721685 320.257171
114.293700 293.651400 93.580317 319.290047
111.078400 293.200000 90.426073 318.301023
107.925000 292.760200 87.338800 317.326741
104.761700 292.375400 84.260616 316.406882
101.618100 292.056600 81.176737 315.544603
98.329270 291.807800 78.039073 314.753783
95.105510 291.640100 74.836455 314.021359
91.830760 291.543800 71.582886 313.371367
88.526850 291.454500 68.287072 312.739775
85.176680 291.361500 64.945935 312.091107
81.772550 291.271400 61.558216 311.436015
78.229640 291.161000 58.145702 310.760310
74.789540 291.051800 54.765133 310.079815
71.383090 290.931800 51.409222 309.389926
67.998750 290.820700 48.075593 308.706595
64.649390 290.714500 44.770976 308.035749
61.338300 290.605800 41.495314 307.365573
57.948550 290.503400 38.264177 306.705736
54.708060 290.412800 35.078227 306.057580
51.503760 290.324900 31.924233 305.420967
48.306520 290.249800 28.762031 304.793426
45.123910 290.178500 25.622516 304.164890
41.965740 290.110600 22.517804 303.541219
38.718690 290.030600 19.438053 302.923654
35.604250 289.951600 16.384011 302.311922
32.512900 289.872700 13.342747 301.711306
29.460730 289.810400 10.341581 301.128410
26.454040 289.761500 7.378280 300.557416
23.560040 289.710100 4.519186 300.003002
20.723020 289.651000 1.816264 299.476425
18.101370 289.588100 -0.761236 298.964095
15.595970 289.530600 -3.228825 298.473419
13.212110 289.477800 -5.565348 298.013692
10.966020 289.444900 -7.786071 297.606407
8.819747 289.480300 -9.857636 297.285693
6.925826 289.567100 -11.765685 297.055280
5.136632 289.728900 -13.575090 296.916237
3.424963 289.945900 -15.305738 296.846202
1.766272 290.201600 -16.993452 296.825202
0.111761 290.488200 -18.640983 296.824158
-1.414097 290.787700 -20.215839 296.860597
-2.862625 291.114700 -21.720000 296.937551
-4.206634 291.454700 -23.107745 297.043624
-5.405030 291.818600 -24.361879 297.195140
-6.522113 292.221500 -25.515601 297.388879
-7.518530 292.685800 -26.569453 297.649881
-8.197796 293.109800 -27.314348 297.931879
-8.562567 293.374200 -27.726647 298.116677
-8.650162 293.459800 -27.827890 298.174816
-8.625917 293.438100 -27.801743 298.154316
-8.618944 293.443100 -27.803115 298.159209
-8.608743 293.438400 -27.805052 298.158596
-8.600036 293.430400 -27.804874 298.158902
-8.592117 293.421700 -27.801184 298.155896
-8.600608 293.430700 -27.829613 298.171364
-8.636533 293.464800 -27.873430 298.199727
-8.710447 293.532000 -27.975685 298.258440
-8.867572 293.688300 -28.182529 298.394017
-9.114865 293.956200 -28.509848 298.630395
-9.456651 294.365200 -28.919564 298.984546
-9.907154 294.899000 -29.470767 299.452708
-10.465550 295.629300 -30.162262 300.102348
-11.059760 296.601700 -30.925602 300.986394
-11.658560 297.856500 -31.710580 302.110363
-12.185000 299.310100 -32.482000 303.486446
-12.628400 300.974900 -33.208673 305.075999
-13.014360 302.809900 -33.908055 306.836140
-13.311710 304.840500 -34.550391 308.799592
-13.512160 307.099400 -35.128042 310.943638
-13.667940 309.472200 -35.697330 313.250283
