-0.000000 0.000000 0.000000 0.000000
0.054547 0.876227 0.045284 0.883139
0.071032 1.817915 0.061593 1.816021
0.005810 2.866220 -0.014681 2.831555
-0.118340 4.007087 -0.159666 3.949381
-0.356586 5.267434 -0.395641 5.172547
-0.621743 6.598451 -0.678939 6.504929
-0.938627 8.043197 -1.020304 7.955731
-1.311238 9.598949 -1.428478 9.509667
-1.735246 11.240790 -1.911185 11.168402
-2.248906 13.025560 -2.474894 12.921763
-2.816722 14.853810 -3.104482 14.769011
-3.458027 16.777990 -3.800637 16.710821
-4.192885 18.787720 -4.565388 18.735017
-4.983296 20.899010 -5.403379 20.864535
-5.894939 23.163400 -6.318448 23.065073
-6.892274 25.406780 -7.335129 25.316183
-7.974323 27.698450 -8.443095 27.622138
-9.149631 30.057830 -9.655075 29.997335
-10.421410 32.477820 -10.973607 32.439217
-11.792610 34.968510 -12.403683 34.954970
-13.290050 37.651110 -13.935982 37.554952
-14.805360 40.371560 -15.511529 40.242047
-16.392820 43.127570 -17.150177 43.005645
-18.026020 45.858990 -18.842690 45.739920
-19.793070 48.542340 -20.618109 48.396686
-21.634480 51.137740 -22.493613 51.026975
-23.570150 53.784410 -24.414718 53.632956
-25.493990 56.350300 -26.373182 56.202923
-27.465710 58.882040 -28.370454 58.738360
-29.520040 61.374760 -30.446071 61.254041
-31.646510 63.844070 -32.587918 63.730087
-33.860170 66.289180 -34.837835 66.183721
-36.197040 68.668730 -37.185367 68.614011
-38.707000 71.106710 -39.633793 70.995350
-41.196890 73.450400 -42.154567 73.359868
-43.776970 75.771510 -44.771024 75.712050
-46.413290 78.077790 -47.463702 78.039701
-49.121910 80.379800 -50.232905 80.354988
-51.900060 82.658670 -53.042243 82.634986
-54.795870 84.867500 -55.971489 84.841219
-57.793340 86.982980 -59.013858 86.977834
-60.885910 89.022290 -62.180396 89.036762
-64.187470 91.012650 -65.422220 90.950847
-67.486930 92.853770 -68.765903 92.782829
-70.846290 94.622090 -72.169807 94.536050
-74.240610 96.323060 -75.610138 96.229441
-77.640590 97.969470 -79.065360 97.864236
-81.012050 99.556930 -82.496365 99.436494
-84.306820 101.082500 -85.913236 100.950020
-87.541690 102.524100 -89.192221 102.404404
-90.794080 103.928800 -92.360719 103.794433
-93.861030 105.304700 -95.445066 105.185625
-96.856000 106.752800 -98.460813 106.630824
-99.764480 108.276000 -101.397511 108.152757
-102.580500 109.928500 -104.241629 109.763496
-105.305800 111.676500 -106.978404 111.488351
-107.899400 113.486200 -109.581258 113.289735
-110.440900 115.401300 -112.046205 115.142531
-112.766900 117.287700 -114.366989 117.018400
-114.985900 119.187500 -116.591195 118.945408
-117.085100 121.105000 -118.692535 120.882092
-119.031500 122.988900 -120.671244 122.820620
-120.840200 124.889500 -122.508371 124.750436
-122.500900 126.817000 -124.209097 126.700573
-124.094700 128.865200 -125.809243 128.729589
-125.526200 130.919400 -127.297890 130.826886
-126.854200 133.034400 -128.688512 132.964724
-128.121900 135.216500 -130.008693 135.165532
-129.340600 137.484500 -131.273625 137.443706
-130.569100 139.853000 -132.535890 139.828713
-131.789400 142.334300 -133.801442 142.334685
-132.987200 144.942300 -135.045790 144.972213
-134.178300 147.769500 -136.256650 147.750948
-135.241700 150.661500 -137.410831 150.695772
-136.136400 153.713900 -138.411942 153.805902
-136.844700 156.923800 -139.229160 157.079800
-137.354000 160.286400 -139.847008 160.515724
-137.654800 163.793900 -140.249754 164.082087
-137.753300 167.552500 -140.451832 167.816720
-137.631100 171.275900 -140.432605 171.661929
-137.278600 175.089700 -140.184785 175.597088
-136.700600 178.968100 -139.707827 179.608756
-135.899100 182.922400 -139.003425 183.691340
-134.862300 186.911600 -138.058660 187.811035
-133.623700 190.934400 -136.877937 192.002004
-132.131200 194.955400 -135.444790 196.160857
-130.319000 199.075700 -133.714964 200.341262
-128.236900 202.986200 -131.636458 204.445091
-125.801100 206.738900 -129.200810 208.386769
-123.046800 210.304600 -126.443661 212.130280
-120.015500 213.687800 -123.353500 215.721228
-116.753500 216.880300 -120.030759 219.120519
-113.295600 219.883900 -116.527662 222.311652
-109.607700 222.705000 -112.898053 225.231008
-105.948300 225.123900 -109.189944 227.834745
-102.216500 227.220400 -105.384100 230.122079
-98.451660 228.979600 -101.567550 232.056152
-94.681320 230.430300 -97.733364 233.680297
-90.968280 231.604100 -93.902891 235.032131
-87.300800 232.534800 -90.062555 236.150760
-83.671700 233.223000 -86.305199 237.017202
-80.103440 233.688900 -82.627333 237.654827
-76.489450 233.959300 -78.933143 238.091337
-73.105470 234.075700 -75.435358 238.366401
-69.849190 234.121100 -72.060462 238.564530
-66.653780 234.115300 -68.787745 238.712714
-63.552880 234.097600 -65.593482 238.852273
-60.518370 234.104300 -62.490566 239.011948
-57.533970 234.151600 -59.461647 239.205950
-54.581390 234.241100 -56.484869 239.436978
-51.562100 234.404700 -53.537230 239.742296
-48.670580 234.623500 -50.630350 240.102956
-45.808820 234.901900 -47.757278 240.523008
-42.962840 235.240400 -44.911142 240.998138
-40.144810 235.631400 -42.101077 241.512492
-37.365710 236.085500 -39.338157 242.091710
-34.610030 236.613200 -36.596142 242.746090
-31.825190 237.165500 -33.820522 243.426510
-28.903390 237.761000 -31.002745 244.139000
-26.046900 238.380500 -28.163124 244.890794
-23.183370 239.030500 -25.318943 245.694029
-20.328430 239.749700 -22.498200 246.552913
-17.504110 240.565800 -19.711608 247.500381
-14.718430 241.486200 -16.973464 248.551355
-11.966780 242.495000 -14.267325 249.699101
-9.246569 243.580600 -11.585588 250.912660
-6.492457 244.763300 -8.967674 252.186446
-3.887092 245.967800 -6.408336 253.512747
-1.343719 247.234500 -3.910692 254.899902
1.133806 248.563800 -1.469527 256.344455
3.553149 249.948300 0.901083 257.834646
5.936641 251.400400 3.238630 259.398456
8.298293 252.929700 5.555625 261.011237
10.711190 254.598000 7.885952 262.660585
13.070200 256.193700 10.214746 264.323524
15.455040 257.790700 12.550866 266.002788
17.848860 259.401500 14.888762 267.703473
20.276530 261.023400 17.262300 269.447077
22.725310 262.651900 19.648477 271.203731
25.166490 264.282200 22.011245 272.958080
27.587700 265.926000 24.361427 274.725407
30.065060 267.649600 26.679515 276.520191
32.409020 269.374000 28.934726 278.355426
34.718480 271.148500 31.159180 280.250901
36.976590 273.013100 33.324164 282.222814
39.192980 274.987100 35.438040 284.302564
41.378240 277.075100 37.509088 286.492296
43.517910 279.263200 39.536390 288.772968
45.589430 281.581500 41.490932 291.178718
47.583660 284.016900 43.360716 293.702424
49.556550 286.646500 45.146473 296.330939
51.409770 289.280100 46.868055 299.045890
53.209530 292.005800 48.539491 301.863792
54.976110 294.789300 50.178539 304.735635
56.738320 297.606400 51.819595 307.654944
58.529960 300.461900 53.491798 310.623423
60.330800 303.341700 55.155227 313.605313
62.174070 306.350400 56.807248 316.609847
63.884960 309.305200 58.371808 319.641296
65.468340 312.310000 59.804144 322.721670
66.921610 315.353100 61.111522 325.845297
68.226100 318.432800 62.271608 328.999477
69.402620 321.539800 63.309244 332.177052
70.545650 324.644800 64.306578 335.358574
71.643620 327.754000 65.255579 338.532373
72.707670 330.980200 66.138951 341.725453
73.663180 334.115200 66.949514 344.922239
74.579680 337.221000 67.715550 348.066863
75.458730 340.256800 68.460526 351.186012
76.402160 343.141400 69.278336 354.134827
77.376580 345.869900 70.139077 356.931181
78.327640 348.539300 70.973435 359.653289
79.187680 351.214600 71.723161 362.353400
79.921360 353.986400 72.333236 365.061756
80.418970 356.689000 72.728487 367.794370
80.671930 359.421700 72.895259 370.553151
80.680830 362.168800 72.792892 373.302930
80.453590 364.923000 72.449527 376.053846
80.080170 367.718700 71.953046 378.851522
79.688480 370.556400 71.437564 381.704349
79.317370 373.582700 70.946149 384.651864
78.978460 376.605500 70.466147 387.707339
78.621010 379.750200 69.963651 390.867986
78.245890 382.981300 69.444495 394.112177
77.863610 386.275500 68.914332 397.417851
77.446260 389.606700 68.348662 400.758988
76.914310 393.028900 67.677487 404.087640
76.295470 396.323200 66.893843 407.410567
75.587760 399.565000 66.034079 410.636774
74.826720 402.765100 65.106836 413.818107
74.024220 405.932400 64.151976 416.971258
73.091500 409.304400 63.128749 420.133394
72.231270 412.270000 62.049025 423.294494
71.301240 415.450700 60.961739 426.472176
70.334800 418.750200 59.863698 429.654295
69.367110 421.957900 58.737359 432.841769
68.381590 425.158400 57.584415 436.018361
67.411860 428.340700 56.440451 439.185818
66.469230 431.517100 55.326705 442.351767
65.552270 434.670300 54.236375 445.494368
64.666520 437.797400 53.174364 448.616532
63.775990 440.980800 52.145377 451.690623
62.935840 444.021200 51.134248 454.729113
62.107510 447.018900 50.135055 457.709742
61.287180 449.957900 49.147987 460.634868
60.476900 452.851500 48.169396 463.520107
59.662270 455.690600 47.201141 466.336840
58.849460 458.490100 46.245428 469.113035
58.038770 461.248800 45.303754 471.859305
57.229560 463.977700 44.362629 474.559570
56.397220 466.748200 43.422630 477.218342
55.601250 469.365200 42.502312 479.813947
54.848170 471.903900 41.615177 482.347644
54.123080 474.322900 40.769749 484.775282
53.425550 476.646300 39.965240 487.099778
52.754430 478.934000 39.190795 489.378385
52.132040 481.219300 38.455548 491.658761
51.575880 483.599000 37.801888 493.973206
51.182300 485.909300 37.282735 496.319597
50.984180 488.241600 36.953347 498.681975
50.969690 490.585700 36.819199 501.068093
51.148980 492.947500 36.879649 503.475828
51.512610 495.318500 37.123829 505.903240
52.074850 497.767200 37.548592 508.329073
52.762150 500.145200 38.122653 510.760855
53.591650 502.521600 38.839244 513.193466
54.579280 504.880500 39.713264 515.631148
55.697960 507.201100 40.718675 518.033538
56.939890 509.484800 41.856964 520.407323
58.360740 511.694400 43.167621 522.709110
59.948990 513.776300 44.664061 524.902670
61.693320 515.699300 46.313030 526.929425
63.618900 517.530900 48.081028 528.816642
65.602640 519.217500 49.966722 530.610961
67.694820 520.806400 51.973855 532.306735
69.910870 522.290600 54.117355 533.915660
72.247690 523.617100 56.402065 535.376806
74.718600 524.776300 58.822602 536.676397
77.312060 525.776700 61.373697 537.817099
80.027540 526.590200 64.062796 538.778148
82.945020 527.200100 66.876568 539.524885
85.861570 527.567000 69.784478 540.056910
88.855350 527.723700 72.775019 540.381947
91.909870 527.665000 75.849876 540.491207
94.998630 527.380700 78.964422 540.372657
98.110930 526.855300 82.117851 540.006756
101.230600 526.127100 85.287313 539.440862
104.348200 525.197300 88.474836 538.675040
107.449400 524.056200 91.656306 537.696643
110.521100 522.727600 94.804740 536.532005
113.684400 521.224400 97.947207 535.247052
116.781600 519.715100 101.123016 533.918669
119.936400 518.189600 104.345556 532.574896
123.115600 516.623200 107.602992 531.195105
126.344800 515.019400 110.921598 529.775931
129.623600 513.383800 114.281291 528.332749
132.936000 511.709500 117.675603 526.851443
136.300200 510.005900 121.130929 525.341662
139.832900 508.236900 124.631244 523.827133
143.328300 506.479800 128.226897 522.262942
146.878600 504.697200 131.869860 520.689573
150.485900 502.879700 135.581600 519.080128
154.144600 501.028900 139.368868 517.426310
157.857700 499.167300 143.181553 515.774610
161.604700 497.292900 147.050976 514.102586
165.349300 495.381400 150.908557 512.402554
169.101200 493.472200 154.767577 510.720301
172.969200 491.502400 158.613701 509.041600
176.726300 489.610800 162.467112 507.371907
180.483800 487.749800 166.326421 505.731913
184.214500 485.904200 170.146934 504.132188
187.937000 484.077500 173.979741 502.541428
191.639200 482.256100 177.789641 500.945959
195.309600 480.422500 181.563432 499.333229
198.931800 478.579900 185.283568 497.704417
202.610300 476.657800 188.999451 496.035511
206.113400 474.791200 192.636907 494.380486
209.483200 472.957900 196.137619 492.747049
212.691900 471.195700 199.466451 491.188832
215.743100 469.513900 202.644481 489.691133
218.641900 467.949700 205.666343 488.302036
221.471600 466.530900 208.615870 487.054466
224.288300 465.301100 211.539424 486.011549
227.111700 464.247400 214.450037 485.156771
230.090800 463.339100 217.422920 484.481175
233.015900 462.648800 220.409587 484.010679
235.966000 462.162600 223.401837 483.728010
238.956500 461.865200 226.404436 483.638054
242.010200 461.822500 229.437325 483.806615
245.118000 462.059800 232.480177 484.263766
248.222700 462.587300 235.490634 485.004794
251.311700 463.392100 238.492308 486.018376
254.389300 464.463600 241.443424 487.293072
257.493000 465.852800 244.301165 488.837420
260.436900 467.455200 247.098985 490.657563
263.286800 469.272400 249.766330 492.697991
266.033000 471.291200 252.333841 494.941790
268.713400 473.453300 254.827056 497.326524
271.347800 475.725500 257.274569 499.824130
273.951900 478.079600 259.665233 502.387583
276.587300 480.527400 262.014181 504.972370
279.106100 482.901400 264.334080 507.562546
281.572300 485.260600 266.619800 510.118851
283.978100 487.533200 268.854435 512.595583
286.322800 489.648300 271.043019 514.923999
288.624500 491.577800 273.218547 517.071809
290.961000 493.351100 275.351974 518.986022
293.139400 494.823400 277.420393 520.657436
295.230300 496.110800 279.435127 522.137181
297.320100 497.185100 281.473392 523.407263
299.412800 497.953600 283.531349 524.363800
301.619100 498.467300 285.665677 525.070618
303.827600 498.707900 287.891744 525.504087
305.993000 498.647300 290.152298 525.642461
308.123100 498.304200 292.381705 525.496563
310.230100 497.762600 294.568515 525.143885
312.308300 497.069400 296.755180 524.639150
314.445100 496.228800 298.935562 524.017561
316.480300 495.290400 301.090978 523.266858
318.420200 494.183100 303.201835 522.326193
320.230600 492.848900 305.173390 521.140696
321.839300 491.314300 306.959673 519.724355
323.228800 489.559400 308.493848 518.133220
324.313000 487.785200 309.778058 516.438371
325.260300 485.954000 310.873919 514.659166
326.073300 484.040100 311.826691 512.758425
326.708300 482.050300 312.626378 510.771083
327.137600 480.004500 313.229176 508.720202
327.359800 477.880600 313.632763 506.605461
327.368000 475.724200 313.828605 504.434184
327.152700 473.437700 313.813173 502.177754
326.773900 471.178600 313.630217 499.832871
326.262200 468.857700 313.327957 497.434612
325.646200 466.467100 312.926817 494.974956
324.933400 464.007600 312.443686 492.449518
324.179600 461.469100 311.935180 489.857091
323.407900 458.847200 311.395628 487.176966
322.597400 456.144400 310.837219 484.424805
321.726500 453.283100 310.246302 481.605260
320.847300 450.446900 309.622875 478.712318
319.952300 447.576900 308.982721 475.782433
319.033900 444.692400 308.326883 472.836579
318.088300 441.794900 307.655643 469.876696
317.183700 438.888000 307.011199 466.905205
316.318100 435.967800 306.403080 463.918604
315.517900 433.034800 305.864748 460.920747
314.774700 429.985100 305.393234 457.900248
314.167200 427.029300 305.042170 454.892496
313.691200 424.056800 304.832459 451.895908
313.332100 421.072500 304.735118 448.883018
313.113100 418.078300 304.782506 445.858663
313.008900 415.085300 304.940748 442.847194
313.014300 412.080900 305.211034 439.851546
313.129800 409.092300 305.581643 436.871645
313.350100 406.007300 306.066348 433.905002
313.665400 403.023300 306.659074 430.943706
314.066000 400.064500 307.330159 428.002447
314.549700 397.140600 308.076793 425.105012
315.092700 394.251500 308.886536 422.236812
315.695700 391.396500 309.750148 419.417253
316.339100 388.602100 310.657251 416.684445
316.999600 385.898500 311.594804 414.048968
317.718600 383.272100 312.540757 411.562318
318.417400 380.953400 313.468933 409.299477
319.075400 378.846200 314.348582 407.232938
319.667000 376.852600 315.160663 405.288109
320.178300 374.879100 315.906889 403.383943
320.573800 372.940400 316.530687 401.488230
320.803900 370.964300 316.958189 399.576007
320.767600 369.068000 317.145403 397.669832
320.489000 367.204200 317.085887 395.780217
319.933700 365.351000 316.759733 393.872256
319.103400 363.494900 316.178777 391.987051
318.040400 361.785300 315.316090 390.159391
316.777300 360.149700 314.235229 388.384972
315.310300 358.543700 312.963346 386.638618
313.703800 356.905400 311.545028 384.847535
311.941500 355.232700 309.963971 383.001643
310.053900 353.484700 308.263156 381.053905
308.103700 351.601900 306.538380 378.977320
306.009000 349.574800 304.741448 376.810708
303.911600 347.532600 302.881292 374.545704
301.775500 345.411100 300.977302 372.202983
299.605800 343.211900 299.049482 369.791831
297.430200 340.962000 297.109163 367.327412
295.269700 338.658200 295.197812 364.820532
293.142100 336.299700 293.317941 362.257443
291.071900 333.869200 291.519849 359.653402
289.130100 331.339300 289.859329 356.947021
287.259700 328.620800 288.329602 354.140272
285.557700 325.918100 286.880441 351.249997
283.932100 323.129000 285.535914 348.286686
282.374300 320.255300 284.277401 345.242351
280.868100 317.300400 283.076712 342.130866
279.393100 314.296500 281.915661 338.978814
277.900500 311.250300 280.739655 335.768630
276.348100 308.050200 279.568201 332.508496
274.847200 304.894800 278.408794 329.192152
273.302600 301.680300 277.223155 325.812730
271.719700 298.431400 276.020953 322.412317
270.129100 295.117800 274.816191 318.948214
268.476100 291.765800 273.541561 315.429055
266.730200 288.420100 272.167808 311.919075
264.853500 285.087600 270.646596 308.394994
262.827900 281.661800 269.035965 304.878241
260.776400 278.348200 267.346192 301.363334
258.702100 275.066000 265.623118 297.861908
256.594100 271.739800 263.881913 294.327430
254.438500 268.403200 262.104591 290.774664
252.275700 265.026200 260.324395 287.197963
250.052900 261.619800 258.513037 283.611448
247.812100 258.208900 256.681541 280.004037
245.569600 254.775000 254.811405 276.350236
243.247400 251.200600 252.946818 272.669479
240.957900 247.705200 251.074899 268.963890
238.625700 244.172700 249.183148 265.228401
236.250300 240.598700 247.261837 261.449938
233.847900 237.016000 245.316958 257.652631
231.425100 233.395700 243.369953 253.843196
228.938800 229.760700 241.354035 249.984766
226.452500 226.137300 239.319535 246.147241
223.934700 222.513300 237.258322 242.305649
221.330100 218.781200 235.186832 238.465404
218.805100 215.159300 233.112067 234.618041
216.309400 211.541900 231.047160 230.736936
213.829500 207.918300 228.993058 226.844184
211.389600 204.283000 226.988336 222.961507
208.973100 200.620900 225.020321 219.082852
206.595700 196.950100 223.064100 215.188633
204.269800 193.263500 221.159982 211.276110
202.026900 189.537200 219.351209 207.317922
199.775300 185.639900 217.624416 203.308654
197.677400 181.847900 215.969980 199.269255
195.618600 178.031400 214.381933 195.236710
193.619400 174.212100 212.834461 191.190012
191.687800 170.353400 211.323441 187.120773
189.785600 166.486400 209.841295 183.046108
187.887900 162.593000 208.378477 178.947142
186.039200 158.672200 206.945075 174.798987
184.119800 154.617400 205.525456 170.681084
182.270900 150.688800 204.112179 166.556285
180.434900 146.754900 202.713099 162.412478
178.633900 142.823500 201.342196 158.285844
176.842200 138.872400 199.984639 154.161822
175.027400 134.922900 198.633473 150.055885
173.196300 131.022800 197.232208 145.948422
171.289100 127.182700 195.740214 141.873485
169.214000 123.288700 194.136886 137.861403
167.074100 119.599000 192.400535 133.922687
164.800300 115.992700 190.531284 130.064965
162.396300 112.454800 188.525521 126.292768
159.877300 109.010300 186.404597 122.609913
157.285600 105.656500 184.200166 119.002175
154.637100 102.341600 181.909302 115.403066
151.914900 99.058490 179.585019 111.851770
149.137200 95.807570 177.203283 108.324587
146.202000 92.496890 174.742544 104.795631
143.290700 89.359460 172.191129 101.317916
140.320300 86.247950 169.562755 97.862589
137.332400 83.131240 166.910523 94.411210
134.336200 79.977790 164.281862 90.947570
131.328500 76.820510 161.658777 87.470167
128.302700 73.659630 159.020520 83.973035
125.279600 70.501860 156.397390 80.465426
122.237300 67.330250 153.739515 76.952630
119.083700 64.068850 151.054836 73.440890
115.993400 60.916830 148.338401 69.950454
112.862300 57.761910 145.579119 66.457779
109.678300 54.604830 142.791355 62.973255
106.514900 51.437190 139.985021 59.461184
103.325000 48.273690 137.177630 55.978549
100.166800 45.125270 134.372344 52.469711
96.999580 41.980600 131.568083 48.971059
93.801650 38.822780 128.764761 45.478601
90.538450 35.561730 125.981709 41.967282
87.397940 32.402430 123.229980 38.468116
84.253120 29.252470 120.475261 34.975850
81.127810 26.099530 117.734247 31.469259
78.006160 22.939680 115.014044 27.978953
74.913810 19.768800 111.684936 24.002797
71.814420 16.596840 108.963061 20.474089
68.675030 13.416610 106.265098 16.962775
65.424210 10.135090 103.572265 13.451330
62.280060 6.951190 100.881265 9.927012
59.180300 3.762640 98.194358 6.379702
56.075620 0.551575 95.521424 2.846280
53.004350 -2.643735 92.866066 -0.665551
49.961590 -5.828040 90.230967 -4.167393
46.952520 -9.012074 87.635124 -7.646319
43.918320 -12.197660 87.641772 -7.747643
40.960650 -15.266180 85.105544 -11.104754
38.040440 -18.374460 83.605974 -13.852572
35.379770 -21.335460 81.265692 -17.073380
32.837970 -24.189330 79.032286 -20.178842
30.490840 -26.963350 76.952443 -23.186102
28.269940 -29.562020 75.030504 -26.007031
26.266250 -31.978940 73.256352 -28.644588
24.410650 -34.106630 71.587577 -31.007565
22.634300 -35.914720 69.991021 -33.061018
20.855110 -37.431150 68.410905 -34.776028
19.159440 -38.518470 66.830975 -36.092247
17.512620 -39.259280 65.215003 -37.083233
15.847460 -39.710720 63.554667 -37.784858
14.162230 -39.833010 61.884288 -38.145818
12.615940 -39.673510 60.264865 -38.203300
11.162090 -39.262610 58.689481 -37.986201
9.785944 -38.635260 57.181796 -37.492572
8.499874 -37.749980 55.751849 -36.716880
7.280188 -36.600360 54.419793 -35.685640
6.234458 -35.267840 53.237432 -34.406667
5.360814 -33.717970 52.211897 -32.892323
4.652835 -31.985330 51.336976 -31.169715
4.107179 -30.084110 50.599331 -29.276401
3.666067 -28.061400 49.950537 -27.245062
3.299450 -25.920470 49.363292 -25.084182
2.945504 -23.687380 48.788926 -22.824902
2.585983 -21.377970 48.191124 -20.493415
2.233943 -18.975710 47.581973 -18.070691
1.872836 -16.402230 46.975389 -15.567967
1.532099 -13.856660 46.386214 -13.001279
1.223413 -11.357000 45.807909 -10.471705
0.910245 -8.925781 45.245340 -8.025397
0.570881 -6.591312 44.694912 -5.694881
0.173104 -4.336595 44.122603 -3.441949
-0.230528 -2.163817 43.547937 -1.287602
-0.646724 -0.050207 42.955382 0.801480
-1.136074 2.063044 42.331822 2.809503
-1.688341 4.120039 41.640458 4.811513
-2.329796 6.176908 40.849311 6.811977
-3.006185 8.234054 39.984116 8.804900
