0 0.000155 0.055433 100.000000 12.195122
0 0.000083 0.034024 200.000000 15.384615
0 0.000036 0.031791 300.000000 17.543859
0 0.000046 0.064279 400.000000 19.138756
0 0.000052 0.055976 500.000000 20.325203
0 0.000000 0.112589 600.000000 21.126760
0 0.000000 0.111559 700.000000 21.806854
0 0.000000 0.110289 800.000000 22.284122
10 0.000072 0.053341 100.000000 12.987013
10 0.000042 0.029366 200.000000 16.129032
10 0.000000 0.026958 300.000000 18.181818
10 0.000024 0.060961 400.000000 19.704433
10 0.000041 0.052937 500.000000 20.833334
10 0.000000 0.110401 600.000000 21.582733
10 0.000000 0.109195 700.000000 22.222221
10 0.000000 0.108178 800.000000 22.662889
20 0.000000 0.050548 100.000000 13.888889
20 0.000000 0.025755 200.000000 16.949152
20 0.000000 0.024089 300.000000 18.867924
20 0.000000 0.059638 400.000000 20.304569
20 0.000032 0.050905 500.000000 21.367521
20 0.000000 0.110831 600.000000 22.140221
20 0.000000 0.115282 700.000000 22.653721
20 0.000000 0.107009 800.000000 23.121387
30 0.000043 0.046152 100.000000 14.925373
30 0.000018 0.025423 200.000000 17.857143
30 0.000000 0.025190 300.000000 19.607843
30 0.000026 0.060866 400.000000 21.052631
30 0.000035 0.062559 500.000000 22.026432
30 0.000000 0.111323 600.000000 22.641510
30 0.000000 0.115936 700.000000 23.178808
30 0.000000 0.107828 800.000000 23.529411
40 0.000000 0.028845 100.000000 16.129032
40 0.000000 0.015131 200.000000 18.867924
40 0.000000 0.023404 300.000000 20.408163
40 0.000000 0.058889 400.000000 21.739130
40 0.000000 0.068629 500.000000 22.624434
40 0.000000 0.110395 600.000000 23.166023
40 0.000000 0.116997 700.000000 23.648649
40 0.000000 0.106607 800.000000 23.952095
50 0.000000 0.014767 100.000000 17.241379
50 0.000000 0.015039 200.000000 19.801981
50 0.000000 0.049906 300.000000 21.126760
50 0.000000 0.060715 400.000000 22.471910
50 0.000011 0.069650 500.000000 23.148148
50 0.000000 0.111100 600.000000 23.715416
50 0.000000 0.121803 700.000000 24.054983
50 0.000000 0.107356 800.000000 24.316109
60 0.000000 0.008107 100.000000 18.518518
60 0.000000 0.018625 200.000000 20.618557
60 0.000000 0.051945 300.000000 21.897810
60 0.000000 0.062004 400.000000 22.988506
60 0.000021 0.070296 500.000000 23.696682
60 0.000000 0.111830 600.000000 24.096386
60 0.000000 0.122604 700.000000 24.475525
60 0.000000 0.108058 800.000000 24.691359
70 0.000000 0.010123 100.000000 19.230770
70 0.000000 0.020638 200.000000 21.276596
70 0.000000 0.070554 300.000000 22.556391
70 0.000000 0.066199 400.000000 23.529411
70 0.000024 0.095028 500.000000 24.154589
70 0.000000 0.127478 600.000000 24.489796
70 0.000000 0.122930 700.000000 24.822695
70 0.000000 0.113228 800.000000 25.000000
80 0.000037 0.014915 100.000000 20.408163
80 0.000000 0.023147 200.000000 21.978022
80 0.000000 0.082413 300.000000 23.255814
80 0.000000 0.063090 400.000000 24.096386
80 0.000031 0.132217 500.000000 24.509804
80 0.000000 0.127554 600.000000 24.896265
80 0.000000 0.123218 700.000000 25.089605
80 0.000000 0.115933 800.000000 25.236593
90 0.000018 0.022454 100.000000 21.276596
90 0.000000 0.025577 200.000000 22.471910
90 0.000000 0.082703 300.000000 23.809525
90 0.000000 0.063718 400.000000 24.539877
90 0.000025 0.134793 500.000000 24.875622
90 0.000000 0.133965 600.000000 25.210085
90 0.000000 0.123156 700.000000 25.362318
90 0.000000 0.118271 800.000000 25.477707
100 0.000000 0.030129 100.000000 21.739130
100 0.000000 0.038398 200.000000 22.988506
100 0.000000 0.082723 300.000000 24.390244
100 0.000000 0.087963 400.000000 24.844721
100 0.000008 0.134120 500.000000 25.252525
100 0.000000 0.138190 600.000000 25.423729
100 0.000000 0.123059 700.000000 25.547445
100 0.000000 0.133121 800.000000 25.723473
110 0.000000 0.033296 100.000000 22.222221
110 0.000000 0.076017 200.000000 23.809525
110 0.000000 0.081520 300.000000 24.793388
110 0.000000 0.087129 400.000000 25.157232
110 0.000000 0.133367 500.000000 25.510204
110 0.000000 0.142159 600.000000 25.641026
110 0.000000 0.122721 700.000000 25.830257
110 0.000000 0.150111 800.000000 25.889967
120 0.000000 0.031245 100.000000 22.727272
120 0.000000 0.100822 200.000000 24.096386
120 0.000000 0.084929 300.000000 25.210085
120 0.000000 0.115936 400.000000 25.477707
120 0.000000 0.150740 500.000000 25.641026
120 0.000000 0.141538 600.000000 25.862068
120 0.000000 0.127717 700.000000 25.925926
120 0.000000 0.156027 800.000000 25.974026
130 0.000000 0.030396 100.000000 23.255814
130 0.000000 0.114488 200.000000 24.691359
130 0.000000 0.078798 300.000000 25.423729
130 0.000034 0.161402 400.000000 25.806452
130 0.000000 0.149273 500.000000 25.906736
130 0.000000 0.140646 600.000000 25.974026
130 0.000000 0.129901 700.000000 26.119404
130 0.000000 0.155479 800.000000 26.143791
140 0.000000 0.025036 100.000000 23.809525
140 0.000000 0.110930 200.000000 25.000000
140 0.000000 0.094598 300.000000 25.641026
140 0.000021 0.161423 400.000000 25.974026
140 0.000000 0.157726 500.000000 26.041666
140 0.000000 0.139334 600.000000 26.086956
140 0.000000 0.136815 700.000000 26.217228
140 0.000000 0.154232 800.000000 26.229507
150 0.000000 0.122434 100.000000 23.809525
150 0.000000 0.107305 200.000000 25.641026
150 0.000000 0.106172 300.000000 25.862068
150 0.000000 0.159368 400.000000 26.143791
150 0.000000 0.164721 500.000000 26.178011
150 0.000000 0.138149 600.000000 26.200872
150 0.000000 0.164514 700.000000 26.315790
150 0.000000 0.179668 800.000000 26.315790
160 0.000000 0.153275 100.000000 24.390244
160 0.000000 0.105093 200.000000 25.974026
160 0.000033 0.131311 300.000000 26.086956
160 0.000000 0.180315 400.000000 26.315790
160 0.000000 0.163723 500.000000 26.315790
160 0.000000 0.140637 600.000000 26.315790
160 0.000000 0.174041 700.000000 26.415094
160 0.000077 0.211350 800.000000 26.402639
170 0.000000 0.201217 100.000000 25.641026
170 0.000000 0.104109 200.000000 25.974026
170 0.000049 0.205065 300.000000 26.315790
170 0.000000 0.179840 400.000000 26.490067
170 0.000000 0.163309 500.000000 26.455027
170 0.000000 0.146915 600.000000 26.431719
170 0.000000 0.173712 700.000000 26.415094
170 0.000086 0.243965 800.000000 26.490067
180 0.000000 0.195665 100.000000 25.641026
180 0.000023 0.121044 200.000000 26.315790
180 0.000032 0.207198 300.000000 26.315790
180 0.000000 0.190665 400.000000 26.490067
180 0.000000 0.162025 500.000000 26.455027
180 0.000000 0.152501 600.000000 26.548672
180 0.000000 0.172986 700.000000 26.515152
180 0.000097 0.279522 800.000000 26.490067
190 0.000021 0.094676 100.000000 26.315790
190 0.000047 0.099669 200.000000 26.315790
190 0.000060 0.172613 300.000000 26.548672
190 0.000000 0.175955 400.000000 26.490067
190 0.000000 0.141959 500.000000 26.595745
190 0.000000 0.171919 600.000000 26.548672
190 0.000000 0.188145 700.000000 26.515152
190 0.000108 0.297751 800.000000 26.490067
200 0.000000 0.072458 100.000000 25.641026
200 0.000069 0.130671 200.000000 26.315790
200 0.000030 0.190057 300.000000 26.548672
200 0.000000 0.166879 400.000000 26.490067
200 0.000000 0.138442 500.000000 26.455027
200 0.000000 0.177660 600.000000 26.431719
200 0.000087 0.223670 700.000000 26.515152
200 0.000118 0.309889 800.000000 26.402639
210 0.000000 0.013974 100.000000 25.641026
210 0.000127 0.208324 200.000000 26.315790
210 0.000000 0.173147 300.000000 26.315790
210 0.000000 0.153824 400.000000 26.490067
210 0.000000 0.135951 500.000000 26.455027
210 0.000000 0.168929 600.000000 26.431719
210 0.000094 0.262782 700.000000 26.415094
210 0.000118 0.304132 800.000000 26.402639
220 0.000000 0.104557 100.000000 25.641026
220 0.000122 0.211844 200.000000 26.315790
220 0.000007 0.196303 300.000000 26.315790
220 0.000000 0.154134 400.000000 26.315790
220 0.000000 0.155472 500.000000 26.455027
220 0.000000 0.171816 600.000000 26.431719
220 0.000098 0.301836 700.000000 26.415094
220 0.000119 0.304617 800.000000 26.402639
230 0.000062 0.105044 100.000000 25.641026
230 0.000112 0.211483 200.000000 26.315790
230 0.000000 0.203020 300.000000 26.315790
230 0.000000 0.153564 400.000000 26.315790
230 0.000000 0.191305 500.000000 26.455027
230 0.000000 0.218388 600.000000 26.431719
230 0.000114 0.332910 700.000000 26.415094
230 0.000122 0.307491 800.000000 26.315790
240 0.000116 0.277843 100.000000 25.641026
240 0.000095 0.256530 200.000000 26.315790
240 0.000000 0.203474 300.000000 26.315790
240 0.000000 0.168577 400.000000 26.315790
240 0.000000 0.201692 500.000000 26.315790
240 0.000091 0.266204 600.000000 26.431719
240 0.000126 0.346599 700.000000 26.315790
240 0.000125 0.308322 800.000000 26.315790
250 0.000337 0.408141 100.000000 25.641026
250 0.000098 0.265866 200.000000 25.974026
250 0.000000 0.203423 300.000000 26.315790
250 0.000000 0.168686 400.000000 26.315790
250 0.000000 0.201190 500.000000 26.315790
250 0.000100 0.319661 600.000000 26.315790
250 0.000126 0.346685 700.000000 26.315790
250 0.000137 0.314150 800.000000 26.229507
260 0.000298 0.320419 100.000000 25.641026
260 0.000078 0.239669 200.000000 25.974026
260 0.000000 0.169996 300.000000 26.315790
260 0.000000 0.183018 400.000000 26.315790
260 0.000000 0.202379 500.000000 26.315790
260 0.000113 0.349126 600.000000 26.315790
260 0.000129 0.333175 700.000000 26.315790
260 0.000141 0.302915 800.000000 26.143791
270 0.000296 0.320582 100.000000 25.641026
270 0.000063 0.253840 200.000000 25.974026
270 0.000000 0.171332 300.000000 26.315790
270 0.000000 0.213739 400.000000 26.315790
270 0.000056 0.258697 500.000000 26.315790
270 0.000122 0.373872 600.000000 26.315790
270 0.000128 0.336894 700.000000 26.217228
270 0.000141 0.303513 800.000000 26.143791
280 0.000239 0.158152 100.000000 25.641026
280 0.000000 0.128274 200.000000 25.974026
280 0.000000 0.107223 300.000000 26.315790
280 0.000000 0.163171 400.000000 26.315790
280 0.000093 0.266465 500.000000 26.315790
280 0.000132 0.345133 600.000000 26.315790
280 0.000131 0.301526 700.000000 26.217228
280 0.000149 0.272812 800.000000 26.143791
290 0.000000 0.142801 100.000000 25.641026
290 0.000051 0.096719 200.000000 25.974026
290 0.000037 0.093325 300.000000 26.315790
290 0.000076 0.148691 400.000000 26.315790
290 0.000184 0.312426 500.000000 26.315790
290 0.000199 0.335636 600.000000 26.200872
290 0.000203 0.302237 700.000000 26.119404
290 0.000204 0.271442 800.000000 26.058632
300 0.000000 0.158180 100.000000 25.641026
300 0.000000 0.096975 200.000000 25.974026
300 0.000014 0.158743 300.000000 26.315790
300 0.000079 0.189449 400.000000 26.315790
300 0.000194 0.365631 500.000000 26.315790
300 0.000200 0.340284 600.000000 26.200872
300 0.000203 0.303433 700.000000 26.119404
300 0.000207 0.273058 800.000000 26.058632
310 0.000000 0.098060 100.000000 25.641026
310 0.000000 0.062986 200.000000 25.974026
310 0.000000 0.166258 300.000000 26.315790
310 0.000182 0.235383 400.000000 26.315790
310 0.000214 0.382275 500.000000 26.178011
310 0.000200 0.326423 600.000000 26.200872
310 0.000205 0.292104 700.000000 26.022305
310 0.000210 0.263453 800.000000 26.058632
320 0.000000 0.097820 100.000000 25.641026
320 0.000000 0.082390 200.000000 25.974026
320 0.000031 0.166042 300.000000 26.086956
320 0.000193 0.308161 400.000000 26.315790
320 0.000217 0.382628 500.000000 26.178011
320 0.000200 0.327543 600.000000 26.086956
320 0.000213 0.293353 700.000000 26.022305
320 0.000213 0.265353 800.000000 26.058632
330 0.000000 0.049192 100.000000 25.641026
330 0.000000 0.086674 200.000000 25.974026
330 0.000058 0.149758 300.000000 26.086956
330 0.000208 0.374898 400.000000 26.143791
330 0.000219 0.374231 500.000000 26.178011
330 0.000219 0.327769 600.000000 26.086956
330 0.000218 0.288188 700.000000 26.022305
330 0.000218 0.261253 800.000000 26.058632
340 0.000000 0.015649 100.000000 25.641026
340 0.000000 0.163728 200.000000 25.974026
340 0.000091 0.214203 300.000000 26.086956
340 0.000231 0.426719 400.000000 26.143791
340 0.000222 0.370525 500.000000 26.178011
340 0.000222 0.321945 600.000000 25.974026
340 0.000226 0.283858 700.000000 25.925926
340 0.000220 0.258229 800.000000 26.058632
350 0.000000 0.027892 100.000000 25.641026
350 0.000000 0.199316 200.000000 25.974026
350 0.000217 0.309864 300.000000 26.086956
350 0.000245 0.453109 400.000000 26.143791
350 0.000222 0.371561 500.000000 26.041666
350 0.000227 0.323179 600.000000 25.974026
350 0.000229 0.285409 700.000000 25.925926
350 0.000221 0.259889 800.000000 26.143791
360 0.000000 0.065229 100.000000 25.641026
360 0.000000 0.199228 200.000000 25.974026
360 0.000238 0.408150 300.000000 26.086956
360 0.000249 0.454546 400.000000 26.143791
360 0.000223 0.372756 500.000000 26.041666
360 0.000235 0.324976 600.000000 25.974026
360 0.000231 0.287264 700.000000 26.022305
360 0.000221 0.262366 800.000000 26.143791
370 0.000000 0.162883 100.000000 25.641026
370 0.000000 0.208358 200.000000 25.974026
370 0.000248 0.499489 300.000000 26.086956
370 0.000251 0.455712 400.000000 26.143791
370 0.000246 0.382916 500.000000 25.906736
370 0.000242 0.326594 600.000000 25.862068
370 0.000236 0.289272 700.000000 26.022305
370 0.000224 0.264898 800.000000 26.143791
380 0.000000 0.341451 100.000000 25.641026
380 0.000097 0.347646 200.000000 25.974026
380 0.000286 0.571827 300.000000 26.086956
380 0.000259 0.461435 400.000000 25.974026
380 0.000252 0.384326 500.000000 25.906736
380 0.000250 0.328186 600.000000 25.862068
380 0.000241 0.291969 700.000000 26.022305
380 0.000228 0.267346 800.000000 26.143791
390 0.000000 0.334069 100.000000 25.641026
390 0.000300 0.462170 200.000000 25.974026
390 0.000305 0.583856 300.000000 26.086956
390 0.000261 0.448599 400.000000 25.974026
390 0.000261 0.374460 500.000000 25.773195
390 0.000255 0.321144 600.000000 25.862068
390 0.000243 0.286217 700.000000 26.022305
390 0.000229 0.262987 800.000000 26.229507
400 0.000000 0.333365 100.000000 25.641026
400 0.000334 0.609430 200.000000 25.974026
400 0.000314 0.584655 300.000000 25.862068
400 0.000289 0.460462 400.000000 25.806452
400 0.000270 0.376174 500.000000 25.773195
400 0.000261 0.323251 600.000000 25.862068
400 0.000244 0.288518 700.000000 26.119404
400 0.000232 0.265322 800.000000 26.229507
410 0.000000 0.270457 100.000000 25.641026
410 0.000357 0.677930 200.000000 25.974026
410 0.000314 0.539664 300.000000 25.862068
410 0.000290 0.427237 400.000000 25.806452
410 0.000277 0.349670 500.000000 25.773195
410 0.000264 0.302155 600.000000 25.974026
410 0.000245 0.271492 700.000000 26.119404
410 0.000232 0.251624 800.000000 26.229507
420 0.000251 0.412522 100.000000 25.641026
420 0.000404 0.694779 200.000000 25.641026
420 0.000322 0.501786 300.000000 25.862068
420 0.000297 0.394641 400.000000 25.806452
420 0.000284 0.324760 500.000000 25.773195
420 0.000267 0.282666 600.000000 25.974026
420 0.000249 0.255483 700.000000 26.119404
420 0.000233 0.238654 800.000000 26.229507
430 0.000519 0.650248 100.000000 25.641026
430 0.000412 0.708611 200.000000 25.641026
430 0.000313 0.485874 300.000000 25.641026
430 0.000300 0.382881 400.000000 25.641026
430 0.000283 0.316348 500.000000 25.773195
430 0.000264 0.275528 600.000000 25.974026
430 0.000246 0.250120 700.000000 26.119404
430 0.000231 0.234397 800.000000 26.143791
440 0.000539 0.938745 100.000000 25.641026
440 0.000403 0.710160 200.000000 25.641026
440 0.000339 0.501197 300.000000 25.641026
440 0.000304 0.384266 400.000000 25.641026
440 0.000285 0.317405 500.000000 25.773195
440 0.000261 0.277401 600.000000 25.974026
440 0.000245 0.251479 700.000000 26.119404
440 0.000229 0.235509 800.000000 26.143791
450 0.000603 1.107933 100.000000 25.000000
450 0.000398 0.647886 200.000000 25.641026
450 0.000336 0.459026 300.000000 25.641026
450 0.000309 0.352739 400.000000 25.641026
450 0.000287 0.294104 500.000000 25.773195
450 0.000260 0.258343 600.000000 26.086956
450 0.000243 0.236902 700.000000 26.119404
450 0.000229 0.223292 800.000000 26.058632
460 0.000346 0.974872 100.000000 25.000000
460 0.000230 0.516601 200.000000 25.316456
460 0.000228 0.364814 300.000000 25.423729
460 0.000230 0.280141 400.000000 25.641026
460 0.000219 0.232893 500.000000 25.906736
460 0.000205 0.204743 600.000000 26.086956
460 0.000194 0.188107 700.000000 26.119404
460 0.000188 0.187782 800.000000 25.974026
470 0.000320 0.707145 100.000000 25.000000
470 0.000205 0.368964 200.000000 25.316456
470 0.000230 0.267253 300.000000 25.423729
470 0.000223 0.208165 400.000000 25.641026
470 0.000210 0.176943 500.000000 25.906736
470 0.000200 0.159291 600.000000 26.086956
470 0.000189 0.150570 700.000000 26.119404
470 0.000182 0.165888 800.000000 25.889967
480 0.000245 0.418301 100.000000 25.000000
480 0.000233 0.247521 200.000000 25.316456
480 0.000224 0.171788 300.000000 25.423729
480 0.000222 0.139382 400.000000 25.641026
480 0.000204 0.124297 500.000000 26.041666
480 0.000196 0.118510 600.000000 26.086956
480 0.000185 0.117230 700.000000 26.119404
480 0.000180 0.135952 800.000000 25.806452
490 0.000160 0.186229 100.000000 25.000000
490 0.000201 0.124143 200.000000 25.316456
490 0.000217 0.092678 300.000000 25.423729
490 0.000210 0.083905 400.000000 25.806452
490 0.000195 0.084054 500.000000 26.041666
490 0.000185 0.087243 600.000000 26.200872
490 0.000179 0.092483 700.000000 26.022305
490 0.000177 0.114105 800.000000 25.723473
500 0.000000 0.031946 100.000000 25.000000
500 0.000163 0.047608 200.000000 25.000000
500 0.000194 0.046674 300.000000 25.423729
500 0.000188 0.053170 400.000000 25.806452
500 0.000178 0.060511 500.000000 26.041666
500 0.000169 0.067867 600.000000 26.200872
500 0.000166 0.080944 700.000000 25.925926
500 0.000167 0.097579 800.000000 25.559105
510 0.000000 0.034392 100.000000 25.000000
510 0.000187 0.048078 200.000000 25.000000
510 0.000194 0.048599 300.000000 25.423729
510 0.000184 0.054284 400.000000 25.974026
510 0.000178 0.061498 500.000000 26.178011
510 0.000169 0.069336 600.000000 26.086956
510 0.000165 0.086422 700.000000 25.925926
510 0.000169 0.117087 800.000000 25.396826
520 0.000184 0.076157 100.000000 24.390244
520 0.000203 0.048651 200.000000 25.000000
520 0.000206 0.049297 300.000000 25.641026
520 0.000188 0.056150 400.000000 25.974026
520 0.000180 0.062937 500.000000 26.178011
520 0.000172 0.070299 600.000000 26.086956
520 0.000167 0.088754 700.000000 25.735294
520 0.000172 0.121468 800.000000 25.236593
530 0.000184 0.054619 100.000000 24.390244
530 0.000221 0.041861 200.000000 25.000000
530 0.000205 0.046998 300.000000 25.641026
530 0.000189 0.054429 400.000000 25.974026
530 0.000177 0.061894 500.000000 26.178011
530 0.000171 0.069298 600.000000 25.974026
530 0.000170 0.091624 700.000000 25.641026
530 0.000173 0.127580 800.000000 25.078369
540 0.000217 0.057539 100.000000 24.390244
540 0.000228 0.044439 200.000000 25.316456
540 0.000207 0.049460 300.000000 25.862068
540 0.000190 0.056554 400.000000 26.143791
540 0.000177 0.064046 500.000000 26.178011
540 0.000172 0.080164 600.000000 25.974026
540 0.000175 0.099589 700.000000 25.547445
540 0.000177 0.128711 800.000000 24.844721
550 0.000280 0.057704 100.000000 24.390244
550 0.000234 0.046968 200.000000 25.316456
550 0.000206 0.051905 300.000000 26.086956
550 0.000193 0.058404 400.000000 26.315790
550 0.000179 0.065995 500.000000 26.178011
550 0.000172 0.086200 600.000000 25.862068
550 0.000177 0.123939 700.000000 25.362318
550 0.000181 0.131299 800.000000 24.464832
560 0.000169 0.020166 100.000000 24.390244
560 0.000194 0.030757 200.000000 25.641026
560 0.000173 0.039941 300.000000 26.086956
560 0.000167 0.047588 400.000000 26.315790
560 0.000160 0.054932 500.000000 26.178011
560 0.000158 0.075597 600.000000 25.751074
560 0.000165 0.116539 700.000000 25.179855
560 0.000167 0.120909 800.000000 24.024025
570 0.000218 0.021470 100.000000 25.000000
570 0.000192 0.031915 200.000000 25.974026
570 0.000174 0.040347 300.000000 26.315790
570 0.000164 0.048291 400.000000 26.315790
570 0.000160 0.055049 500.000000 26.178011
570 0.000163 0.083133 600.000000 25.641026
570 0.000167 0.127681 700.000000 25.000000
570 0.000166 0.119272 800.000000 23.598820
580 0.000190 0.022893 100.000000 25.000000
580 0.000183 0.032717 200.000000 25.974026
580 0.000168 0.040371 300.000000 26.315790
580 0.000158 0.047406 400.000000 26.490067
580 0.000158 0.069857 500.000000 26.041666
580 0.000161 0.094335 600.000000 25.531916
580 0.000167 0.127313 700.000000 24.734982
580 0.000169 0.115140 800.000000 23.121387
590 0.000122 0.021571 100.000000 25.000000
590 0.000144 0.029436 200.000000 26.315790
590 0.000152 0.036672 300.000000 26.548672
590 0.000147 0.044171 400.000000 26.315790
590 0.000148 0.072001 500.000000 25.906736
590 0.000159 0.123844 600.000000 25.316456
590 0.000165 0.128087 700.000000 24.305555
590 0.000164 0.107817 800.000000 22.662889
600 0.000163 0.021091 100.000000 25.641026
600 0.000147 0.029036 200.000000 26.315790
600 0.000149 0.035690 300.000000 26.548672
600 0.000146 0.042494 400.000000 26.315790
600 0.000148 0.074122 500.000000 25.773195
600 0.000158 0.127785 600.000000 25.104603
600 0.000162 0.127216 700.000000 23.809525
600 0.000158 0.101243 800.000000 22.222221
610 0.000112 0.020354 100.000000 25.641026
610 0.000132 0.026241 200.000000 26.666666
610 0.000133 0.033518 300.000000 26.548672
610 0.000139 0.040066 400.000000 26.143791
610 0.000149 0.085916 500.000000 25.641026
610 0.000156 0.139137 600.000000 24.793388
610 0.000159 0.123962 700.000000 23.178808
610 0.000148 0.094326 800.000000 21.798365
620 0.000110 0.018707 100.000000 26.315790
620 0.000126 0.025317 200.000000 26.666666
620 0.000131 0.032382 300.000000 26.548672
620 0.000139 0.075411 400.000000 25.974026
620 0.000147 0.106426 500.000000 25.380711
620 0.000161 0.141070 600.000000 24.390244
620 0.000159 0.118918 700.000000 22.580645
620 0.000144 0.089420 800.000000 21.447721
630 0.000067 0.017985 100.000000 26.315790
630 0.000130 0.023930 200.000000 26.666666
630 0.000128 0.031213 300.000000 26.315790
630 0.000138 0.075974 400.000000 25.806452
630 0.000152 0.141347 500.000000 25.000000
630 0.000158 0.140831 600.000000 23.904383
630 0.000156 0.113300 700.000000 22.082020
630 0.000141 0.084165 800.000000 21.164021
640 0.000037 0.016527 100.000000 26.315790
640 0.000113 0.022836 200.000000 26.666666
640 0.000125 0.029650 300.000000 26.086956
640 0.000137 0.079219 400.000000 25.477707
640 0.000151 0.145891 500.000000 24.752476
640 0.000156 0.139467 600.000000 23.166023
640 0.000149 0.105852 700.000000 21.538462
640 0.000137 0.080838 800.000000 20.725389
650 0.000068 0.015600 100.000000 26.315790
650 0.000107 0.022977 200.000000 26.315790
650 0.000130 0.039291 300.000000 25.862068
650 0.000146 0.104453 400.000000 25.157232
650 0.000154 0.160982 500.000000 24.271845
650 0.000153 0.136035 600.000000 22.471910
650 0.000144 0.101529 700.000000 21.084337
650 0.000129 0.080040 800.000000 20.304569
660 0.000106 0.016537 100.000000 26.315790
660 0.000118 0.023430 200.000000 26.315790
660 0.000139 0.093209 300.000000 25.641026
660 0.000149 0.162767 400.000000 24.844721
660 0.000162 0.164532 500.000000 23.809525
660 0.000160 0.131824 600.000000 21.818182
660 0.000140 0.098778 700.000000 20.771513
660 0.000136 0.083090 800.000000 19.851116
670 0.000145 0.017363 100.000000 25.641026
670 0.000125 0.023881 200.000000 25.974026
670 0.000148 0.099056 300.000000 25.210085
670 0.000158 0.175458 400.000000 24.390244
670 0.000161 0.163830 500.000000 23.041475
670 0.000162 0.126150 600.000000 21.201414
670 0.000140 0.093526 700.000000 20.348837
670 0.000141 0.087008 800.000000 19.417477
680 0.000091 0.018194 100.000000 25.641026
680 0.000126 0.023936 200.000000 25.641026
680 0.000153 0.121775 300.000000 24.793388
680 0.000159 0.198665 400.000000 23.952095
680 0.000160 0.162401 500.000000 22.222221
680 0.000150 0.119361 600.000000 20.689655
680 0.000135 0.092107 700.000000 19.886364
680 0.000139 0.091796 800.000000 19.093079
690 0.000087 0.018533 100.000000 25.641026
690 0.000141 0.079362 200.000000 25.316456
690 0.000155 0.140002 300.000000 24.390244
690 0.000162 0.198038 400.000000 23.529411
690 0.000164 0.158534 500.000000 21.459227
690 0.000145 0.116431 600.000000 20.202021
690 0.000136 0.093280 700.000000 19.444445
700 0.000102 0.019160 100.000000 25.000000
700 0.000155 0.133891 200.000000 24.691359
700 0.000160 0.218044 300.000000 24.000000
700 0.000169 0.201945 400.000000 22.857143
700 0.000164 0.153187 500.000000 20.746887
700 0.000140 0.114084 600.000000 19.867550
700 0.000139 0.097404 700.000000 18.970190
710 0.000111 0.018654 100.000000 25.000000
710 0.000164 0.143314 200.000000 24.390244
710 0.000166 0.231839 300.000000 23.622047
710 0.000166 0.201003 400.000000 21.978022
710 0.000164 0.148335 500.000000 20.161291
710 0.000140 0.109376 600.000000 19.480520
710 0.000142 0.101993 700.000000 18.567638
720 0.000139 0.016791 100.000000 24.390244
720 0.000173 0.176086 200.000000 23.809525
720 0.000174 0.260587 300.000000 23.076923
720 0.000165 0.197704 400.000000 21.164021
720 0.000154 0.140432 500.000000 19.607843
720 0.000130 0.108550 600.000000 18.987341
730 0.000218 0.225131 100.000000 23.809525
730 0.000175 0.223878 200.000000 23.529411
730 0.000177 0.259339 300.000000 22.556391
730 0.000171 0.193222 400.000000 20.304569
730 0.000146 0.138731 500.000000 19.230770
730 0.000137 0.111199 600.000000 18.461538
740 0.000234 0.256752 100.000000 23.809525
740 0.000188 0.335286 200.000000 22.988506
740 0.000186 0.264699 300.000000 21.739130
740 0.000175 0.188319 400.000000 19.704433
740 0.000142 0.135037 500.000000 18.867924
740 0.000141 0.115638 600.000000 18.072289
750 0.000237 0.274534 100.000000 23.255814
750 0.000188 0.347812 200.000000 22.471910
750 0.000180 0.263123 300.000000 20.833334
750 0.000165 0.183771 400.000000 19.047619
750 0.000137 0.132501 500.000000 18.518518
750 0.000142 0.119871 600.000000 17.751480
760 0.000229 0.344174 100.000000 22.727272
760 0.000196 0.387218 200.000000 21.978022
760 0.000178 0.260170 300.000000 20.000000
760 0.000155 0.175692 400.000000 18.604650
760 0.000132 0.132664 500.000000 18.050541
770 0.000180 0.243765 100.000000 22.222221
770 0.000188 0.286594 200.000000 21.505377
770 0.000179 0.190539 300.000000 19.230770
770 0.000145 0.125517 400.000000 18.181818
770 0.000137 0.095849 500.000000 17.605635
780 0.000178 0.401641 100.000000 21.739130
780 0.000196 0.267787 200.000000 20.833334
780 0.000186 0.167311 300.000000 18.518518
780 0.000139 0.110761 400.000000 17.857143
780 0.000137 0.089422 500.000000 17.241379
790 0.000182 0.408252 100.000000 21.276596
790 0.000190 0.256723 200.000000 19.801981
790 0.000170 0.156530 300.000000 17.964071
790 0.000136 0.100369 400.000000 17.543859
790 0.000141 0.090323 500.000000 16.891891
800 0.000196 0.430784 100.000000 20.833334
800 0.000164 0.219255 200.000000 18.867924
800 0.000145 0.124294 300.000000 17.441860
800 0.000116 0.084959 400.000000 17.167381
800 0.000128 0.080968 500.000000 16.666666
810 0.000201 0.371773 100.000000 20.408163
810 0.000172 0.187575 200.000000 18.018019
810 0.000133 0.105975 300.000000 17.142857
810 0.000117 0.073895 400.000000 16.736403
820 0.000213 0.161360 100.000000 19.607843
820 0.000167 0.071068 200.000000 17.241379
820 0.000122 0.031395 300.000000 16.853933
820 0.000127 0.022425 400.000000 16.393442
830 0.000168 0.120543 100.000000 18.518518
830 0.000163 0.047552 200.000000 16.666666
830 0.000111 0.013425 300.000000 16.574585
830 0.000121 0.018642 400.000000 16.129032
840 0.000136 0.091783 100.000000 17.543859
840 0.000127 0.026642 200.000000 16.129032
840 0.000100 0.005216 300.000000 16.304348
840 0.000112 0.015092 400.000000 15.873015
850 0.000047 0.016036 100.000000 16.393442
850 0.000106 0.024924 200.000000 15.873015
850 0.000082 0.020805 300.000000 15.957447
860 0.000075 0.013273 100.000000 15.625000
860 0.000087 0.018226 200.000000 15.625000
860 0.000086 0.016161 300.000000 15.625000
870 0.000074 0.013671 100.000000 14.925373
870 0.000050 0.021986 200.000000 15.503876
870 0.000075 0.015332 300.000000 15.384615
880 0.000092 0.014463 100.000000 14.705882
880 0.000050 0.030097 200.000000 15.503876
880 0.000075 0.013536 300.000000 15.306123
890 0.000086 0.015896 100.000000 14.705882
890 0.000049 0.028567 200.000000 15.625000
890 0.000079 0.009062 300.000000 15.306123
900 0.000050 0.045460 100.000000 14.925373
900 0.000043 0.026370 200.000000 15.625000
900 0.000075 0.005273 300.000000 15.306123
910 0.000062 0.036409 100.000000 14.925373
910 0.000000 0.022939 200.000000 15.503876
920 0.000000 0.029228 100.000000 15.151515
920 0.000000 0.018405 200.000000 15.503876
930 0.000000 0.023415 100.000000 15.625000
930 0.000000 0.013085 200.000000 15.384615
940 0.000000 0.020594 100.000000 15.873015
940 0.000000 0.011430 200.000000 15.384615
950 0.000000 0.041462 100.000000 16.129032
950 0.000044 0.007155 200.000000 15.384615
960 0.000000 0.034058 100.000000 16.129032
960 0.000000 0.009588 200.000000 15.384615
970 0.000000 0.012012 100.000000 15.873015
970 0.000050 0.011428 200.000000 15.384615
980 0.000000 0.011893 100.000000 15.625000
990 0.000078 0.009281 100.000000 15.151515
1000 0.000122 0.008236 100.000000 14.705882
1010 0.000117 0.026443 100.000000 14.492754
1020 0.000000 0.024319 100.000000 14.285714
1030 0.000084 0.027254 100.000000 14.705882
