0 0.000000 0.015660 100.000000 6.289308
0 0.000000 0.009491 200.000000 6.666667
0 0.000000 0.011219 300.000000 7.194244
0 0.000000 0.012500 400.000000 7.312614
0 0.000000 0.014218 500.000000 7.587254
10 0.000000 0.014485 100.000000 6.211180
10 0.000000 0.009003 200.000000 6.666667
10 0.000000 0.011045 300.000000 7.194244
10 0.000000 0.012121 400.000000 7.299270
10 0.000000 0.013957 500.000000 7.575758
20 0.000000 0.013396 100.000000 6.134969
20 0.000000 0.008698 200.000000 6.666667
20 0.000030 0.011027 300.000000 7.194244
20 0.000022 0.012091 400.000000 7.299270
20 0.000000 0.013880 500.000000 7.552870
30 0.000000 0.014331 100.000000 5.952381
30 0.000000 0.009413 200.000000 6.688963
30 0.000044 0.011252 300.000000 7.211538
30 0.000026 0.012374 400.000000 7.312614
30 0.000000 0.014073 500.000000 7.541478
40 0.000000 0.014345 100.000000 5.847953
40 0.000000 0.009423 200.000000 6.734007
40 0.000042 0.010800 300.000000 7.246377
40 0.000021 0.012005 400.000000 7.326007
40 0.000000 0.013566 500.000000 7.518797
50 0.000000 0.012303 100.000000 5.847953
50 0.000000 0.008444 200.000000 6.779661
50 0.000024 0.009536 300.000000 7.281553
50 0.000007 0.010747 400.000000 7.366483
50 0.000000 0.012247 500.000000 7.485030
60 0.000000 0.009898 100.000000 5.988024
60 0.000000 0.006613 200.000000 6.896552
60 0.000022 0.007987 300.000000 7.352941
60 0.000000 0.009384 400.000000 7.421150
60 0.000000 0.010739 500.000000 7.429420
70 0.000000 0.011855 100.000000 6.211180
70 0.000000 0.010949 200.000000 7.042253
70 0.000020 0.012517 300.000000 7.481297
70 0.000000 0.014143 400.000000 7.518797
70 0.000000 0.015740 500.000000 7.418397
80 0.000048 0.009473 100.000000 6.451613
80 0.000000 0.010351 200.000000 7.220217
80 0.000029 0.011289 300.000000 7.614213
80 0.000000 0.012838 400.000000 7.619048
80 0.000000 0.014368 500.000000 7.451565
90 0.000000 0.009921 100.000000 6.711410
90 0.000000 0.011093 200.000000 7.380074
90 0.000000 0.012262 300.000000 7.751938
90 0.000000 0.013724 400.000000 7.722008
90 0.000000 0.015552 500.000000 7.440476
100 0.000000 0.008938 100.000000 6.896552
100 0.000000 0.009780 200.000000 7.518797
100 0.000000 0.011448 300.000000 7.832898
100 0.000000 0.013273 400.000000 7.797271
100 0.000000 0.015125 500.000000 7.342144
110 0.000000 0.010210 100.000000 6.896552
110 0.000032 0.012062 200.000000 7.547170
110 0.000000 0.013503 300.000000 7.894737
110 0.000000 0.015423 400.000000 7.858546
120 0.000000 0.009075 100.000000 6.849315
120 0.000044 0.012098 200.000000 7.575758
120 0.000000 0.013109 300.000000 7.894737
120 0.000000 0.015070 400.000000 7.905138
130 0.000000 0.007969 100.000000 6.849315
130 0.000038 0.011832 200.000000 7.575758
130 0.000000 0.012677 300.000000 7.812500
130 0.000000 0.014417 400.000000 7.920792
140 0.000000 0.009234 100.000000 6.896552
140 0.000022 0.012415 200.000000 7.633588
140 0.000000 0.013115 300.000000 7.751938
140 0.000000 0.014938 400.000000 7.936508
150 0.000000 0.008902 100.000000 6.993007
150 0.000009 0.012244 200.000000 7.662835
150 0.000000 0.012994 300.000000 7.712082
150 0.000000 0.014945 400.000000 7.968128
160 0.000000 0.007608 100.000000 7.042253
160 0.000000 0.011360 200.000000 7.722008
160 0.000000 0.012262 300.000000 7.712082
160 0.000000 0.014524 400.000000 7.984032
170 0.000000 0.007047 100.000000 7.142857
170 0.000000 0.010629 200.000000 7.782101
170 0.000000 0.011734 300.000000 7.731959
170 0.000000 0.014242 400.000000 8.000000
180 0.000000 0.006008 100.000000 7.246377
180 0.000000 0.010046 200.000000 7.843137
180 0.000000 0.011399 300.000000 7.772021
180 0.000000 0.014102 400.000000 8.000000
190 0.000000 0.005593 100.000000 7.407407
190 0.000000 0.009084 200.000000 7.936508
190 0.000000 0.010544 300.000000 7.832898
190 0.000000 0.013183 400.000000 8.032128
200 0.000000 0.008533 100.000000 7.575758
200 0.000000 0.009808 200.000000 8.064516
200 0.000000 0.011131 300.000000 7.915567
200 0.000000 0.013716 400.000000 8.064516
210 0.000000 0.010879 100.000000 7.812500
210 0.000000 0.011477 200.000000 8.163265
210 0.000000 0.012714 300.000000 7.978724
210 0.000000 0.015280 400.000000 8.080808
220 0.000000 0.010307 100.000000 8.000000
220 0.000000 0.011136 200.000000 8.264462
220 0.000000 0.012779 300.000000 8.021390
220 0.000000 0.014880 400.000000 8.016032
230 0.000000 0.012768 100.000000 8.064516
230 0.000000 0.012719 200.000000 8.298756
230 0.000000 0.014504 300.000000 8.064516
230 0.000000 0.016229 400.000000 7.782101
240 0.000000 0.013786 100.000000 8.130081
240 0.000000 0.013555 200.000000 8.368201
240 0.000000 0.015334 300.000000 8.108109
240 0.000000 0.016793 400.000000 7.575758
250 0.000000 0.014504 100.000000 8.196721
250 0.000000 0.013848 200.000000 8.438819
250 0.000000 0.015592 300.000000 8.174387
260 0.000000 0.014732 100.000000 8.333333
260 0.000000 0.014375 200.000000 8.510638
260 0.000000 0.016208 300.000000 8.264462
270 0.000049 0.014436 100.000000 8.333333
270 0.000000 0.014521 200.000000 8.438819
270 0.000000 0.016473 300.000000 8.310249
280 0.000032 0.014714 100.000000 8.403361
280 0.000000 0.015316 200.000000 8.230453
280 0.000000 0.016974 300.000000 8.333333
290 0.000000 0.016206 100.000000 8.403361
290 0.000000 0.016390 200.000000 8.130081
290 0.000000 0.018095 300.000000 8.333333
300 0.000000 0.017812 100.000000 8.403361
300 0.000000 0.017454 200.000000 8.064516
300 0.000000 0.019554 300.000000 8.310249
310 0.000000 0.017984 100.000000 8.403361
310 0.000000 0.017209 200.000000 8.000000
310 0.000000 0.019348 300.000000 8.287292
320 0.000000 0.017001 100.000000 8.474576
320 0.000000 0.016820 200.000000 8.000000
320 0.000000 0.019101 300.000000 8.241758
330 0.000000 0.015161 100.000000 8.474576
330 0.000000 0.015252 200.000000 8.032128
330 0.000000 0.017114 300.000000 8.196721
340 0.000000 0.013741 100.000000 8.474576
340 0.000000 0.014089 200.000000 8.000000
340 0.000000 0.016178 300.000000 8.064516
350 0.000000 0.013650 100.000000 8.403361
350 0.000000 0.014374 200.000000 8.000000
350 0.000000 0.016156 300.000000 7.772021
360 0.000000 0.012998 100.000000 8.474576
360 0.000000 0.013427 200.000000 8.064516
360 0.000000 0.015102 300.000000 7.425743
370 0.000000 0.011428 100.000000 8.547009
370 0.000000 0.012312 200.000000 8.130081
380 0.000000 0.010402 100.000000 8.547009
380 0.000000 0.011068 200.000000 8.196721
390 0.000000 0.010275 100.000000 8.333333
390 0.000000 0.011809 200.000000 8.230453
400 0.000000 0.011264 100.000000 7.936508
400 0.000000 0.012686 200.000000 8.230453
410 0.000000 0.011314 100.000000 7.692307
410 0.000000 0.013337 200.000000 8.230453
420 0.000000 0.011539 100.000000 7.575758
420 0.000000 0.013338 200.000000 8.196721
430 0.000000 0.011455 100.000000 7.518797
430 0.000000 0.014503 200.000000 8.163265
440 0.000000 0.011958 100.000000 7.518797
440 0.000000 0.015188 200.000000 8.097166
450 0.000000 0.012399 100.000000 7.518797
450 0.000000 0.014993 200.000000 7.968128
460 0.000000 0.011660 100.000000 7.518797
460 0.000000 0.014772 200.000000 7.751938
470 0.000000 0.012362 100.000000 7.575758
470 0.000000 0.014642 200.000000 7.272727
480 0.000000 0.013343 100.000000 7.575758
480 0.000000 0.015283 200.000000 6.756757
490 0.000000 0.013623 100.000000 7.692307
500 0.000000 0.013569 100.000000 7.874016
510 0.000000 0.013386 100.000000 8.130081
520 0.000000 0.013566 100.000000 8.333333
530 0.000000 0.013640 100.000000 8.547009
540 0.000000 0.013300 100.000000 8.771930
550 0.000000 0.014378 100.000000 8.849558
560 0.000000 0.015641 100.000000 8.771930
570 0.000000 0.014561 100.000000 8.620689
580 0.000000 0.014568 100.000000 8.403361
590 0.000000 0.014032 100.000000 8.000000
600 0.000000 0.012867 100.000000 7.042253
610 0.000000 0.013162 100.000000 6.060606
