0 0.000000 0.013949 100.000000 9.090909
0 0.000000 0.008418 200.000000 7.633588
0 0.000000 0.006315 300.000000 7.159904
0 0.000054 0.004242 400.000000 6.896552
0 0.000071 0.008245 500.000000 7.278020
0 0.000075 0.017076 600.000000 7.272727
0 0.000070 0.017193 700.000000 7.186858
0 0.000058 0.012524 800.000000 7.305936
10 0.000000 0.014465 100.000000 8.849558
10 0.000000 0.007983 200.000000 7.722008
10 0.000000 0.006290 300.000000 7.075472
10 0.000059 0.003768 400.000000 6.932409
10 0.000075 0.009003 500.000000 7.320644
10 0.000079 0.017277 600.000000 7.290401
10 0.000071 0.016825 700.000000 7.201646
10 0.000059 0.012484 800.000000 7.332722
20 0.000000 0.015117 100.000000 8.196721
20 0.000000 0.007362 200.000000 7.782101
20 0.000000 0.006091 300.000000 7.042253
20 0.000057 0.003509 400.000000 6.968641
20 0.000076 0.009886 500.000000 7.352941
20 0.000084 0.017651 600.000000 7.299270
20 0.000070 0.016491 700.000000 7.209063
20 0.000059 0.012334 800.000000 7.352941
30 0.000000 0.013354 100.000000 7.751938
30 0.000000 0.006917 200.000000 7.782101
30 0.000000 0.005730 300.000000 7.009346
30 0.000057 0.002688 400.000000 6.980803
30 0.000076 0.010926 500.000000 7.374631
30 0.000087 0.018072 600.000000 7.299270
30 0.000071 0.015919 700.000000 7.194244
30 0.000058 0.012058 800.000000 7.359705
40 0.000000 0.013553 100.000000 7.575758
40 0.000000 0.006699 200.000000 7.692307
40 0.000000 0.005840 300.000000 6.993007
40 0.000056 0.002783 400.000000 6.956522
40 0.000078 0.011992 500.000000 7.374631
40 0.000085 0.018329 600.000000 7.272727
40 0.000066 0.014946 700.000000 7.150153
40 0.000055 0.011607 800.000000 7.352941
50 0.000000 0.012131 100.000000 7.407407
50 0.000000 0.006293 200.000000 7.575758
50 0.000000 0.005183 300.000000 6.976744
50 0.000052 0.004099 400.000000 6.932409
50 0.000078 0.013425 500.000000 7.363770
50 0.000084 0.018576 600.000000 7.194244
50 0.000062 0.013818 700.000000 7.113821
50 0.000051 0.011034 800.000000 7.332722
60 0.000000 0.010828 100.000000 7.194244
60 0.000000 0.006166 200.000000 7.407407
60 0.000000 0.005043 300.000000 6.944445
60 0.000053 0.005601 400.000000 6.920415
60 0.000080 0.014923 500.000000 7.352941
60 0.000072 0.018160 600.000000 7.050529
60 0.000062 0.013380 700.000000 7.099391
60 0.000050 0.011071 800.000000 7.305936
70 0.000000 0.009073 100.000000 6.944445
70 0.000000 0.006057 200.000000 7.220217
70 0.000000 0.005426 300.000000 6.849315
70 0.000061 0.007315 400.000000 6.908463
70 0.000085 0.016550 500.000000 7.331378
70 0.000088 0.017281 600.000000 6.993007
70 0.000061 0.013141 700.000000 7.092198
70 0.000050 0.011305 800.000000 7.252946
80 0.000000 0.008424 100.000000 6.711410
80 0.000000 0.006128 200.000000 6.968641
80 0.000021 0.005080 300.000000 6.622517
80 0.000064 0.009140 400.000000 6.896552
80 0.000086 0.018171 500.000000 7.278020
80 0.000082 0.016326 600.000000 6.960557
80 0.000059 0.012601 700.000000 7.092198
80 0.000044 0.011043 800.000000 7.111111
90 0.000000 0.008048 100.000000 6.535948
90 0.000000 0.007114 200.000000 6.711410
90 0.000010 0.004929 300.000000 6.396588
90 0.000064 0.010859 400.000000 6.884682
90 0.000084 0.019760 500.000000 7.163324
90 0.000076 0.015440 600.000000 6.936416
90 0.000058 0.012151 700.000000 7.085020
90 0.000040 0.010225 800.000000 7.048458
100 0.000000 0.009031 100.000000 6.451613
100 0.000000 0.007954 200.000000 6.557377
100 0.000000 0.004940 300.000000 6.342494
100 0.000067 0.012501 400.000000 6.884682
100 0.000075 0.021276 500.000000 7.002801
100 0.000071 0.019170 600.000000 6.928406
100 0.000060 0.011966 700.000000 7.085020
100 0.000048 0.009371 800.000000 7.023705
110 0.000000 0.009579 100.000000 6.535948
110 0.000000 0.008649 200.000000 6.451613
110 0.000062 0.005405 300.000000 6.369427
110 0.000075 0.013553 400.000000 6.920415
110 0.000077 0.021572 500.000000 6.983240
110 0.000071 0.018714 600.000000 6.936416
110 0.000059 0.011786 700.000000 7.099391
110 0.000053 0.008919 800.000000 7.029877
120 0.000000 0.009191 100.000000 6.756757
120 0.000000 0.008324 200.000000 6.410256
120 0.000081 0.004445 300.000000 6.437768
120 0.000090 0.013743 400.000000 6.993007
120 0.000090 0.022093 500.000000 7.022472
120 0.000080 0.018958 600.000000 6.968641
120 0.000066 0.012216 700.000000 7.135576
120 0.000061 0.009299 800.000000 7.060900
130 0.000000 0.010752 100.000000 6.993007
130 0.000010 0.008859 200.000000 6.451613
130 0.000099 0.002148 300.000000 6.521739
130 0.000106 0.013676 400.000000 7.067138
130 0.000104 0.022554 500.000000 7.072136
130 0.000089 0.019268 600.000000 7.009346
130 0.000073 0.012870 700.000000 7.179487
130 0.000068 0.009796 800.000000 7.092198
140 0.000000 0.015322 100.000000 7.299270
140 0.000095 0.012964 200.000000 6.535948
140 0.000131 0.003140 300.000000 6.607930
140 0.000131 0.013629 400.000000 7.142857
140 0.000126 0.023567 500.000000 7.122507
140 0.000103 0.020181 600.000000 7.050529
140 0.000086 0.014215 700.000000 7.231405
140 0.000081 0.011127 800.000000 7.130125
150 0.000000 0.013227 100.000000 7.575758
150 0.000044 0.009857 200.000000 6.622517
150 0.000120 0.001373 300.000000 6.681514
150 0.000121 0.014973 400.000000 7.220217
150 0.000122 0.023791 500.000000 7.173601
150 0.000096 0.019812 600.000000 7.083825
150 0.000079 0.013659 700.000000 7.268951
150 0.000074 0.009976 800.000000 7.162041
160 0.000000 0.011794 100.000000 7.751938
160 0.000000 0.006615 200.000000 6.666667
160 0.000100 0.003871 300.000000 6.741573
160 0.000108 0.016613 400.000000 7.272727
160 0.000111 0.023780 500.000000 7.204611
160 0.000086 0.018809 600.000000 7.092198
160 0.000069 0.012635 700.000000 7.299270
160 0.000066 0.008245 800.000000 7.174888
170 0.000000 0.011194 100.000000 7.751938
170 0.000000 0.005234 200.000000 6.711410
170 0.000101 0.005923 300.000000 6.756757
170 0.000109 0.017949 400.000000 7.312614
170 0.000110 0.024403 500.000000 7.215007
170 0.000083 0.018439 600.000000 7.083825
170 0.000067 0.012628 700.000000 7.314525
170 0.000064 0.007427 800.000000 7.162041
180 0.000000 0.011480 100.000000 7.692307
180 0.000000 0.004687 200.000000 6.734007
180 0.000111 0.006975 300.000000 6.772009
180 0.000121 0.019336 400.000000 7.326007
180 0.000115 0.025168 500.000000 7.173601
180 0.000086 0.018147 600.000000 7.058824
180 0.000070 0.013048 700.000000 7.314525
180 0.000065 0.006984 800.000000 7.117438
190 0.000000 0.011725 100.000000 7.575758
190 0.000000 0.004805 200.000000 6.756757
190 0.000123 0.008392 300.000000 6.787330
190 0.000127 0.020696 400.000000 7.352941
190 0.000109 0.025688 500.000000 7.072136
190 0.000089 0.017893 600.000000 7.058824
190 0.000073 0.013369 700.000000 7.306890
190 0.000070 0.006659 800.000000 7.085917
200 0.000000 0.010952 100.000000 7.518797
200 0.000023 0.004955 200.000000 6.779661
200 0.000122 0.009923 300.000000 6.818182
200 0.000132 0.022089 400.000000 7.366483
200 0.000113 0.024824 500.000000 6.993007
200 0.000088 0.017578 600.000000 7.075472
200 0.000072 0.013727 700.000000 7.306890
200 0.000072 0.006330 800.000000 7.079646
210 0.000000 0.010856 100.000000 7.407407
210 0.000022 0.004297 200.000000 6.779661
210 0.000126 0.011271 300.000000 6.864988
210 0.000133 0.023191 400.000000 7.393715
210 0.000121 0.023757 500.000000 6.983240
210 0.000086 0.017230 600.000000 7.100592
210 0.000071 0.013707 700.000000 7.291667
210 0.000073 0.005934 800.000000 7.085917
220 0.000000 0.010457 100.000000 7.352941
220 0.000062 0.005245 200.000000 6.688963
220 0.000131 0.012543 300.000000 6.912442
220 0.000138 0.024308 400.000000 7.421150
220 0.000121 0.023258 500.000000 6.993007
220 0.000087 0.017177 600.000000 7.125891
220 0.000071 0.014107 700.000000 7.231405
220 0.000074 0.005840 800.000000 7.104796
230 0.000000 0.010376 100.000000 7.142857
230 0.000141 0.003443 200.000000 6.514658
230 0.000127 0.014186 300.000000 6.944445
230 0.000135 0.025482 400.000000 7.407407
230 0.000114 0.022280 500.000000 7.002801
230 0.000083 0.016725 600.000000 7.151371
230 0.000065 0.013637 700.000000 7.150153
230 0.000071 0.005572 800.000000 7.123775
240 0.000000 0.008308 100.000000 6.896552
240 0.000133 0.001836 200.000000 6.329114
240 0.000129 0.015374 300.000000 6.976744
240 0.000132 0.026527 400.000000 7.352941
240 0.000108 0.021232 500.000000 7.012623
240 0.000082 0.016413 600.000000 7.168459
240 0.000068 0.013178 700.000000 7.121058
240 0.000070 0.005695 800.000000 7.136485
250 0.000000 0.007957 100.000000 6.711410
250 0.000122 0.001607 200.000000 6.269592
250 0.000131 0.016753 300.000000 7.009346
250 0.000118 0.028133 400.000000 7.194244
250 0.000104 0.025959 500.000000 7.012623
250 0.000082 0.016298 600.000000 7.185629
250 0.000071 0.012617 700.000000 7.106599
250 0.000073 0.005855 800.000000 7.142857
260 0.000000 0.007841 100.000000 6.369427
260 0.000160 0.003140 200.000000 6.269592
260 0.000142 0.018327 300.000000 7.042253
260 0.000127 0.029033 400.000000 7.092198
260 0.000106 0.025575 500.000000 7.012623
260 0.000083 0.016362 600.000000 7.194244
260 0.000075 0.012102 700.000000 7.099391
260 0.000076 0.006206 800.000000 7.149240
270 0.000079 0.008248 100.000000 5.952381
270 0.000167 0.004667 200.000000 6.269592
270 0.000151 0.020042 300.000000 7.058824
270 0.000134 0.029459 400.000000 7.067138
270 0.000108 0.024972 500.000000 6.993007
270 0.000085 0.016207 600.000000 7.202881
270 0.000080 0.011393 700.000000 7.099391
270 0.000078 0.006610 800.000000 7.155635
280 0.000109 0.006209 100.000000 5.813953
280 0.000176 0.006521 200.000000 6.289308
280 0.000157 0.021974 300.000000 7.075472
280 0.000146 0.030161 400.000000 7.067138
280 0.000110 0.024529 500.000000 6.983240
280 0.000088 0.015977 600.000000 7.211538
280 0.000083 0.010683 700.000000 7.099391
280 0.000078 0.007005 800.000000 7.168459
290 0.000078 0.004987 100.000000 5.813953
290 0.000188 0.008441 200.000000 6.309148
290 0.000164 0.023720 300.000000 7.109005
290 0.000149 0.031098 400.000000 7.067138
290 0.000111 0.024080 500.000000 6.963789
290 0.000088 0.016078 600.000000 7.220217
290 0.000083 0.010006 700.000000 7.092198
290 0.000081 0.007576 800.000000 7.181329
300 0.000059 0.003919 100.000000 5.882353
300 0.000193 0.010636 200.000000 6.329114
300 0.000170 0.025145 300.000000 7.159904
300 0.000150 0.031840 400.000000 7.067138
300 0.000109 0.023570 500.000000 6.944445
300 0.000087 0.016164 600.000000 7.237636
300 0.000082 0.009294 700.000000 7.063572
300 0.000083 0.008120 800.000000 7.200720
310 0.000115 0.006148 100.000000 5.952381
310 0.000202 0.012796 200.000000 6.369427
310 0.000181 0.027108 300.000000 7.194244
310 0.000156 0.032868 400.000000 7.017544
310 0.000111 0.023230 500.000000 6.934813
310 0.000089 0.016431 600.000000 7.246377
310 0.000083 0.008689 700.000000 7.028112
310 0.000085 0.008765 800.000000 7.220217
320 0.000146 0.007324 100.000000 6.024096
320 0.000206 0.015059 200.000000 6.410256
320 0.000181 0.028525 300.000000 7.246377
320 0.000142 0.033079 400.000000 6.932409
320 0.000111 0.022883 500.000000 6.944445
320 0.000088 0.016629 600.000000 7.246377
320 0.000084 0.008370 700.000000 7.007007
320 0.000085 0.009363 800.000000 7.246377
330 0.000166 0.008192 100.000000 6.097561
330 0.000199 0.016861 200.000000 6.472492
330 0.000181 0.029555 300.000000 7.299270
330 0.000138 0.031672 400.000000 6.861063
330 0.000106 0.022297 500.000000 6.973501
330 0.000084 0.016671 600.000000 7.263923
330 0.000083 0.007954 700.000000 7.007007
330 0.000084 0.009930 800.000000 7.266122
340 0.000195 0.009595 100.000000 6.172840
340 0.000208 0.018896 200.000000 6.535948
340 0.000186 0.031133 300.000000 7.352941
340 0.000154 0.030859 400.000000 6.849315
340 0.000105 0.022050 500.000000 7.012623
340 0.000084 0.016812 600.000000 7.263923
340 0.000086 0.007804 700.000000 7.028112
340 0.000086 0.010560 800.000000 7.292616
350 0.000181 0.009579 100.000000 6.134969
350 0.000206 0.020234 200.000000 6.622517
350 0.000183 0.032183 300.000000 7.389163
350 0.000150 0.029611 400.000000 6.872852
350 0.000103 0.021413 500.000000 7.052186
350 0.000082 0.016730 600.000000 7.228916
350 0.000084 0.007523 700.000000 7.049345
350 0.000085 0.010973 800.000000 7.326007
360 0.000267 0.012546 100.000000 6.024096
360 0.000232 0.022769 200.000000 6.734007
360 0.000201 0.035344 300.000000 7.444169
360 0.000159 0.030786 400.000000 6.920415
360 0.000112 0.022194 500.000000 7.092198
360 0.000088 0.017535 600.000000 7.159904
360 0.000091 0.007761 700.000000 7.077857
360 0.000092 0.011968 800.000000 7.359705
370 0.000451 0.012649 100.000000 5.917160
370 0.000233 0.024717 200.000000 6.825939
370 0.000203 0.036580 300.000000 7.481297
370 0.000156 0.030197 400.000000 6.956522
370 0.000111 0.022104 500.000000 7.142857
370 0.000082 0.017317 600.000000 7.142857
370 0.000090 0.007838 700.000000 7.113821
370 0.000092 0.012431 800.000000 7.400555
380 0.000379 0.011483 100.000000 5.813953
380 0.000232 0.025532 200.000000 6.944445
380 0.000200 0.037288 300.000000 7.500000
380 0.000150 0.029203 400.000000 7.005254
380 0.000110 0.021865 500.000000 7.194244
380 0.000084 0.016887 600.000000 7.142857
380 0.000089 0.007899 700.000000 7.150153
380 0.000092 0.012863 800.000000 7.434944
390 0.000321 0.009971 100.000000 5.813953
390 0.000224 0.025872 200.000000 7.067138
390 0.000190 0.037429 300.000000 7.444169
390 0.000143 0.027730 400.000000 7.054674
390 0.000106 0.021282 500.000000 7.235890
390 0.000086 0.016093 600.000000 7.159904
390 0.000087 0.007709 700.000000 7.179487
390 0.000091 0.013026 800.000000 7.476635
400 0.000323 0.010142 100.000000 5.847953
400 0.000218 0.026708 200.000000 7.168459
400 0.000169 0.037919 300.000000 7.317073
400 0.000135 0.033350 400.000000 7.092198
400 0.000103 0.020648 500.000000 7.278020
400 0.000083 0.015176 600.000000 7.168459
400 0.000086 0.007818 700.000000 7.209063
400 0.000091 0.013278 800.000000 7.511737
410 0.000322 0.010759 100.000000 5.988024
410 0.000210 0.026451 200.000000 7.299270
410 0.000158 0.036608 300.000000 7.317073
410 0.000127 0.031579 400.000000 7.130125
410 0.000095 0.019954 500.000000 7.331378
410 0.000083 0.014450 600.000000 7.202881
410 0.000083 0.007775 700.000000 7.238883
410 0.000089 0.013335 800.000000 7.547170
420 0.000275 0.006916 100.000000 6.211180
420 0.000177 0.022597 200.000000 7.462687
420 0.000138 0.031480 300.000000 7.371007
420 0.000106 0.027669 400.000000 7.194244
420 0.000077 0.017890 500.000000 7.396450
420 0.000070 0.012874 600.000000 7.246377
420 0.000070 0.007218 700.000000 7.284079
420 0.000080 0.012100 800.000000 7.597341
430 0.000217 0.004709 100.000000 6.410256
430 0.000145 0.019202 200.000000 7.633588
430 0.000114 0.026867 300.000000 7.462687
430 0.000086 0.024291 400.000000 7.259528
430 0.000059 0.016159 500.000000 7.462687
430 0.000059 0.011460 600.000000 7.290401
430 0.000059 0.006654 700.000000 7.329843
430 0.000071 0.011087 800.000000 7.648183
440 0.000172 0.004077 100.000000 6.622517
440 0.000132 0.018139 200.000000 7.782101
440 0.000111 0.024958 300.000000 7.537688
440 0.000080 0.022863 400.000000 7.312614
440 0.000052 0.015443 500.000000 7.518797
440 0.000057 0.010799 600.000000 7.334963
440 0.000054 0.006317 700.000000 7.376185
440 0.000069 0.010879 800.000000 7.684918
450 0.000212 0.006644 100.000000 6.756757
450 0.000154 0.021276 200.000000 7.874016
450 0.000135 0.027421 300.000000 7.575758
450 0.000092 0.023850 400.000000 7.326007
450 0.000066 0.015831 500.000000 7.552870
450 0.000066 0.010681 600.000000 7.352941
450 0.000062 0.006702 700.000000 7.399577
450 0.000076 0.011936 800.000000 7.714561
460 0.000246 0.009986 100.000000 6.802721
460 0.000169 0.023855 200.000000 7.936508
460 0.000144 0.029118 300.000000 7.575758
460 0.000098 0.023756 400.000000 7.299270
460 0.000071 0.015998 500.000000 7.564297
460 0.000070 0.010057 600.000000 7.343941
460 0.000067 0.007127 700.000000 7.415254
460 0.000079 0.012825 800.000000 7.722008
470 0.000252 0.013086 100.000000 6.802721
470 0.000182 0.025321 200.000000 7.968128
470 0.000145 0.029519 300.000000 7.537688
470 0.000093 0.022785 400.000000 7.233273
470 0.000070 0.015705 500.000000 7.564297
470 0.000068 0.009071 600.000000 7.290401
470 0.000068 0.007464 700.000000 7.430998
470 0.000000 0.013892 800.000000 7.707129
480 0.000237 0.016994 100.000000 6.756757
480 0.000184 0.027214 200.000000 8.000000
480 0.000142 0.029713 300.000000 7.371007
480 0.000090 0.021948 400.000000 7.207207
480 0.000066 0.015530 500.000000 7.552870
480 0.000060 0.008205 600.000000 7.211538
480 0.000067 0.007966 700.000000 7.438895
480 0.000079 0.014285 800.000000 7.677543
490 0.000216 0.019794 100.000000 6.802721
490 0.000183 0.028389 200.000000 8.032128
490 0.000129 0.028691 300.000000 7.159904
490 0.000085 0.021243 400.000000 7.207207
490 0.000060 0.015577 500.000000 7.530120
490 0.000062 0.007721 600.000000 7.177033
490 0.000066 0.008384 700.000000 7.454739
490 0.000078 0.014948 800.000000 7.504691
500 0.000218 0.021961 100.000000 6.896552
500 0.000189 0.029713 200.000000 8.064516
500 0.000133 0.026895 300.000000 7.092198
500 0.000080 0.020688 400.000000 7.233273
500 0.000059 0.015570 500.000000 7.518797
500 0.000064 0.007387 600.000000 7.177033
500 0.000067 0.008849 700.000000 7.478632
500 0.000078 0.015511 800.000000 7.469655
510 0.000225 0.023814 100.000000 7.092198
510 0.000192 0.030685 200.000000 8.163265
510 0.000138 0.025911 300.000000 7.125891
510 0.000082 0.020423 400.000000 7.299270
510 0.000060 0.015632 500.000000 7.485030
510 0.000064 0.007283 600.000000 7.211538
510 0.000069 0.009204 700.000000 7.518797
510 0.000079 0.015977 800.000000 7.483630
520 0.000196 0.022310 100.000000 7.407407
520 0.000184 0.029063 200.000000 8.298756
520 0.000125 0.023654 300.000000 7.211538
520 0.000072 0.019576 400.000000 7.366483
520 0.000047 0.015387 500.000000 7.440476
520 0.000057 0.007187 600.000000 7.255139
520 0.000065 0.009069 700.000000 7.567567
520 0.000075 0.015610 800.000000 7.518797
530 0.000068 0.016459 100.000000 7.692307
530 0.000141 0.022525 200.000000 8.438819
530 0.000089 0.018796 300.000000 7.299270
530 0.000038 0.018355 400.000000 7.448790
530 0.000000 0.014660 500.000000 7.418397
530 0.000034 0.007380 600.000000 7.308161
530 0.000049 0.008299 700.000000 7.616975
530 0.000062 0.013769 800.000000 7.561437
540 0.000000 0.010445 100.000000 8.064516
540 0.000000 0.012595 200.000000 8.620689
540 0.000000 0.013018 300.000000 7.389163
540 0.000000 0.016555 400.000000 7.532957
540 0.000000 0.013293 500.000000 7.440476
540 0.000000 0.007682 600.000000 7.361963
540 0.000000 0.007276 700.000000 7.675438
540 0.000034 0.010718 800.000000 7.604563
550 0.000000 0.014343 100.000000 8.547009
550 0.000069 0.017805 200.000000 8.695652
550 0.000018 0.015140 300.000000 7.481297
550 0.000000 0.017635 400.000000 7.619048
550 0.000000 0.013886 500.000000 7.473842
550 0.000000 0.007746 600.000000 7.416564
550 0.000027 0.008057 700.000000 7.726269
550 0.000047 0.012485 800.000000 7.648183
560 0.000000 0.016337 100.000000 8.849558
560 0.000084 0.021067 200.000000 8.620689
560 0.000039 0.015948 300.000000 7.556675
560 0.000000 0.017841 400.000000 7.692307
560 0.000000 0.013737 500.000000 7.485030
560 0.000000 0.007454 600.000000 7.453416
560 0.000038 0.008604 700.000000 7.777778
560 0.000053 0.013458 800.000000 7.684918
570 0.000000 0.017290 100.000000 9.090909
570 0.000000 0.022587 200.000000 8.298756
570 0.000000 0.026299 300.000000 7.594937
570 0.000000 0.017647 400.000000 7.736944
570 0.000000 0.013248 500.000000 7.485030
570 0.000000 0.007360 600.000000 7.481297
570 0.000041 0.008783 700.000000 7.812500
570 0.000053 0.013869 800.000000 7.707129
580 0.000000 0.014336 100.000000 9.259259
580 0.000000 0.018774 200.000000 8.097166
580 0.000000 0.023920 300.000000 7.575758
580 0.000000 0.016601 400.000000 7.751938
580 0.000000 0.012196 500.000000 7.485030
580 0.000000 0.007293 600.000000 7.490637
580 0.000032 0.008380 700.000000 7.838746
580 0.000045 0.013119 800.000000 7.722008
590 0.000000 0.015384 100.000000 9.345795
590 0.000000 0.019644 200.000000 8.032128
590 0.000000 0.023446 300.000000 7.537688
590 0.000000 0.016252 400.000000 7.751938
590 0.000000 0.011560 500.000000 7.473842
590 0.000000 0.007016 600.000000 7.500000
590 0.000037 0.008784 700.000000 7.856341
590 0.000048 0.013834 800.000000 7.736944
600 0.000000 0.016095 100.000000 9.345795
600 0.000000 0.019598 200.000000 8.000000
600 0.000000 0.022675 300.000000 7.481297
600 0.000000 0.015949 400.000000 7.766990
600 0.000000 0.010959 500.000000 7.462687
600 0.000000 0.006854 600.000000 7.509387
600 0.000039 0.009028 700.000000 7.865169
600 0.000047 0.014125 800.000000 7.751938
610 0.000000 0.015722 100.000000 9.523809
610 0.000000 0.019374 200.000000 7.968128
610 0.000000 0.021891 300.000000 7.425743
610 0.000000 0.015685 400.000000 7.766990
610 0.000000 0.010288 500.000000 7.429420
610 0.000000 0.006824 600.000000 7.528231
610 0.000026 0.009470 700.000000 7.865169
610 0.000044 0.014379 800.000000 7.759457
620 0.000000 0.014967 100.000000 9.615385
620 0.000000 0.018719 200.000000 7.874016
620 0.000000 0.020792 300.000000 7.352941
620 0.000000 0.015289 400.000000 7.766990
620 0.000000 0.009550 500.000000 7.342144
620 0.000000 0.006688 600.000000 7.547170
620 0.000000 0.009602 700.000000 7.838746
620 0.000042 0.014429 800.000000 7.774539
630 0.000000 0.014452 100.000000 9.615385
630 0.000000 0.018144 200.000000 7.518797
630 0.000000 0.019877 300.000000 7.334963
630 0.000000 0.014923 400.000000 7.736944
630 0.000000 0.009104 500.000000 7.267442
630 0.000000 0.006727 600.000000 7.556675
630 0.000038 0.009684 700.000000 7.769145
630 0.000043 0.014583 800.000000 7.789679
640 0.000022 0.014289 100.000000 9.615385
640 0.000000 0.015974 200.000000 7.220217
640 0.000000 0.019270 300.000000 7.334963
640 0.000000 0.014882 400.000000 7.707129
640 0.000000 0.008665 500.000000 7.225433
640 0.000000 0.006680 600.000000 7.566204
640 0.000035 0.010094 700.000000 7.567567
640 0.000044 0.014930 800.000000 7.797271
650 0.000011 0.013279 100.000000 9.433962
650 0.000038 0.013418 200.000000 7.117438
650 0.000000 0.018311 300.000000 7.334963
650 0.000000 0.014369 400.000000 7.561437
650 0.000000 0.008036 500.000000 7.215007
650 0.000000 0.006623 600.000000 7.575758
650 0.000033 0.010136 700.000000 7.534984
650 0.000042 0.014886 800.000000 7.804878
660 0.000073 0.013644 100.000000 9.174312
660 0.000000 0.012937 200.000000 7.042253
660 0.000000 0.018244 300.000000 7.334963
660 0.000000 0.013980 400.000000 7.299270
660 0.000000 0.007777 500.000000 7.215007
660 0.000000 0.006799 600.000000 7.585335
660 0.000028 0.010435 700.000000 7.526882
660 0.000041 0.015225 800.000000 7.812500
670 0.000000 0.014587 100.000000 8.403361
670 0.000000 0.011565 200.000000 7.017544
670 0.000000 0.017808 300.000000 7.334963
670 0.000000 0.013177 400.000000 7.194244
670 0.000000 0.007453 500.000000 7.215007
670 0.000000 0.006917 600.000000 7.604563
670 0.000030 0.010767 700.000000 7.526882
670 0.000041 0.015514 800.000000 7.827789
680 0.000000 0.016551 100.000000 7.407407
680 0.000000 0.027261 200.000000 6.968641
680 0.000000 0.017180 300.000000 7.334963
680 0.000000 0.012429 400.000000 7.142857
680 0.000000 0.007199 500.000000 7.204611
680 0.000000 0.007035 600.000000 7.623888
680 0.000032 0.011029 700.000000 7.534984
680 0.000042 0.015863 800.000000 7.835455
690 0.000000 0.014491 100.000000 7.092198
690 0.000000 0.025793 200.000000 6.896552
690 0.000000 0.016364 300.000000 7.317073
690 0.000000 0.011347 400.000000 7.117438
690 0.000000 0.006732 500.000000 7.204611
690 0.000000 0.007128 600.000000 7.633588
690 0.000028 0.011283 700.000000 7.534984
690 0.000042 0.015863 800.000000 7.850834
700 0.000000 0.014039 100.000000 6.944445
700 0.000000 0.024460 200.000000 6.825939
700 0.000000 0.015464 300.000000 7.317073
700 0.000000 0.010595 400.000000 7.092198
700 0.000000 0.006469 500.000000 7.204611
700 0.000000 0.007215 600.000000 7.643312
700 0.000025 0.011449 700.000000 7.543103
700 0.000042 0.015931 800.000000 7.858546
710 0.000000 0.015271 100.000000 6.849315
710 0.000000 0.023968 200.000000 6.711410
710 0.000000 0.015322 300.000000 7.299270
710 0.000000 0.010179 400.000000 7.054674
710 0.000000 0.006444 500.000000 7.215007
710 0.000000 0.007707 600.000000 7.633588
710 0.000022 0.011843 700.000000 7.551240
710 0.000042 0.016236 800.000000 7.866273
720 0.000000 0.014423 100.000000 6.666667
720 0.000000 0.022241 200.000000 6.578948
720 0.000000 0.014398 300.000000 7.281553
720 0.000000 0.009028 400.000000 6.956522
720 0.000000 0.006293 500.000000 7.215007
720 0.000000 0.008490 600.000000 7.604563
720 0.000000 0.012028 700.000000 7.559395
720 0.000039 0.016176 800.000000 7.866273
730 0.000000 0.014492 100.000000 6.211180
730 0.000000 0.021114 200.000000 6.514658
730 0.000000 0.013853 300.000000 7.246377
730 0.000000 0.008579 400.000000 6.837607
730 0.000000 0.006259 500.000000 7.225433
730 0.000000 0.008325 600.000000 7.547170
730 0.000000 0.012300 700.000000 7.567567
730 0.000036 0.016424 800.000000 7.858546
740 0.000000 0.012938 100.000000 5.780347
740 0.000000 0.020496 200.000000 6.514658
740 0.000000 0.013389 300.000000 7.211538
740 0.000000 0.008090 400.000000 6.791172
740 0.000000 0.006419 500.000000 7.235890
740 0.000000 0.008659 600.000000 7.308161
740 0.000000 0.012480 700.000000 7.575758
740 0.000031 0.016463 800.000000 7.858546
750 0.000000 0.011276 100.000000 5.649717
750 0.000000 0.019372 200.000000 6.535948
750 0.000000 0.012976 300.000000 7.109005
750 0.000000 0.007784 400.000000 6.791172
750 0.000000 0.006337 500.000000 7.256894
750 0.000000 0.008858 600.000000 7.272727
750 0.000000 0.012692 700.000000 7.592191
750 0.000033 0.016695 800.000000 7.850834
760 0.000000 0.011406 100.000000 5.649717
760 0.000000 0.018952 200.000000 6.600660
760 0.000000 0.012834 300.000000 6.912442
760 0.000000 0.007480 400.000000 6.814310
760 0.000000 0.006421 500.000000 7.288630
760 0.000000 0.009176 600.000000 7.272727
760 0.000000 0.012992 700.000000 7.616975
760 0.000036 0.016945 800.000000 7.850834
770 0.000000 0.010954 100.000000 5.714286
770 0.000000 0.018407 200.000000 6.666667
770 0.000000 0.012220 300.000000 6.802721
770 0.000000 0.007268 400.000000 6.849315
770 0.000000 0.006594 500.000000 7.331378
770 0.000000 0.009328 600.000000 7.299270
770 0.000000 0.013218 700.000000 7.650273
770 0.000036 0.017186 800.000000 7.850834
780 0.000000 0.010647 100.000000 5.813953
780 0.000000 0.018417 200.000000 6.756757
780 0.000000 0.012277 300.000000 6.802721
780 0.000000 0.007192 400.000000 6.896552
780 0.000000 0.006477 500.000000 7.396450
780 0.000000 0.009445 600.000000 7.343941
780 0.000000 0.013355 700.000000 7.700770
780 0.000042 0.017529 800.000000 7.843137
790 0.000000 0.010459 100.000000 6.024096
790 0.000000 0.017998 200.000000 6.896552
790 0.000000 0.012284 300.000000 6.864988
790 0.000000 0.007205 400.000000 6.968641
790 0.000000 0.006490 500.000000 7.462687
790 0.000000 0.009531 600.000000 7.398274
790 0.000000 0.013644 700.000000 7.751938
790 0.000052 0.017932 800.000000 7.835455
800 0.000000 0.039687 100.000000 6.211180
800 0.000000 0.018264 200.000000 7.042253
800 0.000000 0.012180 300.000000 6.928406
800 0.000000 0.006989 400.000000 7.042253
800 0.000000 0.006165 500.000000 7.541478
800 0.000000 0.009607 600.000000 7.462687
800 0.000014 0.013925 700.000000 7.812500
800 0.000057 0.018290 800.000000 7.835455
810 0.000000 0.039879 100.000000 6.451613
810 0.000000 0.019414 200.000000 7.220217
810 0.000000 0.013232 300.000000 7.009346
810 0.000000 0.007036 400.000000 7.117438
810 0.000000 0.005837 500.000000 7.621951
810 0.000015 0.009852 600.000000 7.518797
810 0.000034 0.014733 700.000000 7.874016
810 0.000071 0.019383 800.000000 7.812500
820 0.000000 0.038149 100.000000 6.622517
820 0.000000 0.017905 200.000000 7.326007
820 0.000000 0.011027 300.000000 7.075472
820 0.000000 0.005992 400.000000 7.181329
820 0.000000 0.006089 500.000000 7.692307
820 0.000018 0.010171 600.000000 7.566204
820 0.000036 0.014930 700.000000 7.918552
820 0.000077 0.019224 800.000000 7.782101
830 0.000000 0.035042 100.000000 6.666667
830 0.000000 0.015084 200.000000 7.407407
830 0.000000 0.008337 300.000000 7.109005
830 0.000000 0.005481 400.000000 7.220217
830 0.000000 0.006652 500.000000 7.739938
830 0.000000 0.010541 600.000000 7.604563
830 0.000030 0.014672 700.000000 7.963595
830 0.000071 0.018281 800.000000 7.766990
840 0.000000 0.032586 100.000000 6.622517
840 0.000000 0.013043 200.000000 7.462687
840 0.000000 0.006905 300.000000 7.109005
840 0.000000 0.005554 400.000000 7.246377
840 0.000000 0.007164 500.000000 7.776050
840 0.000000 0.010898 600.000000 7.633588
840 0.000028 0.014755 700.000000 7.990868
840 0.000065 0.017736 800.000000 7.766990
850 0.000000 0.029826 100.000000 6.535948
850 0.000000 0.011224 200.000000 7.490637
850 0.000000 0.005864 300.000000 7.109005
850 0.000000 0.006020 400.000000 7.272727
850 0.000000 0.007808 500.000000 7.800312
850 0.000000 0.011272 600.000000 7.653061
850 0.000020 0.014697 700.000000 8.009153
850 0.000059 0.016898 800.000000 7.782101
860 0.000000 0.028481 100.000000 6.451613
860 0.000000 0.010418 200.000000 7.518797
860 0.000000 0.005773 300.000000 7.075472
860 0.000000 0.006053 400.000000 7.299270
860 0.000000 0.008627 500.000000 7.800312
860 0.000000 0.011618 600.000000 7.682458
860 0.000028 0.015101 700.000000 8.027523
860 0.000058 0.016790 800.000000 7.804878
870 0.000000 0.026529 100.000000 6.410256
870 0.000000 0.009985 200.000000 7.575758
870 0.000000 0.006196 300.000000 7.009346
870 0.000000 0.006671 400.000000 7.352941
870 0.000000 0.009222 500.000000 7.812500
870 0.000000 0.012095 600.000000 7.712082
870 0.000026 0.015363 700.000000 8.055236
870 0.000057 0.016595 800.000000 7.835455
880 0.000000 0.025511 100.000000 6.578948
880 0.000000 0.009508 200.000000 7.722008
880 0.000000 0.005995 300.000000 7.009346
880 0.000000 0.006726 400.000000 7.421150
880 0.000000 0.009054 500.000000 7.836991
880 0.000000 0.012540 600.000000 7.772021
880 0.000029 0.015990 700.000000 8.101851
880 0.000058 0.016980 800.000000 7.881773
890 0.000000 0.025096 100.000000 6.802721
890 0.000000 0.009043 200.000000 7.843137
890 0.000000 0.006133 300.000000 7.042253
890 0.000000 0.006956 400.000000 7.518797
890 0.000000 0.009454 500.000000 7.861635
890 0.000000 0.012886 600.000000 7.832898
890 0.000023 0.016165 700.000000 8.158508
890 0.000057 0.016892 800.000000 7.936508
900 0.000000 0.025935 100.000000 7.042253
900 0.000000 0.009108 200.000000 8.000000
900 0.000000 0.003115 300.000000 7.109005
900 0.000000 0.005502 400.000000 7.604563
900 0.000000 0.009351 500.000000 7.788162
900 0.000000 0.013717 600.000000 7.905138
900 0.000041 0.017852 700.000000 8.215962
900 0.000066 0.018720 800.000000 7.984032
910 0.000000 0.026291 100.000000 7.352941
910 0.000000 0.009660 200.000000 8.163265
910 0.000000 0.003580 300.000000 7.177033
910 0.000000 0.005888 400.000000 7.692307
910 0.000000 0.010034 500.000000 7.704160
910 0.000020 0.014530 600.000000 7.968128
910 0.000046 0.018780 700.000000 8.264462
910 0.000070 0.019509 800.000000 8.040201
920 0.000000 0.027709 100.000000 7.575758
920 0.000000 0.009567 200.000000 8.196721
920 0.000000 0.005540 300.000000 7.228916
920 0.000000 0.007699 400.000000 7.766990
920 0.000000 0.010901 500.000000 7.704160
920 0.000000 0.014521 600.000000 8.021390
920 0.000039 0.018292 700.000000 8.293839
920 0.000064 0.018417 800.000000 8.080808
930 0.000000 0.027185 100.000000 7.751938
930 0.000000 0.010191 200.000000 8.032128
930 0.000000 0.007043 300.000000 7.263923
930 0.000000 0.008702 400.000000 7.812500
930 0.000000 0.011480 500.000000 7.704160
930 0.000000 0.014714 600.000000 8.053691
930 0.000037 0.018166 700.000000 8.303678
930 0.000061 0.017820 800.000000 8.105370
940 0.000000 0.027193 100.000000 7.874016
940 0.000000 0.008778 200.000000 7.575758
940 0.000000 0.006768 300.000000 7.299270
940 0.000000 0.008732 400.000000 7.858546
940 0.000000 0.011842 500.000000 7.704160
940 0.000000 0.015421 600.000000 8.086253
940 0.000044 0.019151 700.000000 8.293839
940 0.000065 0.018540 800.000000 8.130081
950 0.000000 0.027434 100.000000 7.936508
950 0.000000 0.007904 200.000000 7.380074
950 0.000000 0.006412 300.000000 7.317073
950 0.000000 0.008825 400.000000 7.905138
950 0.000000 0.012351 500.000000 7.727975
950 0.000021 0.016175 600.000000 8.119080
950 0.000055 0.020290 700.000000 8.235294
950 0.000070 0.019266 800.000000 8.154943
960 0.000000 0.009384 100.000000 8.064516
960 0.000000 0.010222 200.000000 7.299270
960 0.000000 0.006138 300.000000 7.334963
960 0.000000 0.006353 400.000000 7.952286
960 0.000000 0.010940 500.000000 7.751938
960 0.000020 0.015984 600.000000 8.141112
960 0.000066 0.020605 700.000000 8.101851
960 0.000068 0.020958 800.000000 8.171603
970 0.000000 0.009095 100.000000 8.130081
970 0.000000 0.009784 200.000000 7.299270
970 0.000000 0.005675 300.000000 7.371007
970 0.000000 0.006627 400.000000 8.000000
970 0.000000 0.011732 500.000000 7.776050
970 0.000034 0.016723 600.000000 8.174387
970 0.000081 0.021151 700.000000 7.972665
970 0.000071 0.021491 800.000000 8.196721
980 0.000000 0.009900 100.000000 8.264462
980 0.000000 0.009706 200.000000 7.299270
980 0.000000 0.005275 300.000000 7.407407
980 0.000000 0.007129 400.000000 8.048289
980 0.000000 0.012417 500.000000 7.812500
980 0.000041 0.017299 600.000000 8.219178
980 0.000080 0.021484 700.000000 7.936508
980 0.000072 0.021985 800.000000 8.213552
990 0.000000 0.010671 100.000000 8.403361
990 0.000000 0.009660 200.000000 7.352941
990 0.000000 0.005101 300.000000 7.444169
990 0.000000 0.007593 400.000000 8.097166
990 0.000016 0.012949 500.000000 7.849294
990 0.000044 0.017719 600.000000 8.253095
990 0.000077 0.021502 700.000000 7.954545
990 0.000072 0.022133 800.000000 8.238929
1000 0.000000 0.010962 100.000000 8.620689
1000 0.000000 0.009954 200.000000 7.380074
1000 0.000000 0.005179 300.000000 7.518797
1000 0.000000 0.008129 400.000000 8.146640
1000 0.000000 0.013638 500.000000 7.898894
1000 0.000043 0.018400 600.000000 8.298756
1000 0.000076 0.021848 700.000000 7.981756
1000 0.000073 0.022584 800.000000 8.273009
1010 0.000000 0.010337 100.000000 8.849558
1010 0.000000 0.009688 200.000000 7.407407
1010 0.000000 0.005227 300.000000 7.575758
1010 0.000000 0.008609 400.000000 8.196721
1010 0.000008 0.014181 500.000000 7.949126
1010 0.000048 0.018825 600.000000 8.344924
1010 0.000075 0.021828 700.000000 8.018328
1010 0.000075 0.022860 800.000000 8.298756
1020 0.000000 0.010178 100.000000 9.090909
1020 0.000000 0.009366 200.000000 7.352941
1020 0.000000 0.005429 300.000000 7.672634
1020 0.000000 0.009733 400.000000 8.213552
1020 0.000016 0.014969 500.000000 8.000000
1020 0.000053 0.019683 600.000000 8.379889
1020 0.000076 0.022243 700.000000 8.064516
1020 0.000078 0.023386 800.000000 8.333333
1030 0.000000 0.009571 100.000000 9.174312
1030 0.000000 0.008818 200.000000 7.220217
1030 0.000000 0.005704 300.000000 7.731959
1030 0.000000 0.010060 400.000000 8.213552
1030 0.000026 0.015773 500.000000 8.038586
1030 0.000055 0.020443 600.000000 8.415147
1030 0.000077 0.022472 700.000000 8.101851
1030 0.000080 0.023848 800.000000 8.350731
1040 0.000000 0.009875 100.000000 9.090909
1040 0.000000 0.008134 200.000000 7.092198
1040 0.000000 0.006082 300.000000 7.772021
1040 0.000000 0.010765 400.000000 7.984032
1040 0.000029 0.016411 500.000000 8.077544
1040 0.000055 0.021170 600.000000 8.426967
1040 0.000078 0.022763 700.000000 8.120649
1040 0.000079 0.023994 800.000000 8.368201
1050 0.000000 0.010161 100.000000 8.849558
1050 0.000000 0.007722 200.000000 7.042253
1050 0.000000 0.006813 300.000000 7.792208
1050 0.000000 0.012021 400.000000 7.707129
1050 0.000039 0.017659 500.000000 8.090615
1050 0.000060 0.022551 600.000000 8.415147
1050 0.000081 0.023625 700.000000 8.139535
1050 0.000080 0.024685 800.000000 8.368201
1060 0.000000 0.010875 100.000000 7.874016
1060 0.000000 0.006797 200.000000 7.017544
1060 0.000000 0.007559 300.000000 7.812500
1060 0.000015 0.013065 400.000000 7.662835
1060 0.000043 0.018679 500.000000 8.103727
1060 0.000064 0.023596 600.000000 8.379889
1060 0.000083 0.024079 700.000000 8.149011
1060 0.000079 0.024831 800.000000 8.368201
1070 0.000000 0.012500 100.000000 6.993007
1070 0.000000 0.006600 200.000000 6.993007
1070 0.000000 0.008506 300.000000 7.832898
1070 0.000017 0.014248 400.000000 7.648183
1070 0.000048 0.019852 500.000000 8.116883
1070 0.000070 0.024850 600.000000 8.310249
1070 0.000085 0.024833 700.000000 8.158508
1070 0.000080 0.025024 800.000000 8.376964
1080 0.000000 0.012466 100.000000 6.666667
1080 0.000000 0.006817 200.000000 6.993007
1080 0.000000 0.009479 300.000000 7.874016
1080 0.000037 0.015219 400.000000 7.648183
1080 0.000052 0.020582 500.000000 8.143323
1080 0.000088 0.025634 600.000000 8.163265
1080 0.000087 0.025364 700.000000 8.168028
1080 0.000080 0.025292 800.000000 8.394544
1090 0.000000 0.011746 100.000000 6.535948
1090 0.000000 0.006808 200.000000 6.993007
1090 0.000000 0.010482 300.000000 7.915567
1090 0.000046 0.016244 400.000000 7.677543
1090 0.000057 0.021628 500.000000 8.156607
1090 0.000100 0.026232 600.000000 7.947020
1090 0.000088 0.025777 700.000000 8.187135
1090 0.000082 0.025705 800.000000 8.403361
1100 0.000000 0.010833 100.000000 6.493506
1100 0.000000 0.007413 200.000000 6.993007
1100 0.000023 0.011789 300.000000 7.957560
1100 0.000052 0.017786 400.000000 7.692307
1100 0.000068 0.022967 500.000000 8.183306
1100 0.000102 0.027065 600.000000 7.874016
1100 0.000089 0.026735 700.000000 8.196721
1100 0.000083 0.026342 800.000000 8.412198
1110 0.000000 0.010376 100.000000 6.451613
1110 0.000000 0.007675 200.000000 7.017544
1110 0.000033 0.012607 300.000000 7.978724
1110 0.000050 0.018577 400.000000 7.707129
1110 0.000066 0.023448 500.000000 8.210180
1110 0.000096 0.026789 600.000000 7.863696
1110 0.000088 0.026588 700.000000 8.206330
1110 0.000083 0.025957 800.000000 8.412198
1120 0.000000 0.010947 100.000000 6.329114
1120 0.000000 0.008594 200.000000 7.042253
1120 0.000031 0.013931 300.000000 7.978724
1120 0.000049 0.020043 400.000000 7.722008
1120 0.000069 0.024788 500.000000 8.223684
1120 0.000094 0.027321 600.000000 7.874016
1120 0.000090 0.027315 700.000000 8.215962
1120 0.000075 0.026725 800.000000 8.350731
1130 0.000000 0.010952 100.000000 6.097561
1130 0.000000 0.009522 200.000000 7.092198
1130 0.000000 0.015944 300.000000 7.936508
1130 0.000051 0.021364 400.000000 7.751938
1130 0.000073 0.026065 500.000000 8.237232
1130 0.000094 0.027994 600.000000 7.905138
1130 0.000091 0.027861 700.000000 8.225616
1130 0.000082 0.026479 800.000000 8.205129
1140 0.000000 0.011075 100.000000 5.847953
1140 0.000000 0.010370 200.000000 7.142857
1140 0.000037 0.016055 300.000000 7.874016
1140 0.000053 0.022083 400.000000 7.782101
1140 0.000075 0.026696 500.000000 8.264462
1140 0.000096 0.027947 600.000000 7.936508
1140 0.000095 0.028101 700.000000 8.235294
1140 0.000082 0.025695 800.000000 8.171603
1150 0.000000 0.010768 100.000000 5.747127
1150 0.000000 0.011524 200.000000 7.220217
1150 0.000043 0.017334 300.000000 7.518797
1150 0.000058 0.023215 400.000000 7.827789
1150 0.000073 0.027934 500.000000 8.278146
1150 0.000097 0.028476 600.000000 7.968128
1150 0.000098 0.028640 700.000000 8.254717
1150 0.000079 0.025066 800.000000 8.171603
1160 0.000000 0.009955 100.000000 5.780347
1160 0.000000 0.012670 200.000000 7.299270
1160 0.000040 0.018497 300.000000 7.371007
1160 0.000061 0.024085 400.000000 7.889546
1160 0.000077 0.028868 500.000000 8.305648
1160 0.000098 0.028734 600.000000 8.010681
1160 0.000097 0.028877 700.000000 8.284023
1160 0.000080 0.024469 800.000000 8.196721
1170 0.000000 0.010139 100.000000 5.917160
1170 0.000000 0.013511 200.000000 7.434944
1170 0.000048 0.019247 300.000000 7.407407
1170 0.000062 0.024764 400.000000 7.968128
1170 0.000081 0.029477 500.000000 8.347245
1170 0.000099 0.028894 600.000000 8.064516
1170 0.000095 0.028782 700.000000 8.333333
1170 0.000081 0.023811 800.000000 8.238929
1180 0.000000 0.010991 100.000000 6.134969
1180 0.000000 0.014194 200.000000 7.633588
1180 0.000050 0.019926 300.000000 7.500000
1180 0.000065 0.025261 400.000000 8.080808
1180 0.000082 0.029975 500.000000 8.417508
1180 0.000099 0.029104 600.000000 8.141112
1180 0.000093 0.028745 700.000000 8.393286
1180 0.000083 0.023324 800.000000 8.290155
1190 0.000000 0.011376 100.000000 6.369427
1190 0.000000 0.014907 200.000000 7.843137
1190 0.000054 0.020661 300.000000 7.614213
1190 0.000066 0.025834 400.000000 8.196721
1190 0.000084 0.030501 500.000000 8.503402
1190 0.000101 0.029415 600.000000 8.219178
1190 0.000094 0.028804 700.000000 8.464329
1190 0.000083 0.023097 800.000000 8.359457
1200 0.000000 0.011880 100.000000 6.666667
1200 0.000000 0.016116 200.000000 8.064516
1200 0.000064 0.021802 300.000000 7.751938
1200 0.000074 0.027142 400.000000 8.316009
1200 0.000089 0.031829 500.000000 8.576329
1200 0.000104 0.030224 600.000000 8.298756
1200 0.000095 0.029229 700.000000 8.536586
1200 0.000087 0.023036 800.000000 8.421053
1210 0.000000 0.013669 100.000000 6.896552
1210 0.000057 0.018690 200.000000 8.264462
1210 0.000077 0.024717 300.000000 7.853403
1210 0.000084 0.030206 400.000000 8.421053
1210 0.000097 0.034928 500.000000 8.620689
1210 0.000111 0.032791 600.000000 8.368201
1210 0.000100 0.031128 700.000000 8.599508
1210 0.000091 0.023849 800.000000 8.474576
1220 0.000000 0.010442 100.000000 7.142857
1220 0.000000 0.015842 200.000000 8.438819
1220 0.000047 0.021541 300.000000 7.936508
1220 0.000066 0.026564 400.000000 8.510638
1220 0.000090 0.031251 500.000000 8.605852
1220 0.000100 0.028962 600.000000 8.426967
1220 0.000091 0.027536 700.000000 8.652658
1220 0.000084 0.020675 800.000000 8.528785
1230 0.000000 0.009824 100.000000 7.299270
1230 0.000000 0.015848 200.000000 8.620689
1230 0.000051 0.021729 300.000000 8.021390
1230 0.000066 0.026701 400.000000 8.602151
1230 0.000102 0.031467 500.000000 8.488964
1230 0.000100 0.028710 600.000000 8.474576
1230 0.000091 0.027115 700.000000 8.706468
1230 0.000086 0.019788 800.000000 8.565310
1240 0.000000 0.009204 100.000000 7.407407
1240 0.000000 0.014692 200.000000 8.771930
1240 0.000045 0.020447 300.000000 8.086253
1240 0.000063 0.025299 400.000000 8.658009
1240 0.000111 0.029439 500.000000 8.291874
1240 0.000096 0.026819 600.000000 8.522727
1240 0.000087 0.025561 700.000000 8.739077
1240 0.000084 0.017863 800.000000 8.602151
1250 0.000000 0.009476 100.000000 7.462687
1250 0.000000 0.014348 200.000000 8.888889
1250 0.000031 0.019575 300.000000 8.152174
1250 0.000060 0.024199 400.000000 8.714597
1250 0.000107 0.027690 500.000000 8.210180
1250 0.000092 0.025330 600.000000 8.547009
1250 0.000084 0.024247 700.000000 8.760951
1250 0.000081 0.016396 800.000000 8.639309
1260 0.000000 0.010179 100.000000 7.575758
1260 0.000000 0.014092 200.000000 8.968610
1260 0.000000 0.019284 300.000000 8.196721
1260 0.000057 0.023525 400.000000 8.771930
1260 0.000100 0.026395 500.000000 8.196721
1260 0.000089 0.024439 600.000000 8.571428
1260 0.000082 0.023464 700.000000 8.782936
1260 0.000078 0.015118 800.000000 8.667389
1270 0.000000 0.011871 100.000000 7.692307
1270 0.000000 0.015198 200.000000 9.049774
1270 0.000018 0.020316 300.000000 8.241758
1270 0.000061 0.024261 400.000000 8.810573
1270 0.000097 0.026198 500.000000 8.223684
1270 0.000091 0.024713 600.000000 8.595988
1270 0.000083 0.023562 700.000000 8.760951
1270 0.000078 0.014402 800.000000 8.695652
1280 0.000000 0.012180 100.000000 7.936508
1280 0.000000 0.015572 200.000000 9.132421
1280 0.000011 0.020506 300.000000 8.333333
1280 0.000065 0.024395 400.000000 8.888889
1280 0.000095 0.025700 500.000000 8.291874
1280 0.000093 0.024607 600.000000 8.633094
1280 0.000075 0.023883 700.000000 8.717310
1280 0.000077 0.013848 800.000000 8.733624
1290 0.000000 0.012136 100.000000 8.264462
1290 0.000000 0.017857 200.000000 9.259259
1290 0.000034 0.021102 300.000000 8.450705
1290 0.000074 0.024980 400.000000 8.988764
1290 0.000098 0.025850 500.000000 8.361204
1290 0.000096 0.024909 600.000000 8.695652
1290 0.000080 0.023818 700.000000 8.631319
1290 0.000079 0.013680 800.000000 8.781559
1300 0.000000 0.015032 100.000000 8.620689
1300 0.000000 0.020126 200.000000 9.389671
1300 0.000055 0.024879 300.000000 8.595988
1300 0.000084 0.028828 400.000000 9.090909
1300 0.000107 0.028852 500.000000 8.445946
1300 0.000104 0.027803 600.000000 8.759124
1300 0.000091 0.025540 700.000000 8.620689
1300 0.000086 0.014426 800.000000 8.839779
1310 0.000000 0.011879 100.000000 9.090909
1310 0.000000 0.016243 200.000000 9.478673
1310 0.000030 0.020893 300.000000 8.720930
1310 0.000071 0.024686 400.000000 9.174312
1310 0.000100 0.024642 500.000000 8.532423
1310 0.000099 0.024330 600.000000 8.823529
1310 0.000083 0.022532 700.000000 8.641975
1310 0.000081 0.013020 800.000000 8.888889
1320 0.000000 0.012091 100.000000 9.433962
1320 0.000020 0.016040 200.000000 9.049774
1320 0.000031 0.020283 300.000000 8.849558
1320 0.000068 0.024068 400.000000 9.259259
1320 0.000098 0.023587 500.000000 8.605852
1320 0.000096 0.023526 600.000000 8.875740
1320 0.000080 0.021365 700.000000 8.674102
1320 0.000078 0.012653 800.000000 8.938547
1330 0.000000 0.011871 100.000000 9.708738
1330 0.000000 0.015720 200.000000 8.510638
1330 0.000021 0.019540 300.000000 8.928572
1330 0.000063 0.023436 400.000000 9.280743
1330 0.000097 0.022410 500.000000 8.650519
1330 0.000095 0.022737 600.000000 8.902077
1330 0.000077 0.020033 700.000000 8.695652
1330 0.000077 0.012339 800.000000 8.968610
1340 0.000000 0.011992 100.000000 9.900990
1340 0.000000 0.015606 200.000000 8.403361
1340 0.000021 0.019569 300.000000 8.982036
1340 0.000065 0.023389 400.000000 9.280743
1340 0.000097 0.021733 500.000000 8.680555
1340 0.000092 0.022237 600.000000 8.928572
1340 0.000078 0.018839 700.000000 8.717310
1340 0.000077 0.012245 800.000000 8.998875
1350 0.000000 0.011722 100.000000 10.101010
1350 0.000000 0.016110 200.000000 8.368201
1350 0.000026 0.020276 300.000000 9.036144
1350 0.000072 0.024267 400.000000 9.195402
1350 0.000099 0.022165 500.000000 8.710801
1350 0.000090 0.022334 600.000000 8.941877
1350 0.000081 0.018180 700.000000 8.739077
1350 0.000077 0.012438 800.000000 9.009009
1360 0.000000 0.013002 100.000000 10.204082
1360 0.000000 0.016963 200.000000 8.368201
1360 0.000043 0.021140 300.000000 9.063444
1360 0.000092 0.025235 400.000000 9.029346
1360 0.000102 0.022597 500.000000 8.726004
1360 0.000090 0.022601 600.000000 8.968610
1360 0.000083 0.017545 700.000000 8.760951
1360 0.000077 0.012694 800.000000 9.029346
1370 0.000000 0.012052 100.000000 10.416667
1370 0.000000 0.016614 200.000000 8.438819
1370 0.000039 0.020750 300.000000 9.118541
1370 0.000110 0.024543 400.000000 8.658009
1370 0.000099 0.021940 500.000000 8.756567
1370 0.000089 0.022103 600.000000 8.982036
1370 0.000084 0.016391 700.000000 8.782936
1370 0.000077 0.012924 800.000000 9.039548
1380 0.000000 0.011979 100.000000 10.638298
1380 0.000000 0.016516 200.000000 8.474576
1380 0.000053 0.020393 300.000000 9.174312
1380 0.000120 0.023771 400.000000 8.403361
1380 0.000098 0.021578 500.000000 8.771930
1380 0.000088 0.022060 600.000000 8.995502
1380 0.000084 0.015722 700.000000 8.805032
1380 0.000076 0.013517 800.000000 9.049774
1390 0.000036 0.012327 100.000000 10.752688
1390 0.000026 0.016784 200.000000 8.510638
1390 0.000065 0.020717 300.000000 9.202454
1390 0.000115 0.023069 400.000000 8.350731
1390 0.000099 0.021627 500.000000 8.787346
1390 0.000090 0.022317 600.000000 8.995502
1390 0.000082 0.015182 700.000000 8.827238
1390 0.000077 0.014045 800.000000 9.049774
1400 0.000000 0.012525 100.000000 10.752688
1400 0.000000 0.017014 200.000000 8.510638
1400 0.000061 0.020505 300.000000 9.230769
1400 0.000108 0.022013 400.000000 8.350731
1400 0.000099 0.021583 500.000000 8.771930
1400 0.000090 0.022226 600.000000 8.928572
1400 0.000081 0.014421 700.000000 8.838384
1400 0.000076 0.014632 800.000000 9.039548
1410 0.000081 0.016176 100.000000 10.309278
1410 0.000000 0.016367 200.000000 8.510638
1410 0.000065 0.019682 300.000000 9.202454
1410 0.000101 0.020132 400.000000 8.368201
1410 0.000100 0.020713 500.000000 8.771930
1410 0.000083 0.022013 600.000000 8.670520
1410 0.000078 0.013936 700.000000 8.849558
1410 0.000076 0.015459 800.000000 8.978676
1420 0.000000 0.012959 100.000000 9.615385
1420 0.000000 0.016475 200.000000 8.510638
1420 0.000061 0.019567 300.000000 9.174312
1420 0.000100 0.019285 400.000000 8.385744
1420 0.000098 0.020744 500.000000 8.756567
1420 0.000081 0.021132 600.000000 8.559201
1420 0.000078 0.013871 700.000000 8.849558
1420 0.000085 0.016150 800.000000 8.064516
1430 0.000000 0.013495 100.000000 7.575758
1430 0.000000 0.016660 200.000000 8.510638
1430 0.000057 0.019948 300.000000 9.118541
1430 0.000100 0.019050 400.000000 8.385744
1430 0.000100 0.021004 500.000000 8.741259
1430 0.000076 0.019961 600.000000 8.522727
1430 0.000076 0.013972 700.000000 8.860760
1430 0.000097 0.015845 800.000000 7.984032
1440 0.000000 0.012900 100.000000 7.194244
1440 0.000000 0.015762 200.000000 8.547009
1440 0.000058 0.019213 300.000000 9.036144
1440 0.000097 0.017876 400.000000 8.403361
1440 0.000091 0.020109 500.000000 8.726004
1440 0.000077 0.018480 600.000000 8.522727
1440 0.000074 0.014131 700.000000 8.860760
1440 0.000092 0.015195 800.000000 7.968128
1450 0.000000 0.013090 100.000000 7.042253
1450 0.000000 0.016255 200.000000 8.510638
1450 0.000059 0.019644 300.000000 8.849558
1450 0.000097 0.017918 400.000000 8.403361
1450 0.000089 0.019910 500.000000 8.726004
1450 0.000078 0.017440 600.000000 8.534851
1450 0.000073 0.014469 700.000000 8.860760
1450 0.000091 0.014639 800.000000 7.968128
1460 0.000000 0.013340 100.000000 6.993007
1460 0.000000 0.015853 200.000000 8.510638
1460 0.000092 0.019624 300.000000 8.403361
1460 0.000095 0.017820 400.000000 8.385744
1460 0.000086 0.019687 500.000000 8.710801
1460 0.000076 0.016445 600.000000 8.534851
1460 0.000071 0.014863 700.000000 8.849558
1460 0.000088 0.014162 800.000000 7.968128
1470 0.000000 0.011536 100.000000 6.944445
1470 0.000000 0.014185 200.000000 8.510638
1470 0.000116 0.017219 300.000000 7.874016
1470 0.000084 0.016268 400.000000 8.368201
1470 0.000077 0.018799 500.000000 8.710801
1470 0.000074 0.015289 600.000000 8.534851
1470 0.000066 0.015407 700.000000 8.838384
1470 0.000085 0.013869 800.000000 7.968128
1480 0.000000 0.011468 100.000000 6.944445
1480 0.000000 0.014067 200.000000 8.510638
1480 0.000097 0.016075 300.000000 7.731959
1480 0.000082 0.016442 400.000000 8.368201
1480 0.000076 0.019385 500.000000 8.680555
1480 0.000069 0.014941 600.000000 8.547009
1480 0.000066 0.016053 700.000000 8.827238
1480 0.000085 0.013568 800.000000 7.960199
1490 0.000000 0.011030 100.000000 6.944445
1490 0.000000 0.013230 200.000000 8.547009
1490 0.000083 0.014615 300.000000 7.731959
1490 0.000081 0.016207 400.000000 8.368201
1490 0.000072 0.019197 500.000000 8.635578
1490 0.000066 0.014679 600.000000 8.559201
1490 0.000065 0.016652 700.000000 8.827238
1490 0.000085 0.013448 800.000000 7.968128
1500 0.000000 0.015951 100.000000 7.092198
1500 0.000067 0.018926 200.000000 8.620689
1500 0.000115 0.019805 300.000000 7.792208
1500 0.000107 0.021697 400.000000 8.403361
1500 0.000079 0.024707 500.000000 8.488964
1500 0.000081 0.016714 600.000000 8.595988
1500 0.000080 0.018475 700.000000 8.816121
1500 0.000095 0.013460 800.000000 7.984032
1510 0.000361 0.039980 100.000000 7.246377
1510 0.000237 0.042738 200.000000 8.733624
1510 0.000215 0.040901 300.000000 7.874016
1510 0.000179 0.040017 400.000000 8.438819
1510 0.000144 0.038126 500.000000 8.333333
1510 0.000132 0.023259 600.000000 8.645534
1510 0.000122 0.022851 700.000000 8.771930
1510 0.000130 0.013398 800.000000 8.008008
1520 0.000000 0.009589 100.000000 7.462687
1520 0.000000 0.012021 200.000000 8.849558
1520 0.000077 0.012193 300.000000 7.957560
1520 0.000088 0.016243 400.000000 8.510638
1520 0.000065 0.019178 500.000000 8.333333
1520 0.000065 0.014796 600.000000 8.695652
1520 0.000079 0.018265 700.000000 7.874016
1520 0.000083 0.013685 800.000000 8.040201
1530 0.000000 0.009549 100.000000 7.874016
1530 0.000000 0.012081 200.000000 9.090909
1530 0.000069 0.012141 300.000000 8.108109
1530 0.000082 0.016348 400.000000 8.620689
1530 0.000060 0.018850 500.000000 8.403361
1530 0.000061 0.014962 600.000000 8.784773
1530 0.000094 0.018256 700.000000 7.874016
1530 0.000082 0.013652 800.000000 8.088979
1540 0.000000 0.009419 100.000000 8.403361
1540 0.000000 0.012169 200.000000 9.433962
1540 0.000068 0.012298 300.000000 8.287292
1540 0.000081 0.016613 400.000000 8.771930
1540 0.000057 0.018846 500.000000 8.517887
1540 0.000061 0.015115 600.000000 8.888889
1540 0.000094 0.018284 700.000000 7.927520
1540 0.000082 0.013654 800.000000 8.154943
1550 0.000000 0.008936 100.000000 9.009009
1550 0.000000 0.012042 200.000000 9.756098
1550 0.000076 0.012142 300.000000 8.498584
1550 0.000086 0.016638 400.000000 8.908686
1550 0.000059 0.018587 500.000000 8.635578
1550 0.000063 0.015156 600.000000 8.995502
1550 0.000096 0.018264 700.000000 7.990868
1550 0.000082 0.013660 800.000000 8.221993
1560 0.000000 0.009556 100.000000 9.615385
1560 0.000000 0.012627 200.000000 10.050251
1560 0.000079 0.012280 300.000000 8.670520
1560 0.000090 0.017108 400.000000 9.049774
1560 0.000060 0.018655 500.000000 8.726004
1560 0.000064 0.015408 600.000000 9.090909
1560 0.000096 0.018156 700.000000 8.036739
1560 0.000083 0.013772 800.000000 8.281573
1570 0.000000 0.009690 100.000000 10.000000
1570 0.000000 0.012857 200.000000 10.256411
1570 0.000082 0.012359 300.000000 8.797654
1570 0.000083 0.017106 400.000000 9.132421
1570 0.000061 0.018133 500.000000 8.787346
1570 0.000065 0.015603 600.000000 9.160305
1570 0.000093 0.017757 700.000000 8.064516
1570 0.000083 0.013844 800.000000 8.316009
1580 0.000000 0.009080 100.000000 10.416667
1580 0.000000 0.012264 200.000000 10.256411
1580 0.000078 0.012034 300.000000 8.875740
1580 0.000080 0.016845 400.000000 9.195402
1580 0.000065 0.017243 500.000000 8.833922
1580 0.000065 0.015846 600.000000 9.202454
1580 0.000088 0.017230 700.000000 8.083141
1580 0.000082 0.014098 800.000000 8.350731
1590 0.000000 0.010018 100.000000 10.638298
1590 0.000000 0.013551 200.000000 10.050251
1590 0.000089 0.013227 300.000000 8.928572
1590 0.000081 0.017694 400.000000 9.237875
1590 0.000069 0.017343 500.000000 8.880995
1590 0.000067 0.016544 600.000000 9.230769
1590 0.000089 0.016984 700.000000 8.101851
1590 0.000083 0.014338 800.000000 8.368201
1600 0.000000 0.009363 100.000000 10.752688
1600 0.000073 0.012856 200.000000 9.433962
1600 0.000084 0.012534 300.000000 8.928572
1600 0.000075 0.017014 400.000000 9.259259
1600 0.000068 0.016231 500.000000 8.896797
1600 0.000062 0.016673 600.000000 9.244992
1600 0.000084 0.016317 700.000000 8.111239
1600 0.000080 0.014623 800.000000 8.376964
1610 0.000000 0.009683 100.000000 10.752688
1610 0.000113 0.012159 200.000000 8.510638
1610 0.000077 0.012533 300.000000 8.955224
1610 0.000071 0.017519 400.000000 9.259259
1610 0.000069 0.016172 500.000000 8.912656
1610 0.000060 0.017333 600.000000 9.244992
1610 0.000084 0.016011 700.000000 8.120649
1610 0.000079 0.015120 800.000000 8.376964
1620 0.000000 0.009318 100.000000 10.869565
1620 0.000098 0.010923 200.000000 8.196721
1620 0.000076 0.012982 300.000000 8.955224
1620 0.000069 0.018046 400.000000 9.259259
1620 0.000065 0.016155 500.000000 8.944544
1620 0.000061 0.017991 600.000000 9.244992
1620 0.000083 0.015777 700.000000 8.120649
1620 0.000079 0.015661 800.000000 8.368201
1630 0.000000 0.009058 100.000000 10.869565
1630 0.000086 0.009703 200.000000 8.130081
1630 0.000080 0.013728 300.000000 8.928572
1630 0.000069 0.018952 400.000000 9.195402
1630 0.000064 0.016282 500.000000 8.960573
1630 0.000061 0.018869 600.000000 9.216590
1630 0.000084 0.015696 700.000000 8.120649
1630 0.000079 0.016277 800.000000 8.368201
1640 0.000000 0.009324 100.000000 10.869565
1640 0.000081 0.008935 200.000000 8.163265
1640 0.000089 0.014768 300.000000 8.928572
1640 0.000054 0.021107 400.000000 8.908686
1640 0.000063 0.016692 500.000000 8.960573
1640 0.000066 0.019821 600.000000 9.174312
1640 0.000086 0.015750 700.000000 8.120649
1640 0.000080 0.016908 800.000000 8.376964
1650 0.000000 0.008466 100.000000 10.752688
1650 0.000078 0.007914 200.000000 8.196721
1650 0.000099 0.015797 300.000000 8.875740
1650 0.000069 0.020780 400.000000 8.583691
1650 0.000064 0.017056 500.000000 8.976661
1650 0.000071 0.020673 600.000000 8.941877
1650 0.000084 0.015664 700.000000 8.111239
1650 0.000080 0.017457 800.000000 8.376964
1660 0.000000 0.008678 100.000000 10.526316
1660 0.000076 0.007861 200.000000 8.196721
1660 0.000097 0.015944 300.000000 8.849558
1660 0.000059 0.019548 400.000000 8.510638
1660 0.000061 0.017273 500.000000 8.976661
1660 0.000102 0.020433 600.000000 7.822686
1660 0.000082 0.015555 700.000000 8.111239
1660 0.000078 0.018001 800.000000 8.368201
1670 0.000000 0.009271 100.000000 10.204082
1670 0.000084 0.008700 200.000000 8.230453
1670 0.000094 0.016554 300.000000 8.823529
1670 0.000060 0.018718 400.000000 8.492569
1670 0.000063 0.017678 500.000000 8.976661
1670 0.000091 0.019450 600.000000 7.782101
1670 0.000082 0.015698 700.000000 8.111239
1670 0.000103 0.018871 800.000000 8.350731
1680 0.000000 0.010306 100.000000 9.708738
1680 0.000091 0.009947 200.000000 8.230453
1680 0.000086 0.017313 300.000000 8.823529
1680 0.000064 0.018623 400.000000 8.492569
1680 0.000061 0.018508 500.000000 8.976661
1680 0.000089 0.019062 600.000000 7.782101
1680 0.000082 0.015907 700.000000 8.111239
1680 0.000105 0.019465 800.000000 8.342023
1690 0.000000 0.010165 100.000000 8.620689
1690 0.000092 0.011489 200.000000 8.196721
1690 0.000082 0.018124 300.000000 8.823529
1690 0.000068 0.018287 400.000000 8.510638
1690 0.000060 0.019006 500.000000 8.976661
1690 0.000084 0.018410 600.000000 7.782101
1690 0.000079 0.016088 700.000000 8.111239
1690 0.000104 0.020092 800.000000 8.333333
1700 0.000144 0.009342 100.000000 7.042253
1700 0.000082 0.012390 200.000000 8.196721
1700 0.000075 0.019047 300.000000 8.797654
1700 0.000070 0.018181 400.000000 8.510638
1700 0.000057 0.019483 500.000000 8.960573
1700 0.000083 0.017878 600.000000 7.782101
1700 0.000079 0.016261 700.000000 8.101851
1700 0.000104 0.020849 800.000000 8.333333
1710 0.000104 0.007211 100.000000 6.493506
1710 0.000070 0.012989 200.000000 8.163265
1710 0.000066 0.019197 300.000000 8.771930
1710 0.000060 0.018005 400.000000 8.528785
1710 0.000055 0.019816 500.000000 8.944544
1710 0.000081 0.017206 600.000000 7.782101
1710 0.000076 0.016530 700.000000 8.092485
1710 0.000103 0.021343 800.000000 8.333333
1720 0.000050 0.004346 100.000000 6.451613
1720 0.000070 0.013780 200.000000 8.130081
1720 0.000058 0.019415 300.000000 8.695652
1720 0.000053 0.017474 400.000000 8.547009
1720 0.000052 0.019683 500.000000 8.928572
1720 0.000080 0.016223 600.000000 7.772021
1720 0.000075 0.016403 700.000000 8.092485
1720 0.000103 0.021717 800.000000 8.333333
1730 0.000000 0.003966 100.000000 6.451613
1730 0.000073 0.014337 200.000000 8.130081
1730 0.000028 0.021158 300.000000 8.379889
1730 0.000046 0.017184 400.000000 8.565310
1730 0.000055 0.020084 500.000000 8.865249
1730 0.000079 0.015821 600.000000 7.772021
1730 0.000074 0.016772 700.000000 8.092485
1730 0.000101 0.022390 800.000000 8.324662
1740 0.000000 0.004476 100.000000 6.535948
1740 0.000079 0.014684 200.000000 8.130081
1740 0.000053 0.020350 300.000000 8.021390
1740 0.000048 0.017446 400.000000 8.583691
1740 0.000060 0.020508 500.000000 8.680555
1740 0.000077 0.015575 600.000000 7.782101
1740 0.000074 0.017306 700.000000 8.101851
1740 0.000103 0.023236 800.000000 8.316009
1750 0.000000 0.006516 100.000000 6.622517
1750 0.000097 0.016022 200.000000 8.130081
1750 0.000044 0.020068 300.000000 7.957560
1750 0.000050 0.017874 400.000000 8.620689
1750 0.000104 0.020796 500.000000 7.440476
1750 0.000079 0.015674 600.000000 7.792208
1750 0.000075 0.017861 700.000000 8.111239
1750 0.000104 0.024171 800.000000 8.324662
1760 0.000000 0.007765 100.000000 6.711410
1760 0.000106 0.016868 200.000000 8.163265
1760 0.000038 0.019386 300.000000 7.978724
1760 0.000049 0.018132 400.000000 8.658009
1760 0.000093 0.019909 500.000000 7.407407
1760 0.000077 0.015591 600.000000 7.802341
1760 0.000074 0.018007 700.000000 8.120649
1760 0.000104 0.024669 800.000000 8.342023
1770 0.000000 0.009323 100.000000 6.849315
1770 0.000087 0.016604 200.000000 8.230453
1770 0.000040 0.018373 300.000000 8.042895
1770 0.000047 0.018014 400.000000 8.695652
1770 0.000084 0.018815 500.000000 7.429420
1770 0.000075 0.015180 600.000000 7.832898
1770 0.000102 0.018207 700.000000 8.130081
1770 0.000104 0.024920 800.000000 8.368201
1780 0.000014 0.011266 100.000000 7.042253
1780 0.000079 0.017008 200.000000 8.368201
1780 0.000043 0.017814 300.000000 8.108109
1780 0.000044 0.017799 400.000000 8.771930
1780 0.000082 0.017954 500.000000 7.462687
1780 0.000074 0.014727 600.000000 7.874016
1780 0.000103 0.018200 700.000000 8.158508
1780 0.000103 0.025231 800.000000 8.403361
1790 0.000000 0.011211 100.000000 7.246377
1790 0.000078 0.015918 200.000000 8.510638
1790 0.000041 0.016720 300.000000 8.219178
1790 0.000040 0.017070 400.000000 8.869180
1790 0.000075 0.016596 500.000000 7.518797
1790 0.000069 0.014157 600.000000 7.926024
1790 0.000100 0.017996 700.000000 8.196721
1790 0.000100 0.024985 800.000000 8.447730
1800 0.000051 0.010872 100.000000 7.575758
1800 0.000070 0.015066 200.000000 8.733624
1800 0.000043 0.015769 300.000000 8.356546
1800 0.000035 0.016356 400.000000 8.968610
1800 0.000070 0.015630 500.000000 7.587254
1800 0.000067 0.013750 600.000000 7.978724
1800 0.000099 0.017864 700.000000 8.244994
1800 0.000098 0.024801 800.000000 8.501594
1810 0.000000 0.007243 100.000000 8.000000
1810 0.000051 0.010929 200.000000 9.009009
1810 0.000023 0.012354 300.000000 8.522727
1810 0.000013 0.013927 400.000000 9.111617
1810 0.000061 0.013216 500.000000 7.656968
1810 0.000059 0.012489 600.000000 8.053691
1810 0.000094 0.016837 700.000000 8.313540
1810 0.000094 0.023883 800.000000 8.565310
1820 0.000000 0.007702 100.000000 8.474576
1820 0.000039 0.010925 200.000000 9.302325
1820 0.000021 0.012399 300.000000 8.720930
1820 0.000017 0.013901 400.000000 9.259259
1820 0.000061 0.012960 500.000000 7.751938
1820 0.000059 0.012563 600.000000 8.130081
1820 0.000093 0.017128 700.000000 8.383233
1820 0.000094 0.024182 800.000000 8.629990
1830 0.000000 0.007961 100.000000 9.009009
1830 0.000000 0.009689 200.000000 9.615385
1830 0.000000 0.010810 300.000000 8.902077
1830 0.000000 0.012573 400.000000 9.411765
1830 0.000056 0.011826 500.000000 7.836991
1830 0.000057 0.011918 600.000000 8.207934
1830 0.000092 0.016802 700.000000 8.464329
1830 0.000091 0.024060 800.000000 8.695652
1840 0.000000 0.007296 100.000000 9.615385
1840 0.000000 0.007916 200.000000 9.950249
1840 0.000000 0.009537 300.000000 9.118541
1840 0.000000 0.011266 400.000000 9.569378
1840 0.000048 0.010566 500.000000 7.923930
1840 0.000051 0.011260 600.000000 8.287292
1840 0.000088 0.016260 700.000000 8.536586
1840 0.000087 0.023328 800.000000 8.771930
1850 0.000000 0.007262 100.000000 10.204082
1850 0.000000 0.006398 200.000000 10.309278
1850 0.000000 0.008072 300.000000 9.287926
1850 0.000000 0.010087 400.000000 9.708738
1850 0.000044 0.009286 500.000000 8.012820
1850 0.000047 0.010660 600.000000 8.356546
1850 0.000085 0.015838 700.000000 8.610086
1850 0.000084 0.022977 800.000000 8.830022
1860 0.000000 0.007808 100.000000 10.752688
1860 0.000000 0.007836 200.000000 10.526316
1860 0.000000 0.009105 300.000000 9.433962
1860 0.000000 0.010946 400.000000 9.803922
1860 0.000049 0.009628 500.000000 8.064516
1860 0.000051 0.011330 600.000000 8.403361
1860 0.000089 0.016557 700.000000 8.663366
1860 0.000086 0.023767 800.000000 8.879024
1870 0.000000 0.008289 100.000000 10.869565
1870 0.000000 0.009031 200.000000 10.582010
1870 0.000000 0.010126 300.000000 9.523809
1870 0.000000 0.011986 400.000000 9.852217
1870 0.000053 0.010105 500.000000 8.090615
1870 0.000054 0.012145 600.000000 8.426967
1870 0.000092 0.017568 700.000000 8.684863
1880 0.000000 0.008776 100.000000 10.869565
1880 0.000000 0.015629 200.000000 10.152285
1880 0.000000 0.010937 300.000000 9.554140
1880 0.000000 0.012840 400.000000 9.803922
1880 0.000059 0.010350 500.000000 8.090615
1880 0.000058 0.012962 600.000000 8.426967
1880 0.000093 0.018774 700.000000 8.674102
1890 0.000112 0.009036 100.000000 10.638298
1890 0.000000 0.012466 200.000000 9.049774
1890 0.000000 0.011155 300.000000 9.523809
1890 0.000022 0.013504 400.000000 9.546539
1890 0.000062 0.010493 500.000000 8.077544
1890 0.000061 0.013704 600.000000 8.426967
1890 0.000096 0.019981 700.000000 8.641975
1900 0.000105 0.008097 100.000000 10.416667
1900 0.000000 0.011188 200.000000 8.810573
1900 0.000000 0.011230 300.000000 9.523809
1900 0.000081 0.013181 400.000000 7.648183
1900 0.000059 0.010384 500.000000 8.051530
1900 0.000058 0.014198 600.000000 8.415147
1900 0.000096 0.020827 700.000000 8.631319
1910 0.000101 0.007275 100.000000 10.204082
1910 0.000000 0.010439 200.000000 8.733624
1910 0.000000 0.011118 300.000000 9.523809
1910 0.000072 0.011946 400.000000 7.575758
1910 0.000057 0.010205 500.000000 8.038586
1910 0.000093 0.014414 600.000000 8.379889
1910 0.000096 0.021640 700.000000 8.620689
1920 0.000096 0.006533 100.000000 10.204082
1920 0.000000 0.009837 200.000000 8.733624
1920 0.000000 0.011154 300.000000 9.523809
1920 0.000060 0.010856 400.000000 7.561437
1920 0.000056 0.010214 500.000000 8.051530
1920 0.000095 0.014768 600.000000 8.368201
1920 0.000095 0.022381 700.000000 8.620689
1930 0.000064 0.006875 100.000000 10.204082
1930 0.000000 0.010044 200.000000 8.771930
1930 0.000000 0.011757 300.000000 9.523809
1930 0.000054 0.010702 400.000000 7.561437
1930 0.000055 0.010886 500.000000 8.051530
1930 0.000095 0.015815 600.000000 8.356546
1930 0.000096 0.023415 700.000000 8.631319
1940 0.000085 0.007047 100.000000 10.204082
1940 0.000000 0.010001 200.000000 8.810573
1940 0.000000 0.011770 300.000000 9.523809
1940 0.000055 0.010359 400.000000 7.575758
1940 0.000056 0.011203 500.000000 8.051530
1940 0.000097 0.016624 600.000000 8.368201
1940 0.000094 0.024263 700.000000 8.641975
1950 0.000014 0.007863 100.000000 10.204082
1950 0.000000 0.010932 200.000000 8.849558
1950 0.000000 0.012285 300.000000 9.523809
1950 0.000057 0.010286 400.000000 7.575758
1950 0.000057 0.012071 500.000000 8.051530
1950 0.000099 0.017822 600.000000 8.368201
1950 0.000094 0.025381 700.000000 8.652658
1960 0.000000 0.008478 100.000000 10.101010
1960 0.000000 0.011604 200.000000 8.888889
1960 0.000000 0.013055 300.000000 9.493670
1960 0.000057 0.010480 400.000000 7.575758
1960 0.000058 0.013068 500.000000 8.038586
1960 0.000100 0.018899 600.000000 8.379889
1970 0.000000 0.014110 100.000000 9.433962
1970 0.000000 0.011559 200.000000 8.928572
1970 0.000000 0.012973 300.000000 9.433962
1970 0.000058 0.010131 400.000000 7.590133
1970 0.000058 0.013611 500.000000 8.051530
1970 0.000100 0.019887 600.000000 8.379889
1980 0.000000 0.014059 100.000000 8.000000
1980 0.000000 0.011521 200.000000 9.009009
1980 0.000000 0.013527 300.000000 9.287926
1980 0.000056 0.010541 400.000000 7.590133
1980 0.000058 0.014592 500.000000 8.064516
1980 0.000100 0.021305 600.000000 8.368201
1990 0.000000 0.013251 100.000000 7.633588
1990 0.000000 0.011914 200.000000 9.049774
1990 0.000000 0.013427 300.000000 7.109005
1990 0.000054 0.010583 400.000000 7.604563
1990 0.000058 0.015197 500.000000 8.077544
1990 0.000104 0.022163 600.000000 8.368201
2000 0.000000 0.012638 100.000000 7.518797
2000 0.000000 0.011985 200.000000 9.132421
2000 0.000082 0.012892 300.000000 6.976744
2000 0.000056 0.011087 400.000000 7.604563
2000 0.000056 0.015984 500.000000 8.077544
2000 0.000104 0.023451 600.000000 8.379889
2010 0.000000 0.013285 100.000000 7.575758
2010 0.000000 0.013134 200.000000 9.132421
2010 0.000075 0.012593 300.000000 6.944445
2010 0.000063 0.011872 400.000000 7.619048
2010 0.000106 0.017049 500.000000 8.064516
2010 0.000108 0.025125 600.000000 8.391608
2020 0.000000 0.013839 100.000000 7.575758
2020 0.000000 0.013809 200.000000 9.174312
2020 0.000071 0.012696 300.000000 6.944445
2020 0.000064 0.012724 400.000000 7.633588
2020 0.000109 0.018306 500.000000 8.051530
2020 0.000109 0.026619 600.000000 8.403361
2030 0.000000 0.013400 100.000000 7.633588
2030 0.000000 0.014401 200.000000 9.174312
2030 0.000069 0.012798 300.000000 6.944445
2030 0.000066 0.014107 400.000000 7.633588
2030 0.000114 0.020006 500.000000 8.051530
2030 0.000111 0.028367 600.000000 8.403361
2040 0.000000 0.013441 100.000000 7.692307
2040 0.000000 0.014820 200.000000 9.132421
2040 0.000070 0.012200 300.000000 6.944445
2040 0.000070 0.014714 400.000000 7.633588
2040 0.000115 0.021141 500.000000 8.051530
2040 0.000109 0.029229 600.000000 8.415147
2050 0.000000 0.014846 100.000000 7.751938
2050 0.000000 0.015268 200.000000 9.132421
2050 0.000076 0.012698 300.000000 6.960557
2050 0.000070 0.016202 400.000000 7.619048
2050 0.000119 0.022378 500.000000 8.077544
2060 0.000000 0.015266 100.000000 7.936508
2060 0.000016 0.015158 200.000000 9.174312
2060 0.000085 0.012396 300.000000 6.993007
2060 0.000076 0.016633 400.000000 7.648183
2060 0.000121 0.023317 500.000000 8.090615
2070 0.000000 0.014693 100.000000 8.196721
2070 0.000000 0.014970 200.000000 9.302325
2070 0.000083 0.011969 300.000000 7.058824
2070 0.000075 0.016508 400.000000 7.707129
2070 0.000119 0.023242 500.000000 8.143323
2080 0.000083 0.015867 100.000000 8.620689
2080 0.000071 0.018510 200.000000 9.478673
2080 0.000116 0.017410 300.000000 7.142857
2080 0.000096 0.022556 400.000000 7.797271
2080 0.000133 0.029563 500.000000 8.210180
2090 0.000048 0.014808 100.000000 9.259259
2090 0.000056 0.016961 200.000000 9.756098
2090 0.000107 0.015635 300.000000 7.263923
2090 0.000091 0.020917 400.000000 7.905138
2090 0.000127 0.027937 500.000000 8.305648
2100 0.000000 0.014878 100.000000 9.900990
2100 0.000000 0.016343 200.000000 9.950249
2100 0.000097 0.014237 300.000000 7.389163
2100 0.000084 0.019797 400.000000 8.016032
2100 0.000125 0.026723 500.000000 8.403361
2110 0.000000 0.014711 100.000000 10.526316
2110 0.000000 0.016095 200.000000 9.950249
2110 0.000078 0.013851 300.000000 7.500000
2110 0.000075 0.019061 400.000000 8.130081
2110 0.000122 0.026288 500.000000 8.474576
2120 0.000000 0.015084 100.000000 10.989011
2120 0.000000 0.015300 200.000000 6.849315
2120 0.000069 0.012764 300.000000 7.575758
2120 0.000067 0.018327 400.000000 8.179959
2120 0.000119 0.025615 500.000000 8.517887
2130 0.000000 0.016519 100.000000 11.235955
2130 0.000146 0.015891 200.000000 6.688963
2130 0.000083 0.014596 300.000000 7.594937
2130 0.000075 0.020309 400.000000 8.213552
2130 0.000124 0.028166 500.000000 8.547009
2140 0.000000 0.016589 100.000000 11.363636
2140 0.000110 0.013842 200.000000 6.644518
2140 0.000083 0.014659 300.000000 7.614213
2140 0.000125 0.019967 400.000000 8.196721
2140 0.000124 0.028543 500.000000 8.561644
2150 0.000000 0.015115 100.000000 11.363636
2150 0.000087 0.011655 200.000000 6.622517
2150 0.000070 0.013355 300.000000 7.614213
2150 0.000124 0.019195 400.000000 8.163265
2150 0.000119 0.028272 500.000000 8.561644
2160 0.000000 0.014189 100.000000 11.235955
2160 0.000069 0.009916 200.000000 6.622517
2160 0.000064 0.013603 300.000000 7.594937
2160 0.000124 0.019924 400.000000 8.130081
2160 0.000118 0.028820 500.000000 8.561644
2170 0.000000 0.012209 100.000000 11.111111
2170 0.000053 0.008246 200.000000 6.600660
2170 0.000058 0.013524 300.000000 7.575758
2170 0.000120 0.020255 400.000000 8.130081
2170 0.000113 0.029074 500.000000 8.547009
2180 0.000000 0.012039 100.000000 10.869565
2180 0.000073 0.008285 200.000000 6.578948
2180 0.000068 0.015287 300.000000 7.537688
2180 0.000127 0.022096 400.000000 8.130081
2190 0.000000 0.011595 100.000000 10.526316
2190 0.000083 0.009571 200.000000 6.557377
2190 0.000073 0.016969 300.000000 7.518797
2190 0.000129 0.024055 400.000000 8.097166
2200 0.000000 0.011681 100.000000 9.900990
2200 0.000089 0.009976 200.000000 6.535948
2200 0.000073 0.017715 300.000000 7.518797
2200 0.000129 0.024995 400.000000 8.064516
2210 0.000117 0.011307 100.000000 4.901961
2210 0.000082 0.011130 200.000000 6.514658
2210 0.000071 0.018576 300.000000 7.518797
2210 0.000134 0.026332 400.000000 8.032128
2220 0.000179 0.009454 100.000000 4.694836
2220 0.000078 0.012213 200.000000 6.493506
2220 0.000063 0.019391 300.000000 7.481297
2220 0.000130 0.027660 400.000000 8.032128
2230 0.000129 0.006405 100.000000 4.651163
2230 0.000075 0.013755 200.000000 6.493506
2230 0.000141 0.019280 300.000000 7.444169
2230 0.000133 0.029115 400.000000 8.032128
2240 0.000109 0.004580 100.000000 4.651163
2240 0.000071 0.015456 200.000000 6.514658
2240 0.000145 0.021350 300.000000 7.425743
2240 0.000133 0.030960 400.000000 8.048289
2250 0.000097 0.005869 100.000000 4.651163
2250 0.000064 0.017246 200.000000 6.514658
2250 0.000145 0.023337 300.000000 7.425743
2250 0.000134 0.032494 400.000000 8.064516
2260 0.000123 0.008980 100.000000 4.672897
2260 0.000077 0.018814 200.000000 6.514658
2260 0.000148 0.024783 300.000000 7.444169
2260 0.000131 0.033788 400.000000 8.064516
2270 0.000082 0.011136 100.000000 4.672897
2270 0.000069 0.020151 200.000000 6.493506
2270 0.000149 0.025929 300.000000 7.462687
2280 0.000096 0.013606 100.000000 4.716981
2280 0.000069 0.021243 200.000000 6.535948
2280 0.000149 0.027112 300.000000 7.481297
2290 0.000117 0.015583 100.000000 4.761905
2290 0.000073 0.022094 200.000000 6.578948
2290 0.000146 0.027802 300.000000 7.518797
2300 0.000131 0.017486 100.000000 4.854369
2300 0.000080 0.023037 200.000000 6.688963
2300 0.000151 0.028880 300.000000 7.575758
2310 0.000103 0.018846 100.000000 5.000000
2310 0.000065 0.023353 200.000000 6.825939
2310 0.000152 0.029000 300.000000 7.692307
2320 0.000074 0.018025 100.000000 5.181347
2320 0.000052 0.022209 200.000000 7.017544
2320 0.000145 0.028117 300.000000 7.832898
2330 0.000111 0.018995 100.000000 5.434783
2330 0.000067 0.023038 200.000000 7.246377
2330 0.000149 0.028859 300.000000 8.021390
2340 0.000149 0.019166 100.000000 5.747127
2340 0.000084 0.023244 200.000000 7.518797
2340 0.000154 0.029077 300.000000 8.241758
2350 0.000175 0.018977 100.000000 6.097561
2350 0.000095 0.023155 200.000000 7.812500
2350 0.000156 0.029021 300.000000 8.474576
2360 0.000175 0.018477 100.000000 6.493506
2360 0.000095 0.022738 200.000000 8.130081
2360 0.000156 0.028642 300.000000 8.720930
2370 0.000146 0.017931 100.000000 6.944445
2370 0.000081 0.022258 200.000000 8.474576
2370 0.000151 0.028191 300.000000 8.982036
2380 0.000117 0.017345 100.000000 7.462687
2380 0.000067 0.021705 200.000000 8.849558
2380 0.000147 0.027662 300.000000 9.259259
2390 0.000110 0.017046 100.000000 8.064516
2390 0.000063 0.021376 200.000000 9.259259
2390 0.000145 0.027332 300.000000 9.554140
2400 0.000085 0.016161 100.000000 8.771930
2400 0.000050 0.020391 200.000000 9.708738
2400 0.000141 0.026323 300.000000 9.868421
2410 0.000000 0.012325 100.000000 9.433962
2410 0.000000 0.016204 200.000000 10.101010
2410 0.000124 0.022254 300.000000 10.101010
2420 0.000000 0.007587 100.000000 10.000000
2420 0.000000 0.009597 200.000000 10.416667
2420 0.000078 0.015358 300.000000 10.309278
2430 0.000000 0.009251 100.000000 10.416667
2430 0.000000 0.010022 200.000000 10.582010
2430 0.000078 0.015535 300.000000 10.452962
2440 0.000000 0.012291 100.000000 10.638298
2440 0.000081 0.014586 200.000000 10.582010
2440 0.000100 0.019115 300.000000 10.526316
2450 0.000000 0.011511 100.000000 10.638298
2450 0.000099 0.014620 200.000000 10.526316
2450 0.000102 0.020123 300.000000 10.563380
2460 0.000000 0.011832 100.000000 10.638298
2460 0.000115 0.015697 200.000000 10.471204
2460 0.000112 0.021829 300.000000 10.600707
2470 0.000000 0.011504 100.000000 10.638298
2470 0.000115 0.015542 200.000000 10.526316
2470 0.000103 0.021806 300.000000 10.600707
2480 0.000000 0.011241 100.000000 10.526316
2480 0.000120 0.015402 200.000000 10.526316
2490 0.000000 0.009880 100.000000 10.526316
2490 0.000121 0.015495 200.000000 10.526316
2500 0.000000 0.010963 100.000000 10.526316
2500 0.000113 0.016563 200.000000 10.471204
2510 0.000000 0.011860 100.000000 10.638298
2510 0.000128 0.017643 200.000000 10.416667
2520 0.000000 0.011761 100.000000 10.638298
2520 0.000136 0.018600 200.000000 10.416667
2530 0.000000 0.013906 100.000000 10.526316
2530 0.000137 0.019763 200.000000 10.416667
2540 0.000187 0.017365 100.000000 10.204082
2540 0.000141 0.020734 200.000000 10.416667
2550 0.000192 0.018442 100.000000 10.101010
2550 0.000142 0.021732 200.000000 10.471204
2560 0.000183 0.019563 100.000000 10.204082
2560 0.000135 0.023430 200.000000 10.526316
2570 0.000199 0.018204 100.000000 10.309278
2570 0.000129 0.023905 200.000000 10.526316
2580 0.000208 0.018459 100.000000 10.416667
2590 0.000200 0.019960 100.000000 10.309278
2600 0.000212 0.020572 100.000000 10.101010
2610 0.000236 0.022051 100.000000 10.000000
2620 0.000238 0.024229 100.000000 10.101010
2630 0.000106 0.014243 100.000000 10.309278
2640 0.000085 0.014000 100.000000 10.526316
2650 0.000076 0.012516 100.000000 10.638298
2660 0.000000 0.012610 100.000000 10.638298
