0 0.000000 0.021603 100.000000 11.494253
0 0.000000 0.014429 200.000000 11.976048
0 0.000050 0.012082 300.000000 10.169492
0 0.000078 0.011427 400.000000 10.256411
0 0.000057 0.015938 500.000000 10.309278
0 0.000026 0.020422 600.000000 10.752688
0 0.000000 0.023172 700.000000 11.111111
0 0.000071 0.020326 800.000000 10.767160
10 0.000000 0.013702 100.000000 11.627907
10 0.000000 0.013107 200.000000 11.976048
10 0.000119 0.012207 300.000000 9.740260
10 0.000092 0.006669 400.000000 10.309278
10 0.000072 0.014755 500.000000 10.309278
10 0.000041 0.021041 600.000000 10.791367
10 0.000026 0.024977 700.000000 11.146497
10 0.000085 0.020529 800.000000 10.781672
20 0.000000 0.010285 100.000000 11.764706
20 0.000000 0.010626 200.000000 11.904762
20 0.000111 0.008051 300.000000 9.615385
20 0.000083 0.008461 400.000000 10.362695
20 0.000063 0.016496 500.000000 10.330579
20 0.000031 0.021954 600.000000 10.830325
20 0.000016 0.025444 700.000000 11.164274
20 0.000081 0.018986 800.000000 10.796222
30 0.000000 0.010039 100.000000 11.764706
30 0.000000 0.010277 200.000000 11.494253
30 0.000105 0.006013 300.000000 9.615385
30 0.000081 0.010139 400.000000 10.416667
30 0.000059 0.017900 500.000000 10.373444
30 0.000025 0.022971 600.000000 10.849910
30 0.000014 0.026124 700.000000 11.164274
30 0.000081 0.017730 800.000000 10.825439
40 0.000000 0.009473 100.000000 11.904762
40 0.000000 0.010761 200.000000 11.049724
40 0.000100 0.004439 300.000000 9.615385
40 0.000080 0.011487 400.000000 10.443864
40 0.000060 0.019240 500.000000 10.416667
40 0.000026 0.024098 600.000000 10.889292
40 0.000014 0.027080 700.000000 11.164274
40 0.000084 0.016677 800.000000 10.854816
50 0.000000 0.010051 100.000000 11.904762
50 0.000000 0.011302 200.000000 10.752688
50 0.000111 0.004034 300.000000 9.646302
50 0.000080 0.012983 400.000000 10.416667
50 0.000058 0.020648 500.000000 10.438414
50 0.000030 0.025236 600.000000 10.909091
50 0.000030 0.027932 700.000000 11.093502
50 0.000085 0.015496 800.000000 10.884354
60 0.000000 0.010885 100.000000 12.048193
60 0.000000 0.011790 200.000000 10.526316
60 0.000117 0.004585 300.000000 9.708738
60 0.000086 0.014583 400.000000 10.282776
60 0.000060 0.021834 500.000000 10.482181
60 0.000030 0.026164 600.000000 10.948905
60 0.000070 0.027506 700.000000 10.869565
60 0.000086 0.014174 800.000000 10.914052
70 0.000000 0.011361 100.000000 12.048193
70 0.000000 0.012148 200.000000 10.309278
70 0.000118 0.006084 300.000000 9.740260
70 0.000087 0.016177 400.000000 10.101010
70 0.000057 0.023056 500.000000 10.526316
70 0.000028 0.027224 600.000000 10.968922
70 0.000095 0.026956 700.000000 10.703364
70 0.000087 0.012991 800.000000 10.943913
80 0.000000 0.010777 100.000000 12.195122
80 0.000008 0.011984 200.000000 9.900990
80 0.000120 0.008012 300.000000 9.803922
80 0.000090 0.017797 400.000000 10.025063
80 0.000053 0.024242 500.000000 10.570825
80 0.000033 0.028047 600.000000 11.009174
80 0.000092 0.025596 700.000000 10.654490
80 0.000089 0.011794 800.000000 10.973937
90 0.000000 0.010465 100.000000 12.195122
90 0.000149 0.010376 200.000000 9.174312
90 0.000120 0.009974 300.000000 9.868421
90 0.000085 0.019499 400.000000 10.000000
90 0.000045 0.025529 500.000000 10.593221
90 0.000027 0.028867 600.000000 11.029411
90 0.000093 0.024182 700.000000 10.654490
90 0.000089 0.010546 800.000000 11.004127
100 0.000000 0.010429 100.000000 12.048193
100 0.000168 0.007637 200.000000 8.810573
100 0.000117 0.012116 300.000000 9.933775
100 0.000083 0.021320 400.000000 10.000000
100 0.000044 0.026776 500.000000 10.615711
100 0.000028 0.029736 600.000000 11.049724
100 0.000092 0.022672 700.000000 10.654490
100 0.000090 0.009264 800.000000 11.019283
110 0.000000 0.010944 100.000000 11.363636
110 0.000172 0.005070 200.000000 8.733624
110 0.000116 0.014436 300.000000 9.966778
110 0.000082 0.023118 400.000000 10.025063
110 0.000042 0.028041 500.000000 10.638298
110 0.000026 0.030716 600.000000 11.049724
110 0.000093 0.021302 700.000000 10.670732
110 0.000091 0.008052 800.000000 11.034483
120 0.000000 0.011087 100.000000 10.526316
120 0.000167 0.003528 200.000000 8.733624
120 0.000117 0.016664 300.000000 10.000000
120 0.000082 0.025066 400.000000 10.050251
120 0.000041 0.029520 500.000000 10.660981
120 0.000028 0.031887 600.000000 11.029411
120 0.000095 0.020145 700.000000 10.703364
120 0.000092 0.007025 800.000000 11.049724
130 0.000031 0.010932 100.000000 9.803922
130 0.000167 0.004655 200.000000 8.771930
130 0.000114 0.018948 300.000000 9.966778
130 0.000079 0.026729 400.000000 10.075566
130 0.000043 0.030654 500.000000 10.683761
130 0.000031 0.032628 600.000000 10.968922
130 0.000097 0.018496 700.000000 10.719755
130 0.000093 0.005674 800.000000 11.049724
140 0.000069 0.011385 100.000000 9.345795
140 0.000180 0.007979 200.000000 8.771930
140 0.000116 0.021275 300.000000 9.803922
140 0.000078 0.028233 400.000000 10.126582
140 0.000043 0.031966 500.000000 10.706638
140 0.000065 0.032553 600.000000 10.733453
140 0.000097 0.017094 700.000000 10.752688
140 0.000094 0.004731 800.000000 11.065007
150 0.000000 0.011511 100.000000 8.928572
150 0.000181 0.011585 200.000000 8.810573
150 0.000120 0.023365 300.000000 9.584664
150 0.000074 0.029765 400.000000 10.152285
150 0.000039 0.032999 500.000000 10.729613
150 0.000111 0.031799 600.000000 10.507881
150 0.000098 0.015453 700.000000 10.769231
150 0.000093 0.003870 800.000000 11.065007
160 0.000145 0.012129 100.000000 8.264462
160 0.000186 0.014757 200.000000 8.888889
160 0.000123 0.025952 300.000000 9.404388
160 0.000070 0.031564 400.000000 10.178117
160 0.000044 0.034370 500.000000 10.752688
160 0.000106 0.030437 600.000000 10.416667
160 0.000100 0.014349 700.000000 10.802469
160 0.000093 0.003743 800.000000 11.065007
170 0.000333 0.009260 100.000000 7.299270
170 0.000181 0.018280 200.000000 8.928572
170 0.000114 0.027991 300.000000 9.375000
170 0.000058 0.032910 400.000000 10.204082
170 0.000035 0.035057 500.000000 10.775862
170 0.000106 0.028458 600.000000 10.398614
170 0.000100 0.012669 700.000000 10.819165
170 0.000070 0.004976 800.000000 11.080333
180 0.000334 0.004498 100.000000 6.896552
180 0.000168 0.020842 200.000000 9.049774
180 0.000107 0.029453 300.000000 9.404388
180 0.000050 0.033496 400.000000 10.256411
180 0.000030 0.035113 500.000000 10.822511
180 0.000103 0.026198 600.000000 10.416667
180 0.000099 0.010973 700.000000 10.852714
180 0.000067 0.005445 800.000000 11.080333
190 0.000327 0.002977 100.000000 6.896552
190 0.000158 0.023161 200.000000 9.174312
190 0.000099 0.030489 300.000000 9.493670
190 0.000041 0.033655 400.000000 10.362695
190 0.000019 0.034941 500.000000 10.893247
190 0.000101 0.024271 600.000000 10.471204
190 0.000097 0.009697 700.000000 10.920437
190 0.000065 0.006131 800.000000 11.095700
200 0.000318 0.006207 100.000000 7.092198
200 0.000154 0.024816 200.000000 9.389671
200 0.000094 0.031479 300.000000 9.646302
200 0.000034 0.034204 400.000000 10.471204
200 0.000013 0.035146 500.000000 10.989011
200 0.000100 0.023101 600.000000 10.563380
200 0.000097 0.008738 700.000000 10.989011
200 0.000080 0.006785 800.000000 11.142061
210 0.000274 0.010277 100.000000 7.299270
210 0.000147 0.026031 200.000000 9.615385
210 0.000089 0.031859 300.000000 9.803922
210 0.000026 0.034035 400.000000 10.610080
210 0.000000 0.034634 500.000000 11.086474
210 0.000098 0.021637 600.000000 10.676157
210 0.000095 0.007726 700.000000 11.075950
210 0.000077 0.007381 800.000000 11.204482
220 0.000233 0.013446 100.000000 7.575758
220 0.000126 0.027426 200.000000 9.803922
220 0.000072 0.032514 300.000000 9.966778
220 0.000000 0.034243 400.000000 10.752688
220 0.000000 0.034632 500.000000 11.160714
220 0.000097 0.020357 600.000000 10.771993
220 0.000093 0.006980 700.000000 11.164274
220 0.000074 0.007798 800.000000 11.267606
230 0.000239 0.016693 100.000000 7.812500
230 0.000125 0.028812 200.000000 10.000000
230 0.000072 0.033479 300.000000 10.135135
230 0.000000 0.034834 400.000000 10.899182
230 0.000000 0.034927 500.000000 11.210762
230 0.000098 0.019318 600.000000 10.869565
230 0.000093 0.006230 700.000000 11.235955
230 0.000076 0.008335 800.000000 11.315417
240 0.000259 0.019986 100.000000 8.064516
240 0.000116 0.030060 200.000000 10.050251
240 0.000065 0.033795 300.000000 10.273973
240 0.000000 0.034793 400.000000 11.019283
240 0.000014 0.034314 500.000000 11.135858
240 0.000096 0.017644 600.000000 10.948905
240 0.000092 0.005694 700.000000 11.308562
240 0.000074 0.009208 800.000000 11.363636
250 0.000252 0.023543 100.000000 8.333333
250 0.000119 0.031133 200.000000 10.000000
250 0.000055 0.034168 300.000000 10.416667
250 0.000000 0.034790 400.000000 11.142061
250 0.000074 0.032567 500.000000 10.964912
250 0.000093 0.016070 600.000000 11.029411
250 0.000090 0.005392 700.000000 11.363636
250 0.000072 0.010005 800.000000 11.428572
260 0.000265 0.026590 100.000000 8.620689
260 0.000129 0.032150 200.000000 9.852217
260 0.000057 0.034271 300.000000 10.563380
260 0.000000 0.034509 400.000000 11.267606
260 0.000109 0.031234 500.000000 10.845987
260 0.000094 0.014707 600.000000 11.131725
260 0.000089 0.005459 700.000000 11.437908
260 0.000071 0.010878 800.000000 11.494253
270 0.000265 0.029197 100.000000 8.928572
270 0.000121 0.032241 200.000000 9.900990
270 0.000043 0.033679 300.000000 10.752688
270 0.000000 0.033664 400.000000 11.396011
270 0.000097 0.028967 500.000000 10.869565
270 0.000092 0.013198 600.000000 11.235955
270 0.000086 0.005853 700.000000 11.513158
270 0.000069 0.011773 800.000000 11.577424
280 0.000159 0.023502 100.000000 9.433962
280 0.000066 0.025694 200.000000 10.050251
280 0.000000 0.026378 300.000000 10.989011
280 0.000000 0.026079 400.000000 11.594203
280 0.000079 0.021032 500.000000 10.964912
280 0.000077 0.008633 600.000000 11.342155
280 0.000071 0.007526 700.000000 11.608624
280 0.000055 0.013519 800.000000 11.678832
290 0.000000 0.017934 100.000000 10.101010
290 0.000000 0.019763 200.000000 10.309278
290 0.000000 0.020150 300.000000 11.235955
290 0.000000 0.019489 400.000000 11.834319
290 0.000063 0.014629 500.000000 11.086474
290 0.000063 0.006166 600.000000 11.494253
290 0.000058 0.009577 700.000000 11.725293
290 0.000046 0.015015 800.000000 11.782032
300 0.000000 0.015576 100.000000 10.869565
300 0.000000 0.017176 200.000000 10.638298
300 0.000000 0.017580 300.000000 11.538462
300 0.000000 0.016689 400.000000 12.048193
300 0.000062 0.011529 500.000000 11.235955
300 0.000061 0.004657 600.000000 11.650485
300 0.000021 0.011091 700.000000 11.864407
300 0.000044 0.015576 800.000000 11.904762
310 0.000000 0.008237 100.000000 11.764706
310 0.000000 0.010475 200.000000 10.989011
310 0.000000 0.010081 300.000000 11.857708
310 0.000000 0.009277 400.000000 12.307693
310 0.000042 0.005750 500.000000 11.389522
310 0.000044 0.006708 600.000000 11.811024
310 0.000000 0.013608 700.000000 11.986301
310 0.000031 0.017082 800.000000 12.030075
320 0.000000 0.008144 100.000000 12.500000
320 0.000000 0.010093 200.000000 11.299435
320 0.000000 0.009513 300.000000 12.096774
320 0.000000 0.008376 400.000000 12.500000
320 0.000047 0.005173 500.000000 11.520738
320 0.000047 0.007832 600.000000 11.928430
320 0.000000 0.014338 700.000000 12.068966
320 0.000033 0.017673 800.000000 12.121212
330 0.000000 0.007913 100.000000 13.157895
330 0.000000 0.010312 200.000000 11.494253
330 0.000000 0.009273 300.000000 12.295082
330 0.000000 0.008597 400.000000 12.618297
330 0.000048 0.005263 500.000000 11.627907
330 0.000048 0.008761 600.000000 12.024048
330 0.000000 0.014966 700.000000 12.110726
330 0.000034 0.018246 800.000000 12.195122
340 0.000000 0.008924 100.000000 13.698630
340 0.000000 0.010719 200.000000 11.695907
340 0.000000 0.009560 300.000000 12.396694
340 0.000000 0.008734 400.000000 12.658228
340 0.000044 0.004866 500.000000 11.682243
340 0.000048 0.009394 600.000000 12.072434
340 0.000037 0.015003 700.000000 12.110726
340 0.000033 0.018964 800.000000 12.232416
350 0.000000 0.010357 100.000000 13.698630
350 0.000000 0.012153 200.000000 11.764706
350 0.000000 0.010777 300.000000 12.448133
350 0.000000 0.009654 400.000000 12.618297
350 0.000055 0.004896 500.000000 11.709601
350 0.000055 0.010043 600.000000 12.072434
350 0.000040 0.015634 700.000000 12.068966
350 0.000039 0.019891 800.000000 12.232416
360 0.000000 0.009510 100.000000 13.333333
360 0.000000 0.010347 200.000000 11.834319
360 0.000000 0.009322 300.000000 12.448133
360 0.000000 0.008449 400.000000 12.383901
360 0.000051 0.005935 500.000000 11.737089
360 0.000051 0.011991 600.000000 12.072434
360 0.000039 0.016811 700.000000 12.048193
360 0.000037 0.020906 800.000000 12.213740
370 0.000000 0.008588 100.000000 12.048193
370 0.000000 0.009302 200.000000 11.834319
370 0.000000 0.008333 300.000000 12.500000
370 0.000000 0.007050 400.000000 11.799410
370 0.000048 0.007309 500.000000 11.764706
370 0.000047 0.013670 600.000000 12.072434
370 0.000037 0.017939 700.000000 12.048193
370 0.000041 0.021911 800.000000 12.084592
380 0.000000 0.011245 100.000000 10.869565
380 0.000000 0.009288 200.000000 11.834319
380 0.000000 0.008214 300.000000 12.448133
380 0.000049 0.006912 400.000000 11.428572
380 0.000050 0.008487 500.000000 11.792453
380 0.000046 0.014948 600.000000 12.048193
380 0.000035 0.018983 700.000000 12.048193
380 0.000046 0.022973 800.000000 11.922503
390 0.000000 0.011945 100.000000 10.309278
390 0.000000 0.009593 200.000000 11.834319
390 0.000000 0.008406 300.000000 12.448133
390 0.000053 0.006541 400.000000 11.299435
390 0.000053 0.009839 500.000000 11.792453
390 0.000000 0.017107 600.000000 12.000000
390 0.000037 0.020058 700.000000 12.048193
390 0.000049 0.023993 800.000000 11.816839
400 0.000000 0.012540 100.000000 10.101010
400 0.000000 0.009897 200.000000 11.764706
400 0.000000 0.008623 300.000000 12.396694
400 0.000052 0.006374 400.000000 11.235955
400 0.000055 0.011274 500.000000 11.764706
400 0.000000 0.017950 600.000000 11.952191
400 0.000038 0.021148 700.000000 12.027492
400 0.000051 0.025035 800.000000 11.713031
410 0.000000 0.012558 100.000000 10.000000
410 0.000000 0.009326 200.000000 11.764706
410 0.000000 0.008325 300.000000 12.295082
410 0.000053 0.005971 400.000000 11.235955
410 0.000057 0.012439 500.000000 11.764706
410 0.000040 0.018169 600.000000 11.857708
410 0.000038 0.022168 700.000000 12.027492
410 0.000062 0.026041 800.000000 11.577424
420 0.000000 0.012495 100.000000 10.101010
420 0.000000 0.009793 200.000000 11.764706
420 0.000000 0.008808 300.000000 12.244898
420 0.000060 0.006722 400.000000 11.267606
420 0.000061 0.013724 500.000000 11.764706
420 0.000042 0.019083 600.000000 11.811024
420 0.000040 0.023297 700.000000 12.027492
430 0.000000 0.012279 100.000000 10.309278
430 0.000000 0.009716 200.000000 11.904762
430 0.000000 0.008984 300.000000 12.096774
430 0.000067 0.007624 400.000000 11.331445
430 0.000063 0.015083 500.000000 11.792453
430 0.000048 0.020010 600.000000 11.811024
430 0.000045 0.024331 700.000000 12.027492
440 0.000000 0.011879 100.000000 10.752688
440 0.000000 0.009511 200.000000 12.195122
440 0.000000 0.007737 300.000000 11.904762
440 0.000069 0.008533 400.000000 11.461318
440 0.000065 0.016206 500.000000 11.876485
440 0.000049 0.020806 600.000000 11.881188
440 0.000048 0.025114 700.000000 12.027492
450 0.000000 0.010209 100.000000 11.363636
450 0.000000 0.008806 200.000000 12.500000
450 0.000000 0.007721 300.000000 11.627907
450 0.000062 0.009550 400.000000 11.627907
450 0.000060 0.017040 500.000000 12.019231
450 0.000046 0.021362 600.000000 11.976048
450 0.000048 0.025498 700.000000 12.048193
460 0.000000 0.007994 100.000000 12.048193
460 0.000000 0.007411 200.000000 12.903226
460 0.000101 0.006658 300.000000 11.538462
460 0.000062 0.010525 400.000000 11.799410
460 0.000058 0.017994 500.000000 12.135922
460 0.000042 0.021825 600.000000 12.096774
460 0.000050 0.025868 700.000000 12.048193
470 0.000000 0.006951 100.000000 12.820513
470 0.000000 0.006844 200.000000 13.333333
470 0.000074 0.006383 300.000000 11.583012
470 0.000065 0.011535 400.000000 11.976048
470 0.000058 0.018855 500.000000 12.254902
470 0.000042 0.022385 600.000000 12.219959
470 0.000052 0.026333 700.000000 12.068966
480 0.000000 0.007410 100.000000 13.333333
480 0.000000 0.006301 200.000000 13.605442
480 0.000067 0.006852 300.000000 11.583012
480 0.000064 0.012799 400.000000 12.121212
480 0.000054 0.019850 500.000000 12.345679
480 0.000043 0.023095 600.000000 12.320329
480 0.000053 0.027009 700.000000 12.048193
490 0.000000 0.006592 100.000000 13.698630
490 0.000000 0.006191 200.000000 13.793103
490 0.000077 0.007280 300.000000 11.583012
490 0.000068 0.014243 400.000000 12.195122
490 0.000000 0.021366 500.000000 12.376238
490 0.000044 0.024039 600.000000 12.371134
490 0.000057 0.027905 700.000000 12.006861
500 0.000000 0.006861 100.000000 13.888889
500 0.000000 0.006491 200.000000 13.793103
500 0.000079 0.007981 300.000000 11.627907
500 0.000073 0.015839 400.000000 12.232416
500 0.000000 0.022334 500.000000 12.345679
500 0.000046 0.025174 600.000000 12.396694
500 0.000066 0.028684 700.000000 11.925042
510 0.000000 0.006055 100.000000 13.888889
510 0.000000 0.006294 200.000000 13.698630
510 0.000080 0.008798 300.000000 11.627907
510 0.000076 0.017504 400.000000 12.232416
510 0.000055 0.022546 500.000000 12.254902
510 0.000047 0.026615 600.000000 12.396694
520 0.000000 0.006691 100.000000 13.888889
520 0.000000 0.007031 200.000000 13.422819
520 0.000096 0.010476 300.000000 11.627907
520 0.000084 0.019450 400.000000 12.195122
520 0.000058 0.023979 500.000000 12.165450
520 0.000054 0.028246 600.000000 12.371134
530 0.000000 0.006494 100.000000 13.698630
530 0.000000 0.006350 200.000000 12.658228
530 0.000102 0.012534 300.000000 11.627907
530 0.000087 0.021469 400.000000 12.158054
530 0.000065 0.025474 500.000000 12.106538
530 0.000059 0.029822 600.000000 12.269938
540 0.000000 0.007734 100.000000 13.698630
540 0.000147 0.007546 200.000000 11.363636
540 0.000105 0.014607 300.000000 11.673152
540 0.000088 0.023510 400.000000 12.121212
540 0.000065 0.027013 500.000000 12.077294
540 0.000067 0.031165 600.000000 12.072434
550 0.000000 0.007690 100.000000 13.698630
550 0.000149 0.007177 200.000000 10.869565
550 0.000115 0.016918 300.000000 11.673152
550 0.000090 0.025449 400.000000 12.084592
550 0.000068 0.028633 500.000000 12.077294
550 0.000074 0.032660 600.000000 11.881188
560 0.000000 0.007082 100.000000 13.698630
560 0.000167 0.007618 200.000000 10.695188
560 0.000126 0.019429 300.000000 11.673152
560 0.000057 0.027788 400.000000 12.048193
560 0.000074 0.030476 500.000000 12.106538
560 0.000080 0.034687 600.000000 11.741683
570 0.000000 0.007730 100.000000 13.513514
570 0.000168 0.009617 200.000000 10.638298
570 0.000128 0.021788 300.000000 11.718750
570 0.000052 0.029365 400.000000 11.976048
570 0.000074 0.032135 500.000000 12.106538
570 0.000091 0.035624 600.000000 11.627907
580 0.000065 0.007381 100.000000 13.333333
580 0.000173 0.012271 200.000000 10.695188
580 0.000132 0.024574 300.000000 11.673152
580 0.000098 0.029074 400.000000 11.869436
580 0.000077 0.033656 500.000000 12.106538
590 0.000036 0.007200 100.000000 12.987013
590 0.000183 0.015583 200.000000 10.695188
590 0.000137 0.027386 300.000000 11.673152
590 0.000093 0.031547 400.000000 11.764706
590 0.000079 0.035822 500.000000 12.077294
600 0.000000 0.007083 100.000000 11.764706
600 0.000183 0.019175 200.000000 10.752688
600 0.000136 0.030342 300.000000 11.627907
600 0.000095 0.033505 400.000000 11.695907
600 0.000081 0.037607 500.000000 11.990408
610 0.000341 0.008659 100.000000 9.803922
610 0.000188 0.023342 200.000000 10.752688
610 0.000138 0.033237 300.000000 11.627907
610 0.000096 0.035645 400.000000 11.695907
610 0.000092 0.039644 500.000000 11.764706
620 0.000334 0.009792 100.000000 8.928572
620 0.000192 0.026832 200.000000 10.810811
620 0.000137 0.035899 300.000000 11.583012
620 0.000096 0.037513 400.000000 11.695907
620 0.000096 0.041267 500.000000 11.547344
630 0.000355 0.014256 100.000000 8.695652
630 0.000198 0.030903 200.000000 10.810811
630 0.000086 0.038623 300.000000 11.538462
630 0.000098 0.039694 400.000000 11.695907
630 0.000100 0.043105 500.000000 11.415525
640 0.000357 0.020003 100.000000 8.695652
640 0.000203 0.034566 200.000000 10.869565
640 0.000084 0.040641 300.000000 11.494253
640 0.000099 0.041658 400.000000 11.730206
640 0.000103 0.044898 500.000000 11.312217
650 0.000358 0.025782 100.000000 8.771930
650 0.000206 0.038403 200.000000 10.928962
650 0.000103 0.041759 300.000000 11.406844
650 0.000099 0.043694 400.000000 11.764706
650 0.000116 0.046375 500.000000 11.185682
660 0.000365 0.032079 100.000000 8.849558
660 0.000208 0.041779 200.000000 10.989011
660 0.000126 0.042524 300.000000 11.363636
660 0.000098 0.045345 400.000000 11.799410
670 0.000381 0.037659 100.000000 9.090909
670 0.000214 0.045391 200.000000 11.111111
670 0.000132 0.044965 300.000000 11.363636
670 0.000105 0.047378 400.000000 11.869436
680 0.000346 0.037944 100.000000 9.523809
680 0.000194 0.043669 200.000000 11.363636
680 0.000120 0.042025 300.000000 11.538462
680 0.000095 0.044346 400.000000 11.976048
690 0.000336 0.037891 100.000000 10.101010
690 0.000191 0.042665 200.000000 11.764706
690 0.000115 0.041166 300.000000 11.764706
690 0.000095 0.043271 400.000000 12.084592
700 0.000216 0.024997 100.000000 10.869565
700 0.000127 0.030232 200.000000 12.195122
700 0.000066 0.028383 300.000000 12.096774
700 0.000059 0.030621 400.000000 12.232416
710 0.000023 0.012311 100.000000 11.627907
710 0.000000 0.015795 200.000000 12.658228
710 0.000000 0.011773 300.000000 12.396694
710 0.000000 0.013851 400.000000 12.345679
720 0.000000 0.012532 100.000000 12.500000
720 0.000000 0.013815 200.000000 13.071896
720 0.000000 0.008022 300.000000 12.658228
720 0.000000 0.009178 400.000000 12.422360
730 0.000000 0.014611 100.000000 13.333333
730 0.000000 0.016886 200.000000 13.422819
730 0.000000 0.011582 300.000000 12.931034
730 0.000000 0.012914 400.000000 12.422360
740 0.000000 0.014071 100.000000 13.888889
740 0.000000 0.016254 200.000000 13.605442
740 0.000000 0.010608 300.000000 13.100436
740 0.000000 0.012045 400.000000 12.345679
750 0.000000 0.014452 100.000000 14.084507
750 0.000000 0.013197 200.000000 13.605442
750 0.000000 0.010149 300.000000 13.157895
750 0.000000 0.011756 400.000000 12.232416
760 0.000000 0.013210 100.000000 14.285714
760 0.000000 0.013095 200.000000 13.422819
760 0.000000 0.010525 300.000000 13.215859
760 0.000000 0.011586 400.000000 12.048193
770 0.000000 0.014170 100.000000 14.084507
770 0.000000 0.012403 200.000000 13.071896
770 0.000000 0.010426 300.000000 13.157895
780 0.000000 0.014607 100.000000 13.888889
780 0.000000 0.010948 200.000000 12.820513
780 0.000000 0.009636 300.000000 13.043478
790 0.000000 0.014925 100.000000 13.698630
790 0.000000 0.010896 200.000000 12.658228
790 0.000000 0.009516 300.000000 12.711864
800 0.000000 0.014860 100.000000 13.333333
800 0.000000 0.010427 200.000000 12.658228
800 0.000000 0.008572 300.000000 12.195122
810 0.000000 0.014232 100.000000 13.157895
810 0.000000 0.009603 200.000000 12.658228
810 0.000000 0.007444 300.000000 11.857708
820 0.000000 0.018604 100.000000 12.820513
820 0.000000 0.009090 200.000000 12.658228
820 0.000000 0.007092 300.000000 11.627907
830 0.000000 0.017693 100.000000 12.345679
830 0.000000 0.009100 200.000000 12.658228
830 0.000000 0.007051 300.000000 11.363636
840 0.000000 0.025667 100.000000 12.048193
840 0.000000 0.008902 200.000000 12.658228
850 0.000000 0.024322 100.000000 11.764706
850 0.000000 0.008627 200.000000 12.578616
860 0.000000 0.023310 100.000000 11.627907
860 0.000000 0.008661 200.000000 12.269938
870 0.000000 0.026019 100.000000 11.764706
870 0.000000 0.009176 200.000000 11.764706
880 0.000000 0.025302 100.000000 11.904762
880 0.000000 0.009096 200.000000 11.363636
890 0.000000 0.008965 100.000000 12.048193
890 0.000056 0.015468 200.000000 11.111111
900 0.000000 0.009857 100.000000 12.345679
900 0.000068 0.016326 200.000000 10.989011
910 0.000000 0.010241 100.000000 12.658228
910 0.000110 0.015058 200.000000 10.810811
920 0.000000 0.011740 100.000000 12.987013
930 0.000000 0.012024 100.000000 13.333333
940 0.000000 0.011526 100.000000 13.157895
950 0.000000 0.012216 100.000000 12.048193
960 0.000000 0.012660 100.000000 10.989011
970 0.000000 0.013121 100.000000 10.204082
980 0.000000 0.013797 100.000000 9.708738
990 0.000078 0.009967 100.000000 9.090909
