0 0.000000 0.011060 100.000000 5.780347
0 0.000026 0.010007 200.000000 6.369427
0 0.000372 0.021748 300.000000 6.726458
0 0.000341 0.043601 400.000000 6.908463
0 0.000636 0.071774 500.000000 6.297229
0 0.000513 0.094903 600.000000 6.741573
10 0.000000 0.011030 100.000000 6.097561
10 0.000090 0.009538 200.000000 6.451613
10 0.000376 0.021837 300.000000 6.849315
10 0.000342 0.043916 400.000000 7.017544
10 0.000637 0.071996 500.000000 6.369427
10 0.000514 0.095398 600.000000 6.802721
20 0.000000 0.009337 100.000000 6.369427
20 0.000128 0.007855 200.000000 6.493506
20 0.000379 0.022732 300.000000 6.960557
20 0.000341 0.044469 400.000000 7.117438
20 0.000641 0.072339 500.000000 6.435007
20 0.000515 0.096018 600.000000 6.857143
30 0.000000 0.007358 100.000000 6.622517
30 0.000127 0.004355 200.000000 6.535948
30 0.000366 0.025186 300.000000 7.042253
30 0.000330 0.044664 400.000000 7.220217
30 0.000652 0.071271 500.000000 6.501951
30 0.000519 0.096749 600.000000 6.888634
40 0.000000 0.008392 100.000000 6.849315
40 0.000138 0.004616 200.000000 6.578948
40 0.000381 0.025678 300.000000 7.075472
40 0.000329 0.045548 400.000000 7.299270
40 0.000652 0.072151 500.000000 6.561680
40 0.000506 0.098018 600.000000 6.912442
50 0.000000 0.009429 100.000000 7.042253
50 0.000163 0.005676 200.000000 6.600660
50 0.000415 0.025988 300.000000 7.058824
50 0.000331 0.047065 400.000000 7.366483
50 0.000647 0.074409 500.000000 6.605020
50 0.000496 0.099471 600.000000 6.896552
60 0.000000 0.009199 100.000000 7.092198
60 0.000157 0.004865 200.000000 6.622517
60 0.000407 0.028366 300.000000 6.993007
60 0.000334 0.049220 400.000000 7.407407
60 0.000645 0.076940 500.000000 6.640106
60 0.000499 0.100403 600.000000 6.880734
70 0.000000 0.008352 100.000000 7.142857
70 0.000136 0.005313 200.000000 6.644518
70 0.000404 0.031532 300.000000 6.944445
70 0.000332 0.051914 400.000000 7.421150
70 0.000646 0.079991 500.000000 6.666667
70 0.000500 0.101098 600.000000 6.872852
80 0.000000 0.008108 100.000000 7.142857
80 0.000136 0.005242 200.000000 6.688963
80 0.000403 0.034474 300.000000 6.928406
80 0.000330 0.054175 400.000000 7.434944
80 0.000646 0.083291 500.000000 6.684492
80 0.000502 0.101937 600.000000 6.864988
90 0.000000 0.007848 100.000000 7.142857
90 0.000136 0.005838 200.000000 6.711410
90 0.000407 0.037376 300.000000 6.944445
90 0.000330 0.056035 400.000000 7.434944
90 0.000646 0.086300 500.000000 6.711410
90 0.000501 0.102746 600.000000 6.857143
100 0.000000 0.007057 100.000000 7.092198
100 0.000142 0.006818 200.000000 6.756757
100 0.000414 0.040766 300.000000 6.960557
100 0.000853 0.079540 400.000000 7.299270
100 0.000645 0.090208 500.000000 6.729475
100 0.000501 0.103653 600.000000 6.833713
110 0.000000 0.007433 100.000000 7.092198
110 0.000144 0.008147 200.000000 6.802721
110 0.000411 0.043700 300.000000 6.993007
110 0.000825 0.077216 400.000000 6.220840
110 0.000644 0.093659 500.000000 6.756757
110 0.000503 0.104590 600.000000 6.810442
120 0.000000 0.009282 100.000000 7.142857
120 0.000512 0.038931 200.000000 6.896552
120 0.000423 0.046176 300.000000 7.025761
120 0.000822 0.077388 400.000000 6.211180
120 0.000641 0.096960 500.000000 6.793478
120 0.000501 0.105489 600.000000 6.779661
130 0.000000 0.009753 100.000000 7.352941
130 0.000526 0.037997 200.000000 6.993007
130 0.000431 0.048212 300.000000 7.092198
130 0.000818 0.079041 400.000000 6.240250
130 0.000638 0.099913 500.000000 6.839945
130 0.000500 0.106142 600.000000 6.726458
140 0.000000 0.012838 100.000000 7.575758
140 0.000554 0.035713 200.000000 7.142857
140 0.000454 0.050029 300.000000 7.177033
140 0.000808 0.081849 400.000000 6.299212
140 0.000631 0.102607 500.000000 6.896552
140 0.000493 0.106555 600.000000 6.666667
150 0.000000 0.008048 100.000000 7.751938
150 0.000541 0.037925 200.000000 7.246377
150 0.000447 0.052480 300.000000 7.263923
150 0.000814 0.083031 400.000000 6.339144
150 0.000636 0.105762 500.000000 6.934813
150 0.000496 0.107797 600.000000 6.593407
160 0.000000 0.004977 100.000000 7.692307
160 0.000528 0.039768 200.000000 7.299270
160 0.000439 0.055713 300.000000 7.317073
160 0.000819 0.084812 400.000000 6.379585
160 0.000637 0.108884 500.000000 6.963789
160 0.000493 0.108829 600.000000 6.535948
170 0.000000 0.002341 100.000000 7.142857
170 0.000542 0.040901 200.000000 7.272727
170 0.000440 0.059305 300.000000 7.352941
170 0.000822 0.087501 400.000000 6.420546
170 0.000637 0.113135 500.000000 6.963789
180 0.000275 0.002185 100.000000 6.369427
180 0.000547 0.041945 200.000000 7.220217
180 0.000441 0.062152 300.000000 7.407407
180 0.000820 0.090671 400.000000 6.451613
180 0.000623 0.117152 500.000000 6.925208
190 0.000343 0.018190 100.000000 6.172840
190 0.000610 0.044068 200.000000 7.067138
190 0.000443 0.065808 300.000000 7.444169
190 0.000817 0.094144 400.000000 6.493506
190 0.000599 0.120316 500.000000 6.868132
200 0.000336 0.016829 100.000000 6.134969
200 0.000613 0.048180 200.000000 6.872852
200 0.000449 0.069090 300.000000 7.481297
200 0.000813 0.098673 400.000000 6.514658
200 0.000604 0.121792 500.000000 6.821282
210 0.000329 0.016943 100.000000 6.172840
210 0.000617 0.052280 200.000000 6.802721
210 0.000448 0.072548 300.000000 7.500000
210 0.000812 0.102403 400.000000 6.546645
210 0.000604 0.122812 500.000000 6.802721
220 0.000344 0.017447 100.000000 6.211180
220 0.000628 0.056405 200.000000 6.802721
220 0.000453 0.076479 300.000000 7.518797
220 0.000812 0.107782 400.000000 6.568144
220 0.000605 0.124360 500.000000 6.793478
230 0.000353 0.019209 100.000000 6.289308
230 0.000636 0.060838 200.000000 6.825939
230 0.000457 0.079344 300.000000 7.518797
230 0.000811 0.111901 400.000000 6.600660
230 0.000603 0.125276 500.000000 6.784261
240 0.000363 0.019958 100.000000 6.410256
240 0.000647 0.064882 200.000000 6.872852
240 0.001141 0.110140 300.000000 7.334963
240 0.000810 0.116354 400.000000 6.633499
240 0.000604 0.126400 500.000000 6.765900
250 0.000403 0.022822 100.000000 6.493506
250 0.000659 0.069749 200.000000 6.920415
250 0.001110 0.108605 300.000000 5.952381
250 0.000809 0.121661 400.000000 6.666667
250 0.000607 0.127771 500.000000 6.747638
260 0.001104 0.081225 100.000000 6.578948
260 0.000667 0.074256 200.000000 6.944445
260 0.001104 0.109165 300.000000 5.928854
260 0.000806 0.126005 400.000000 6.700168
260 0.000605 0.128816 500.000000 6.693440
270 0.001113 0.082344 100.000000 6.666667
270 0.000677 0.078971 200.000000 6.968641
270 0.001101 0.111513 300.000000 5.940594
270 0.000806 0.131165 400.000000 6.722689
270 0.000606 0.129962 500.000000 6.510417
280 0.001110 0.082640 100.000000 6.756757
280 0.000677 0.083074 200.000000 7.017544
280 0.001101 0.113740 300.000000 5.976096
280 0.000807 0.135528 400.000000 6.756757
280 0.000604 0.131454 500.000000 6.377551
290 0.001117 0.083216 100.000000 6.849315
290 0.000684 0.086812 200.000000 7.117438
290 0.001107 0.116909 300.000000 6.024096
290 0.000807 0.140090 400.000000 6.791172
290 0.000601 0.132502 500.000000 6.321113
300 0.001108 0.083202 100.000000 7.092198
300 0.000677 0.089179 200.000000 7.246377
300 0.001110 0.117901 300.000000 6.109980
300 0.000808 0.142846 400.000000 6.837607
310 0.001115 0.082224 100.000000 7.407407
310 0.000670 0.088519 200.000000 7.462687
310 0.001124 0.117314 300.000000 6.211180
310 0.000815 0.144853 400.000000 6.908463
320 0.001080 0.081206 100.000000 7.751938
320 0.000648 0.084818 200.000000 7.692307
320 0.001148 0.114030 300.000000 6.315790
320 0.000836 0.145659 400.000000 6.993007
330 0.001043 0.080740 100.000000 8.130081
330 0.000622 0.080185 200.000000 7.905138
330 0.001182 0.110567 300.000000 6.410256
330 0.000855 0.147691 400.000000 7.054674
340 0.001033 0.081743 100.000000 8.264462
340 0.000609 0.079186 200.000000 8.097166
340 0.001197 0.110208 300.000000 6.507592
340 0.000848 0.150489 400.000000 7.079646
350 0.001062 0.076939 100.000000 8.130081
350 0.000580 0.078872 200.000000 8.230453
350 0.001173 0.112043 300.000000 6.578948
350 0.000810 0.150688 400.000000 7.042253
360 0.000952 0.069698 100.000000 7.751938
360 0.000526 0.073237 200.000000 8.333333
360 0.001157 0.112948 300.000000 6.622517
360 0.000807 0.149416 400.000000 6.993007
370 0.000967 0.075975 100.000000 7.518797
370 0.000535 0.078319 200.000000 8.368201
370 0.001147 0.120833 300.000000 6.651885
370 0.000802 0.150334 400.000000 6.968641
380 0.000973 0.082115 100.000000 7.407407
380 0.000535 0.082503 200.000000 8.333333
380 0.001148 0.129204 300.000000 6.666667
380 0.000804 0.151968 400.000000 6.932409
390 0.001003 0.089611 100.000000 7.352941
390 0.000546 0.085226 200.000000 8.196721
390 0.001147 0.137718 300.000000 6.681514
390 0.000804 0.153654 400.000000 6.884682
400 0.001004 0.096856 100.000000 7.299270
400 0.001804 0.122632 200.000000 5.747127
400 0.001145 0.146537 300.000000 6.696429
400 0.000806 0.155278 400.000000 6.814310
410 0.000221 0.010534 100.000000 7.246377
410 0.001754 0.063668 200.000000 5.617978
410 0.001133 0.142992 300.000000 6.711410
410 0.000797 0.154524 400.000000 6.700168
420 0.000218 0.011588 100.000000 7.194244
420 0.001751 0.072056 200.000000 5.617978
420 0.001134 0.154444 300.000000 6.711410
420 0.000800 0.157328 400.000000 6.400000
430 0.000258 0.013563 100.000000 7.246377
430 0.001751 0.084297 200.000000 5.633803
430 0.001131 0.163647 300.000000 6.726458
430 0.000787 0.160128 400.000000 6.230530
440 0.000255 0.014731 100.000000 7.352941
440 0.001756 0.094591 200.000000 5.698006
440 0.001130 0.171991 300.000000 6.741573
450 0.000194 0.014112 100.000000 7.575758
450 0.001764 0.105698 200.000000 5.763689
450 0.001130 0.180264 300.000000 6.741573
460 0.000171 0.012922 100.000000 7.874016
460 0.001774 0.113768 200.000000 5.865103
460 0.001099 0.187920 300.000000 6.726458
470 0.000000 0.008561 100.000000 8.196721
470 0.001801 0.124677 200.000000 5.952381
470 0.001095 0.195015 300.000000 6.726458
480 0.000000 0.009037 100.000000 8.547009
480 0.001797 0.132356 200.000000 6.060606
480 0.001107 0.196941 300.000000 6.741573
490 0.000000 0.009727 100.000000 8.928572
490 0.001788 0.139891 200.000000 6.172840
490 0.001108 0.197850 300.000000 6.756757
500 0.000000 0.009606 100.000000 9.259259
500 0.001790 0.151917 200.000000 6.250000
500 0.001110 0.199740 300.000000 6.787330
510 0.000000 0.010642 100.000000 9.433962
510 0.001787 0.165032 200.000000 6.309148
510 0.001112 0.201551 300.000000 6.787330
520 0.000000 0.009829 100.000000 9.345795
520 0.001786 0.180354 200.000000 6.349206
520 0.001108 0.204398 300.000000 6.741573
530 0.003843 0.109513 100.000000 8.196721
530 0.001795 0.199480 200.000000 6.369427
530 0.001119 0.209087 300.000000 6.681514
540 0.003692 0.097178 100.000000 4.608295
540 0.001792 0.214826 200.000000 6.410256
540 0.001124 0.212056 300.000000 6.607930
550 0.003700 0.111627 100.000000 4.566210
550 0.001796 0.229449 200.000000 6.451613
550 0.001128 0.215383 300.000000 6.410256
560 0.003713 0.139256 100.000000 4.566210
560 0.001807 0.247064 200.000000 6.472492
560 0.001135 0.220240 300.000000 6.072875
570 0.003716 0.173899 100.000000 4.587156
570 0.001798 0.263565 200.000000 6.472492
570 0.001124 0.224273 300.000000 5.870842
580 0.003706 0.207697 100.000000 4.629630
580 0.001781 0.282937 200.000000 6.349206
590 0.003690 0.245544 100.000000 4.651163
590 0.001685 0.297926 200.000000 6.134969
600 0.003672 0.281314 100.000000 4.672897
600 0.001709 0.302278 200.000000 5.988024
610 0.003672 0.317498 100.000000 4.694836
610 0.001715 0.305904 200.000000 5.934718
620 0.003657 0.348799 100.000000 4.739336
620 0.001706 0.309319 200.000000 5.899705
630 0.003657 0.376927 100.000000 4.807693
630 0.001708 0.313083 200.000000 5.899705
640 0.001675 0.187031 100.000000 4.950495
640 0.000727 0.151835 200.000000 5.952381
650 0.000000 0.023457 100.000000 5.154639
650 0.000210 0.022433 200.000000 6.079027
660 0.000045 0.023659 100.000000 5.434783
660 0.000224 0.022491 200.000000 6.230530
670 0.000138 0.024566 100.000000 5.714286
670 0.000233 0.022733 200.000000 6.430868
680 0.000195 0.024583 100.000000 6.060606
680 0.000244 0.022865 200.000000 6.644518
690 0.000227 0.024827 100.000000 6.451613
690 0.000252 0.023044 200.000000 6.872852
700 0.000264 0.024661 100.000000 6.896552
700 0.000260 0.022892 200.000000 7.117438
710 0.000284 0.024757 100.000000 7.407407
710 0.000266 0.022909 200.000000 7.380074
720 0.000298 0.022993 100.000000 8.000000
720 0.000269 0.022406 200.000000 7.633588
730 0.000306 0.020818 100.000000 8.695652
730 0.000270 0.021443 200.000000 7.936508
740 0.000300 0.019695 100.000000 9.345795
740 0.000264 0.020579 200.000000 8.163265
750 0.000241 0.013334 100.000000 10.101010
750 0.000226 0.014478 200.000000 8.333333
760 0.000159 0.008967 100.000000 10.526316
760 0.000184 0.010020 200.000000 8.333333
770 0.000146 0.007296 100.000000 10.869565
770 0.000167 0.010477 200.000000 7.843137
780 0.000132 0.008040 100.000000 10.869565
780 0.000149 0.011908 200.000000 7.092198
790 0.000154 0.009334 100.000000 10.526316
800 0.000273 0.009850 100.000000 9.433962
810 0.000242 0.005919 100.000000 8.403361
820 0.000222 0.003096 100.000000 8.000000
830 0.000219 0.003741 100.000000 7.692307
840 0.000209 0.007457 100.000000 7.352941
850 0.000181 0.011841 100.000000 6.993007
860 0.000151 0.015590 100.000000 6.134969
870 0.000089 0.019097 100.000000 5.208333
880 0.000000 0.024271 100.000000 4.830918
