1.000000 0.000000 0.000000 0.000000 0.000000 1.000000 0.000000 0.000000 0.000000 0.000000 1.000000 0.000000
0.999998 0.000720 0.001401 -0.004630 -0.000714 0.999988 -0.004630 -0.002446 -0.001404 0.004629 0.999988 0.961204
0.999993 -0.001583 0.002050 -0.002368 0.001594 0.999980 -0.005467 -0.001366 -0.002042 0.005470 0.999980 1.920117
0.999988 -0.003230 0.001961 -0.000436 0.003233 0.999988 -0.001467 -0.001895 -0.001956 0.001473 0.999992 2.879357
0.999979 -0.005660 0.001182 0.001682 0.005655 0.999969 0.004555 -0.004033 -0.001208 -0.004548 0.999985 3.838109
0.999946 -0.009369 -0.000286 0.004445 0.009370 0.999935 0.004521 -0.001210 0.000244 -0.004523 0.999979 4.781952
0.999915 -0.011993 -0.001366 0.003649 0.011995 0.999914 0.001682 0.001698 0.001346 -0.001698 0.999986 5.718114
0.999903 -0.012664 -0.002195 -0.000029 0.012660 0.999903 -0.001795 0.002985 0.002217 0.001767 0.999981 6.650652
0.999903 -0.012411 -0.003100 -0.006372 0.012404 0.999904 -0.002387 0.002863 0.003130 0.002348 0.999977 7.584480
0.999903 -0.012042 -0.004126 -0.014738 0.012040 0.999911 -0.000566 0.002458 0.004132 0.000516 0.999975 8.515289
0.999888 -0.011920 -0.005009 -0.021947 0.011932 0.999898 0.002391 0.002106 0.004980 -0.002451 0.999957 9.444795
0.999879 -0.012163 -0.006015 -0.029599 0.012186 0.999889 0.003841 0.003653 0.005968 -0.003914 0.999946 10.368218
0.999853 -0.013569 -0.006666 -0.037126 0.013600 0.999864 0.004626 0.007335 0.006602 -0.004717 0.999934 11.287999
0.999834 -0.013793 -0.007614 -0.045234 0.013829 0.999852 0.004599 0.010288 0.007550 -0.004704 0.999919 12.201105
0.999811 -0.014153 -0.008328 -0.057250 0.014179 0.999843 0.003165 0.012824 0.008283 -0.003283 0.999908 13.115307
0.999786 -0.014646 -0.009768 -0.070137 0.014657 0.999836 0.001124 0.015862 0.009750 -0.001267 0.999894 14.027346
0.999747 -0.016021 -0.011354 -0.082416 0.016019 0.999815 -0.000225 0.018020 0.011356 0.000043 0.999877 14.933143
0.999736 -0.015679 -0.013049 -0.097731 0.015669 0.999824 -0.000879 0.017538 0.013061 0.000674 0.999860 15.835728
0.999736 -0.014413 -0.014628 -0.116682 0.014389 0.999844 -0.001743 0.015588 0.014652 0.001532 0.999840 16.736046
0.999723 -0.012989 -0.016295 -0.137605 0.012962 0.999857 -0.001724 0.014305 0.016316 0.001512 0.999808 17.633188
0.999687 -0.013477 -0.017808 -0.157755 0.013463 0.999848 -0.000893 0.013365 0.017818 0.000653 0.999779 18.527246
0.999667 -0.012972 -0.019215 -0.180378 0.012982 0.999853 0.000431 0.012066 0.019208 -0.000680 0.999752 19.416348
0.999642 -0.012637 -0.020626 -0.204080 0.012661 0.999856 0.001052 0.011393 0.020611 -0.001313 0.999723 20.300952
0.999594 -0.013690 -0.022210 -0.226497 0.013713 0.999842 0.000891 0.011597 0.022196 -0.001195 0.999689 21.179982
0.999554 -0.013814 -0.023879 -0.251201 0.013830 0.999841 0.000484 0.011743 0.023870 -0.000814 0.999651 22.052656
0.999538 -0.013693 -0.025097 -0.276037 0.013719 0.999854 0.000870 0.012303 0.025083 -0.001214 0.999633 22.917136
0.999503 -0.013545 -0.026280 -0.301591 0.013623 0.999846 0.002815 0.014226 0.026239 -0.003172 0.999593 23.776797
0.999463 -0.014662 -0.027104 -0.326401 0.014819 0.999815 0.005574 0.016531 0.027019 -0.005973 0.999557 24.626279
0.999445 -0.014495 -0.027842 -0.353220 0.014700 0.999807 0.007163 0.018316 0.027735 -0.007568 0.999526 25.466588
0.999432 -0.013837 -0.028589 -0.381535 0.014015 0.999823 0.006030 0.020965 0.028502 -0.006428 0.999512 26.293652
0.999427 -0.012303 -0.029402 -0.413036 0.012408 0.999856 0.003393 0.024420 0.029358 -0.003756 0.999500 27.110188
0.999405 -0.011955 -0.030269 -0.440532 0.012012 0.999865 0.001676 0.027531 0.030247 -0.002039 0.999478 27.914916
0.999381 -0.011162 -0.031336 -0.469695 0.011209 0.999875 0.001307 0.028883 0.031319 -0.001657 0.999446 28.709516
0.999342 -0.011328 -0.032522 -0.499237 0.011361 0.999874 0.000821 0.027689 0.032511 -0.001190 0.999409 29.497458
0.999274 -0.011054 -0.034595 -0.529545 0.011061 0.999875 0.000016 0.025984 0.034592 -0.000398 0.999339 30.274467
0.999198 -0.010961 -0.036662 -0.560453 0.010964 0.999872 -0.000106 0.027018 0.036661 -0.000296 0.999261 31.044114
0.999119 -0.010870 -0.038743 -0.592540 0.010914 0.999869 0.000908 0.030549 0.038731 -0.001331 0.999180 31.808279
0.999033 -0.011213 -0.040910 -0.624371 0.011353 0.999864 0.003185 0.031888 0.040872 -0.003646 0.999094 32.561116
0.998960 -0.010187 -0.042951 -0.660288 0.010396 0.999870 0.004659 0.033367 0.042901 -0.005101 0.999004 33.304698
0.998881 -0.008919 -0.045036 -0.696621 0.009147 0.999881 0.004853 0.035571 0.044991 -0.005260 0.998911 34.036379
0.998813 -0.006359 -0.046938 -0.737306 0.006555 0.999905 0.004034 0.037532 0.046911 -0.004337 0.998827 34.755453
0.998728 -0.004705 -0.048862 -0.777376 0.004872 0.999916 0.003307 0.040551 0.048846 -0.003541 0.998736 35.464884
0.998646 -0.004384 -0.050561 -0.816167 0.004612 0.999914 0.004383 0.044643 0.050541 -0.004611 0.998648 36.167101
0.998591 -0.003028 -0.051759 -0.856265 0.003353 0.999910 0.006201 0.048667 0.051739 -0.006366 0.998578 36.861892
0.998586 -0.000155 -0.051930 -0.897618 0.000507 0.999912 0.006759 0.050437 0.051928 -0.006776 0.998565 37.542695
0.998633 0.002972 -0.050916 -0.938285 -0.002736 0.999919 0.004721 0.050824 0.050929 -0.004576 0.998628 38.208673
0.998705 0.004605 -0.049359 -0.974182 -0.004534 0.999922 0.001544 0.054088 0.049366 -0.001318 0.998716 38.861616
0.998800 0.005098 -0.047327 -1.005364 -0.005123 0.999920 -0.000402 0.058974 0.047324 0.000644 0.998815 39.507951
0.998931 0.006253 -0.044344 -1.035589 -0.006243 0.999914 0.000354 0.062375 0.044345 -0.000077 0.998953 40.151633
0.999024 0.010972 -0.041226 -1.068427 -0.010853 0.999870 0.003122 0.061500 0.041258 -0.002671 0.999082 40.789369
0.999111 0.015291 -0.037584 -1.097920 -0.015051 0.999798 0.006673 0.061219 0.037681 -0.006102 0.999208 41.414953
0.999167 0.020331 -0.033444 -1.123695 -0.020087 0.999701 0.007625 0.063791 0.033591 -0.006947 0.999346 42.021491
0.999243 0.024075 -0.028223 -1.144914 -0.023862 0.999614 0.007863 0.068509 0.028403 -0.007184 0.999503 42.610957
0.999288 0.027851 -0.022560 -1.161247 -0.027635 0.999499 0.009835 0.073720 0.022825 -0.009205 0.999630 43.183853
0.999269 0.032615 -0.016126 -1.175207 -0.032439 0.999342 0.011057 0.076729 0.016477 -0.010527 0.999742 43.737281
0.999245 0.035869 -0.009186 -1.183414 -0.035770 0.999231 0.010733 0.078235 0.009565 -0.010397 0.999833 44.270817
0.999158 0.039243 -0.001995 -1.187480 -0.039219 0.999101 0.010815 0.079738 0.002418 -0.010729 0.999872 44.784101
0.998961 0.043581 0.005379 -1.187129 -0.043635 0.998918 0.010371 0.082934 -0.004922 -0.010596 0.999859 45.274831
0.998693 0.047863 0.012836 -1.183829 -0.047964 0.998740 0.007645 0.085816 -0.012455 -0.008251 0.999812 45.743068
0.998470 0.049694 0.020713 -1.174466 -0.049797 0.998668 0.004515 0.087791 -0.020462 -0.005540 0.999697 46.187469
0.998256 0.050138 0.028431 -1.158331 -0.050279 0.998644 0.004274 0.089749 -0.028180 -0.005697 0.999507 46.616146
0.998040 0.049403 0.036242 -1.137798 -0.049641 0.998669 0.005692 0.090277 -0.035916 -0.007481 0.999248 47.018107
0.997641 0.051047 0.044098 -1.115999 -0.051378 0.998577 0.006405 0.091336 -0.043712 -0.008656 0.998928 47.398800
0.997047 0.054174 0.052842 -1.099111 -0.054596 0.998402 0.006576 0.092332 -0.052406 -0.009442 0.998499 47.750416
0.996280 0.058895 0.061462 -1.079184 -0.059376 0.998127 0.006027 0.092219 -0.060998 -0.009655 0.998004 48.080106
0.995461 0.062653 0.070353 -1.056236 -0.063235 0.997889 0.006076 0.091815 -0.069830 -0.010498 0.997415 48.384113
0.994803 0.062018 0.079586 -1.026395 -0.062749 0.997913 0.006718 0.090655 -0.079011 -0.011678 0.996714 48.666425
0.993966 0.060843 0.090201 -0.992813 -0.061534 0.997997 0.004896 0.089355 -0.089731 -0.010418 0.995818 48.938332
0.992890 0.059480 0.102111 -0.959221 -0.059832 0.998105 0.000385 0.089646 -0.101905 -0.006493 0.994674 49.206046
0.990626 0.058537 0.122551 -1.202991 -0.058171 0.998176 -0.006564 0.188418 -0.122725 -0.000627 0.992336 49.800540
0.988471 0.060230 0.138103 -1.163216 -0.059581 0.998070 -0.008832 0.188382 -0.138385 0.000502 0.990269 50.067546
0.985968 0.061790 0.154314 -1.116037 -0.060954 0.997969 -0.010149 0.187135 -0.154646 0.000601 0.987856 50.328065
0.983125 0.062328 0.171281 -1.063388 -0.061278 0.997932 -0.011411 0.186515 -0.171660 0.000723 0.985038 50.588550
0.979873 0.061381 0.189268 -1.000481 -0.060093 0.997982 -0.012540 0.184833 -0.189681 0.000914 0.981718 50.842725
0.976005 0.060323 0.208584 -0.932378 -0.058933 0.998043 -0.012879 0.182754 -0.208982 0.000278 0.977788 51.094163
0.971444 0.060553 0.228811 -0.862093 -0.058885 0.998025 -0.014115 0.181087 -0.229247 0.000238 0.973233 51.346718
0.966100 0.062648 0.249871 -0.784630 -0.060506 0.997888 -0.016251 0.177946 -0.250399 0.000581 0.967998 51.595942
0.959845 0.063937 0.272615 -0.699903 -0.061259 0.997806 -0.018334 0.175440 -0.273230 0.000898 0.961803 51.846157
0.952496 0.065076 0.297033 -0.606086 -0.062107 0.997734 -0.019433 0.171341 -0.297669 0.000062 0.954524 52.097798
0.943918 0.067889 0.322679 -0.506136 -0.064812 0.997546 -0.020285 0.165881 -0.323312 -0.001766 0.946145 52.347399
0.934003 0.069925 0.349947 -0.397686 -0.066683 0.997403 -0.021321 0.158586 -0.350580 -0.003422 0.936381 52.593121
0.922764 0.070612 0.378468 -0.277726 -0.067077 0.997351 -0.022533 0.149579 -0.379111 -0.004594 0.925194 52.833296
0.910050 0.068795 0.408405 -0.141423 -0.064400 0.997481 -0.024520 0.140810 -0.409122 -0.003987 0.912324 53.066595
0.895156 0.066018 0.440519 0.007333 -0.060260 0.997675 -0.027066 0.132465 -0.441346 -0.002318 0.897186 53.291721
0.877857 0.065356 0.474174 0.165981 -0.057446 0.997733 -0.031167 0.124184 -0.475199 0.000121 0.879741 53.512467
0.858290 0.067227 0.508496 0.333669 -0.056746 0.997609 -0.036110 0.115899 -0.509774 0.002138 0.860168 53.735625
0.836484 0.069208 0.543376 0.518870 -0.056234 0.997473 -0.040476 0.107229 -0.544874 0.003301 0.838373 53.959825
0.811980 0.072128 0.579004 0.719955 -0.057237 0.997271 -0.043964 0.096807 -0.580668 0.002558 0.813997 54.185923
0.784589 0.076040 0.615138 0.935151 -0.059983 0.996982 -0.046734 0.083520 -0.616914 -0.000231 0.786885 54.416871
0.754652 0.080293 0.651005 1.166625 -0.063461 0.996639 -0.049357 0.068006 -0.652864 -0.004067 0.757311 54.649054
0.721687 0.081431 0.687231 1.425089 -0.063152 0.996535 -0.051763 0.051657 -0.689155 -0.006044 0.724426 54.876755
0.685110 0.078936 0.723976 1.711951 -0.059411 0.996728 -0.052453 0.032436 -0.725843 -0.007077 0.687651 55.102197
0.645989 0.077528 0.759232 2.019435 -0.056472 0.996829 -0.053741 0.013077 -0.761092 -0.008160 0.648408 55.321216
0.603593 0.077110 0.793389 2.353453 -0.054434 0.996844 -0.055471 -0.005041 -0.795271 -0.009707 0.605970 55.537387
0.557555 0.076791 0.826421 2.710262 -0.050733 0.996871 -0.058401 -0.025015 -0.828434 -0.009366 0.559785 55.741762
0.509378 0.075711 0.857050 3.097187 -0.047581 0.996943 -0.059790 -0.047768 -0.859077 -0.010325 0.511496 55.937334
0.460671 0.073801 0.884345 3.506634 -0.045699 0.997053 -0.059400 -0.070861 -0.886248 -0.013052 0.462752 56.119583
0.410908 0.071673 0.908704 3.940673 -0.045500 0.997138 -0.058073 -0.092988 -0.910396 -0.017486 0.413054 56.290525
0.360802 0.071424 0.929754 4.390028 -0.048436 0.997014 -0.057795 -0.113669 -0.931241 -0.024184 0.363239 56.444429
0.311478 0.071762 0.947387 4.856089 -0.046249 0.996962 -0.060311 -0.134283 -0.948981 -0.025034 0.313900 56.574737
0.264519 0.068478 0.961792 5.344510 -0.035179 0.997348 -0.061334 -0.163585 -0.963591 -0.017613 0.266270 56.670130
0.220568 0.062571 0.973209 5.853408 -0.022003 0.997856 -0.059168 -0.192373 -0.974976 -0.008364 0.221508 56.741940
0.178454 0.061675 0.981861 6.377390 -0.012973 0.997944 -0.060327 -0.217853 -0.983717 -0.001973 0.178917 56.802831
0.139931 0.063238 0.987988 6.909043 -0.009695 0.997847 -0.062496 -0.240221 -0.989968 -0.000834 0.140266 56.858342
0.107322 0.063987 0.992011 7.456805 -0.000871 0.997781 -0.064264 -0.271747 -0.994078 0.006034 0.107158 56.892583
0.078333 0.062253 0.994823 8.014584 0.006306 0.997839 -0.062938 -0.306858 -0.996755 0.011205 0.077785 56.914618
0.053265 0.060591 0.996581 8.587308 0.013246 0.997867 -0.061377 -0.337989 -0.998340 0.016472 0.052359 56.928562
0.033347 0.059718 0.997499 9.171460 0.017837 0.997859 -0.060335 -0.363512 -0.999132 0.019808 0.032217 56.933543
0.017494 0.061529 0.997792 9.764330 0.020534 0.997713 -0.061884 -0.391714 -0.999483 0.021574 0.016195 56.934949
0.004047 0.061210 0.997954 10.365359 0.021278 0.997731 -0.061283 -0.424382 -0.999609 0.021487 0.002737 56.932365
-0.007664 0.062091 0.997873 10.975872 0.021923 0.997673 -0.061910 -0.458632 -0.999569 0.021405 -0.009008 56.926420
-0.016697 0.065087 0.997574 11.597307 0.026771 0.997385 -0.064626 -0.490129 -0.999343 0.025632 -0.018397 56.908616
-0.023153 0.067135 0.997311 12.231898 0.031087 0.997145 -0.066402 -0.521912 -0.999091 0.029471 -0.025177 56.886583
-0.027812 0.066469 0.997233 12.875662 0.031579 0.997180 -0.065585 -0.555553 -0.998953 0.029673 -0.029837 56.868782
-0.031412 0.063747 0.997295 13.531798 0.029295 0.997418 -0.062832 -0.589729 -0.998907 0.027247 -0.033203 56.854491
-0.033879 0.056862 0.997630 14.208930 0.027326 0.997883 -0.055949 -0.624056 -0.998882 0.025370 -0.035366 56.836945
-0.035056 0.051197 0.997895 14.895501 0.028609 0.998152 -0.050205 -0.657284 -0.998804 0.026794 -0.036461 56.811814
-0.035444 0.048625 0.998008 15.587831 0.031318 0.998201 -0.047522 -0.690254 -0.998708 0.029577 -0.036909 56.783258
-0.035085 0.050887 0.997907 16.285506 0.034702 0.997983 -0.049670 -0.724071 -0.998608 0.032893 -0.036786 56.754392
-0.034300 0.058296 0.997529 16.985356 0.035760 0.997550 -0.057067 -0.754853 -0.998597 0.033721 -0.036306 56.731426
-0.032029 0.066329 0.997102 17.698114 0.036558 0.997026 -0.065149 -0.786598 -0.998644 0.034372 -0.034364 56.710139
-0.029853 0.067092 0.997118 18.420405 0.037332 0.996943 -0.065962 -0.819799 -0.998682 0.035262 -0.032271 56.690481
-0.027743 0.062714 0.997464 19.157103 0.036750 0.997239 -0.061677 -0.858708 -0.998764 0.034952 -0.029975 56.673857
-0.025155 0.056182 0.997921 19.901777 0.036355 0.997629 -0.055249 -0.902088 -0.998846 0.034896 -0.027141 56.658605
-0.022331 0.054512 0.998077 20.639975 0.034581 0.997771 -0.053721 -0.943625 -0.998972 0.033321 -0.024169 56.648519
-0.018977 0.059951 0.997834 21.370271 0.042428 0.997164 -0.059103 -0.982607 -0.998739 0.041222 -0.021470 56.626564
-0.015573 0.065569 0.997540 22.100576 0.044112 0.996735 -0.064827 -1.020921 -0.998725 0.043002 -0.018417 56.612920
-0.013193 0.066151 0.997536 22.835335 0.038201 0.996928 -0.065605 -1.059844 -0.999003 0.037249 -0.015681 56.615771
-0.009873 0.062645 0.997801 23.572833 0.033813 0.997300 -0.062279 -1.100757 -0.999199 0.033131 -0.011966 56.620681
-0.005071 0.058991 0.998056 24.314259 0.037928 0.997363 -0.058757 -1.148438 -0.999085 0.037563 -0.007295 56.612689
-0.001471 0.060077 0.998003 25.054027 0.042712 0.997098 -0.059959 -1.191974 -0.998903 0.042547 -0.004032 56.605608
0.001421 0.064717 0.997713 25.789733 0.042480 0.996810 -0.064719 -1.232601 -0.998913 0.042483 -0.001332 56.609310
0.005198 0.065494 0.997649 26.525257 0.038938 0.996893 -0.065647 -1.272449 -0.999044 0.039196 0.002634 56.620625
0.008886 0.065033 0.997652 27.261277 0.038237 0.996940 -0.065327 -1.316273 -0.999044 0.038736 0.006374 56.632186
0.012599 0.061865 0.997812 28.009351 0.042398 0.996962 -0.062347 -1.362099 -0.998835 0.043099 0.009941 56.637247
0.016245 0.062438 0.997723 28.756263 0.046987 0.996705 -0.063139 -1.408367 -0.998576 0.047916 0.013261 56.643975
0.019884 0.063308 0.997612 29.503782 0.049903 0.996504 -0.064232 -1.451625 -0.998379 0.051071 0.016660 56.655303
0.022560 0.063238 0.997559 30.254206 0.050399 0.996472 -0.064309 -1.494886 -0.998297 0.051736 0.019298 56.674801
0.026157 0.061767 0.997563 31.007048 0.051866 0.996476 -0.063060 -1.538911 -0.998134 0.053399 0.022867 56.693482
0.030026 0.060691 0.997519 31.759327 0.053956 0.996415 -0.062248 -1.585558 -0.997913 0.055702 0.026651 56.711465
0.032875 0.061005 0.997407 32.513276 0.052320 0.996473 -0.062673 -1.628029 -0.997907 0.054255 0.029575 56.740123
0.036062 0.062730 0.997189 33.263781 0.049641 0.996493 -0.064482 -1.671459 -0.997933 0.051837 0.032830 56.772079
0.038931 0.062733 0.997080 34.020336 0.051390 0.996390 -0.064696 -1.715944 -0.997736 0.053770 0.035575 56.800807
0.041712 0.062466 0.996983 34.780595 0.049172 0.996514 -0.064494 -1.760594 -0.997735 0.051724 0.038504 56.836407
0.044084 0.062814 0.996860 35.539300 0.047560 0.996567 -0.064898 -1.804560 -0.997711 0.050282 0.040955 56.875223
0.046971 0.062818 0.996726 36.301318 0.044616 0.996700 -0.064919 -1.851513 -0.997714 0.047529 0.044024 56.917264
0.050373 0.064820 0.996430 37.064136 0.043264 0.996619 -0.067019 -1.897398 -0.997606 0.046495 0.047409 56.958764
0.053773 0.068309 0.996019 37.826339 0.042275 0.996413 -0.070619 -1.944651 -0.997471 0.045914 0.050704 57.002948
0.057300 0.070418 0.995672 38.593487 0.042476 0.996236 -0.072902 -1.994924 -0.997262 0.046479 0.054106 57.047644
0.060188 0.072774 0.995327 39.364530 0.036387 0.996313 -0.075046 -2.042756 -0.997328 0.040743 0.057331 57.105115
0.062949 0.071965 0.995214 40.139532 0.032751 0.996507 -0.074130 -2.093513 -0.997283 0.037268 0.060387 57.163052
0.066770 0.072557 0.994922 40.916514 0.034926 0.996368 -0.075006 -2.147629 -0.996960 0.039765 0.064008 57.214708
0.070708 0.073669 0.994568 41.694832 0.034249 0.996298 -0.076232 -2.202928 -0.996712 0.039462 0.067939 57.271455
0.074423 0.074619 0.994226 42.487089 0.030392 0.996360 -0.077053 -2.255067 -0.996567 0.035959 0.071901 57.341331
0.078715 0.072657 0.994041 43.285165 0.029479 0.996531 -0.075173 -2.308275 -0.996264 0.035228 0.076317 57.408860
0.083601 0.072455 0.993656 44.084877 0.030108 0.996511 -0.075196 -2.368022 -0.995847 0.036211 0.081146 57.476323
0.088697 0.076023 0.992947 44.880366 0.026709 0.996339 -0.078668 -2.425680 -0.995502 0.033506 0.086362 57.555136
0.094833 0.084585 0.991699 45.673501 0.025070 0.995673 -0.087321 -2.484906 -0.994991 0.033150 0.092322 57.638846
0.102227 0.089405 0.990543 46.470026 0.023585 0.995265 -0.092265 -2.546058 -0.994297 0.032801 0.099655 57.725704
0.109514 0.092359 0.989493 47.267898 0.019430 0.995094 -0.095032 -2.612102 -0.993611 0.029639 0.107205 57.824462
0.116658 0.090584 0.988842 48.078104 0.015719 0.995351 -0.093034 -2.682698 -0.992865 0.026402 0.114715 57.930305
0.124332 0.088898 0.988072 48.888311 0.015836 0.995498 -0.091558 -2.750997 -0.991944 0.027036 0.122388 58.036955
0.131738 0.085484 0.987411 49.697414 0.015553 0.995796 -0.088285 -2.816932 -0.990990 0.026993 0.129881 58.150232
0.139208 0.080067 0.986838 50.510542 0.013748 0.996294 -0.082773 -2.880317 -0.989993 0.025094 0.137618 58.273335
0.146392 0.072667 0.986369 51.321182 0.011429 0.996925 -0.075140 -2.940406 -0.988983 0.022277 0.145141 58.403689
0.153969 0.069970 0.985409 52.128985 0.011549 0.997111 -0.072605 -3.003188 -0.987830 0.022563 0.152746 58.536616
0.161189 0.071780 0.984136 52.926624 0.011563 0.996975 -0.074610 -3.061428 -0.986690 0.023410 0.159901 58.671372
0.167005 0.078455 0.982658 53.710917 0.012147 0.996421 -0.081618 -3.119058 -0.985717 0.025571 0.165485 58.810664
0.172094 0.081996 0.981488 54.490801 0.010886 0.996141 -0.085129 -3.177698 -0.984855 0.025340 0.170568 58.953917
0.177108 0.084990 0.980341 55.266195 0.009649 0.995897 -0.088082 -3.242790 -0.983978 0.025064 0.175593 59.102014
0.182456 0.084516 0.979401 56.035015 0.007304 0.995985 -0.087307 -3.307705 -0.983021 0.023087 0.181139 59.253158
0.187802 0.081587 0.978637 56.800021 0.011382 0.996125 -0.085229 -3.370409 -0.981973 0.027150 0.186180 59.398523
0.192402 0.074884 0.978278 57.560051 0.012218 0.996652 -0.078693 -3.429052 -0.981071 0.027099 0.190879 59.549505
0.195617 0.068710 0.978093 58.312459 0.010364 0.997170 -0.072123 -3.489124 -0.980456 0.024250 0.194387 59.707354
0.198840 0.065367 0.977672 59.052495 0.006727 0.997487 -0.068060 -3.544251 -0.979839 0.020113 0.197937 59.868706
0.202097 0.065452 0.976995 59.779068 0.005184 0.997504 -0.067898 -3.595973 -0.979179 0.018790 0.201291 60.024848
0.204308 0.067571 0.976388 60.494765 0.003369 0.997382 -0.069728 -3.645739 -0.978725 0.017538 0.203585 60.181322
0.205739 0.071888 0.975779 61.193995 -0.000728 0.997131 -0.073307 -3.697297 -0.978431 0.014374 0.205240 60.340120
0.207752 0.075958 0.975044 61.883791 -0.001884 0.996832 -0.077254 -3.750474 -0.978004 0.014215 0.207277 60.495508
0.209871 0.081386 0.974151 62.566094 -0.002469 0.996391 -0.082711 -3.803407 -0.977549 0.014957 0.209355 60.648461
0.211515 0.083399 0.973623 63.242479 -0.001666 0.996201 -0.084970 -3.856420 -0.977194 0.016354 0.210892 60.799346
0.212898 0.083278 0.973336 63.911252 -0.004104 0.996251 -0.084341 -3.910966 -0.976890 0.013965 0.212482 60.953635
0.213563 0.080273 0.973445 64.572315 -0.003994 0.996507 -0.081298 -3.967065 -0.976748 0.013477 0.213177 61.102358
0.214298 0.077697 0.973494 65.228385 -0.003965 0.996719 -0.078678 -4.022532 -0.976589 0.013003 0.213943 61.250459
0.214148 0.076463 0.973625 65.874354 -0.003024 0.996805 -0.077618 -4.073658 -0.976625 0.013680 0.213736 61.394435
0.212735 0.075740 0.973992 66.511843 -0.003308 0.996869 -0.076796 -4.124370 -0.976933 0.013118 0.212360 61.538376
0.211096 0.076622 0.974279 67.132304 -0.004484 0.996815 -0.077422 -4.174752 -0.977283 0.011977 0.210807 61.677459
0.208877 0.079392 0.974534 67.741242 -0.005291 0.996602 -0.080055 -4.225583 -0.977755 0.011568 0.208627 61.812769
0.206654 0.083209 0.974692 68.342109 -0.003475 0.996262 -0.084314 -4.276416 -0.978238 0.014040 0.206209 61.941579
0.205044 0.083726 0.974992 68.939442 -0.001131 0.996186 -0.085308 -4.323801 -0.978587 0.016392 0.204394 62.064987
0.202839 0.082720 0.975537 69.532951 -0.001877 0.996286 -0.084088 -4.368474 -0.979042 0.015229 0.202278 62.191280
0.200360 0.079786 0.976291 70.118940 -0.002151 0.996539 -0.080999 -4.416471 -0.979550 0.014132 0.199876 62.315100
0.198256 0.075834 0.977038 70.697835 -0.001822 0.996859 -0.077003 -4.467222 -0.979981 0.013489 0.197808 62.435265
0.196399 0.074787 0.977492 71.265514 0.001765 0.996887 -0.076626 -4.516196 -0.980354 0.016778 0.195692 62.548034
0.194693 0.076228 0.977722 71.815089 0.005446 0.996705 -0.078792 -4.558603 -0.980680 0.020669 0.193672 62.651659
0.192217 0.078258 0.978046 72.362616 0.009613 0.996440 -0.081619 -4.599151 -0.981131 0.025095 0.190817 62.754594
0.190573 0.080084 0.978217 72.907007 0.009066 0.996301 -0.083330 -4.641196 -0.981455 0.024754 0.189179 62.860941
0.189312 0.082601 0.978250 73.450473 0.008753 0.996092 -0.085802 -4.685238 -0.981699 0.024811 0.187886 62.968535
0.188028 0.080934 0.978639 73.997906 0.010587 0.996194 -0.084420 -4.731101 -0.981929 0.026239 0.186492 63.074371
0.188804 0.079344 0.978623 74.550772 0.016731 0.996149 -0.083992 -4.773124 -0.981699 0.032237 0.186786 63.173380
0.191198 0.077517 0.978319 75.106803 0.021678 0.996137 -0.083165 -4.812716 -0.981153 0.037115 0.188813 63.272715
0.193175 0.076861 0.977982 75.657994 0.024631 0.996070 -0.083148 -4.854873 -0.980695 0.040158 0.190556 63.380076
0.196569 0.076559 0.977328 76.213500 0.022086 0.996183 -0.082478 -4.901000 -0.980079 0.037805 0.194162 63.498817
0.201977 0.077214 0.976171 76.772477 0.020913 0.996154 -0.083121 -4.945316 -0.979003 0.037209 0.199622 63.620722
0.208595 0.076082 0.974865 77.336589 0.022227 0.996175 -0.082501 -4.986583 -0.977583 0.038884 0.206144 63.743767
0.216237 0.076421 0.973173 77.900728 0.020303 0.996197 -0.082740 -5.026824 -0.975964 0.037656 0.213902 63.875660
0.224611 0.074244 0.971444 78.473700 0.020905 0.996330 -0.080979 -5.069555 -0.974059 0.038503 0.222275 64.016409
0.233572 0.073979 0.969348 79.049178 0.017372 0.996457 -0.080234 -5.116610 -0.972018 0.035586 0.231501 64.165408
0.243234 0.073634 0.966988 79.630204 0.016408 0.996485 -0.080007 -5.160607 -0.969655 0.035333 0.241216 64.321528
0.252826 0.077592 0.964207 80.214002 0.011013 0.996302 -0.083062 -5.203795 -0.967267 0.031625 0.251085 64.488943
0.262273 0.079824 0.961496 80.807146 0.007684 0.996185 -0.084799 -5.247141 -0.964779 0.029634 0.260711 64.664714
0.273033 0.082585 0.958261 81.407672 0.003555 0.996031 -0.086853 -5.294371 -0.961813 0.027125 0.271709 64.849338
0.283324 0.084346 0.955114 82.016889 0.002281 0.995878 -0.088622 -5.343982 -0.958835 0.027293 0.282019 65.039875
0.293158 0.085127 0.952073 82.637003 -0.000820 0.995867 -0.088790 -5.394317 -0.955878 0.025254 0.292073 65.243840
0.303486 0.085463 0.948800 83.265751 -0.001466 0.995826 -0.089229 -5.444203 -0.952647 0.025694 0.302404 65.456941
0.313640 0.086542 0.945392 83.903240 -0.005671 0.995805 -0.089275 -5.492081 -0.949335 0.022644 0.312877 65.683872
0.324221 0.081620 0.942256 84.557366 -0.005139 0.996222 -0.084526 -5.543436 -0.945777 0.022568 0.323479 65.917706
0.335074 0.074548 0.939045 85.219552 -0.001440 0.996724 -0.078613 -5.594428 -0.942005 0.024994 0.334147 66.156174
0.345979 0.070134 0.935428 85.890317 0.000245 0.997019 -0.074842 -5.645833 -0.938061 0.026128 0.344994 66.408782
0.356282 0.066893 0.931784 86.569729 -0.000330 0.997261 -0.071467 -5.692620 -0.934189 0.025160 0.355397 66.676898
0.365786 0.064519 0.928261 87.260301 0.005835 0.997232 -0.071612 -5.736097 -0.930489 0.031618 0.364468 66.948951
0.374399 0.059014 0.925187 87.964365 0.012538 0.997374 -0.068692 -5.776863 -0.926989 0.037326 0.372749 67.229487
0.381441 0.049487 0.922868 88.681386 0.022222 0.997603 -0.062679 -5.819329 -0.923934 0.044424 0.379500 67.516520
0.388536 0.045057 0.920132 89.399124 0.027640 0.997602 -0.060521 -5.863985 -0.920828 0.048957 0.386433 67.815272
0.395658 0.045049 0.917094 90.112177 0.029567 0.997472 -0.061753 -5.913586 -0.917731 0.051558 0.393401 68.124353
0.403167 0.051228 0.913502 90.820935 0.031865 0.996868 -0.069966 -5.957810 -0.914390 0.057327 0.400344 68.435901
0.410366 0.055500 0.910038 91.523809 0.035645 0.996232 -0.076830 -6.002415 -0.911039 0.063978 0.406917 68.748315
0.415728 0.057594 0.907469 92.225390 0.033862 0.996144 -0.078734 -6.055265 -0.908671 0.063473 0.412251 69.074650
0.420156 0.059284 0.905317 92.917324 0.026700 0.996447 -0.077642 -6.113475 -0.906870 0.056805 0.417158 69.410957
0.424056 0.062994 0.903245 93.600933 0.020054 0.996502 -0.078913 -6.173481 -0.905224 0.051587 0.421389 69.749981
0.428094 0.066128 0.901113 94.274506 0.019169 0.996252 -0.082216 -6.232933 -0.903341 0.052480 0.425301 70.076905
0.432146 0.070275 0.898861 94.942733 0.015903 0.996030 -0.085517 -6.293163 -0.901471 0.051261 0.429394 70.406638
0.435623 0.073280 0.896940 95.600986 0.012836 0.995893 -0.087598 -6.354281 -0.899845 0.049682 0.432975 70.737142
0.439522 0.071762 0.895159 96.255862 0.011678 0.996083 -0.085586 -6.415693 -0.897963 0.048079 0.437045 71.067115
0.443623 0.068689 0.893374 96.906592 0.012686 0.996297 -0.082901 -6.475461 -0.895930 0.048120 0.441191 71.392986
0.447095 0.066019 0.891843 97.545208 0.012332 0.996542 -0.079951 -6.534610 -0.894207 0.046752 0.444819 71.718742
0.450639 0.064977 0.890135 98.171040 0.011353 0.996669 -0.078501 -6.593923 -0.892439 0.045490 0.448485 72.044539
0.454083 0.066684 0.888255 98.788740 0.009343 0.996602 -0.079594 -6.648944 -0.890713 0.044449 0.452003 72.368079
0.456901 0.067222 0.886766 99.396836 0.010380 0.996485 -0.080887 -6.701159 -0.889257 0.046171 0.454685 72.685180
0.459096 0.065367 0.885763 99.997566 0.012449 0.996528 -0.079993 -6.752642 -0.888093 0.047761 0.456779 72.995864
0.460865 0.064188 0.884931 100.591307 0.014495 0.996513 -0.079830 -6.804790 -0.887145 0.049628 0.458419 73.305362
0.462738 0.064098 0.883959 101.173408 0.013231 0.996582 -0.079190 -6.857521 -0.886189 0.048349 0.460400 73.615244
0.464735 0.063450 0.882954 101.749039 0.014799 0.996540 -0.079401 -6.907461 -0.885115 0.049977 0.462281 73.920360
0.467379 0.065194 0.881421 102.311598 0.014300 0.996387 -0.081280 -6.956274 -0.883721 0.050603 0.464856 74.221629
0.470294 0.065095 0.879876 102.869087 0.017326 0.996201 -0.082962 -7.007418 -0.882119 0.054273 0.467477 74.517262
0.473339 0.064418 0.878291 103.418311 0.018956 0.996144 -0.083278 -7.060259 -0.880454 0.056079 0.470392 74.813412
0.476563 0.062631 0.876674 103.957217 0.022024 0.996092 -0.083134 -7.109298 -0.878640 0.058939 0.473422 75.104442
0.479901 0.061692 0.874917 104.486587 0.023399 0.996066 -0.083068 -7.158731 -0.876785 0.060350 0.476671 75.396300
0.483169 0.061225 0.873148 105.007493 0.024457 0.996013 -0.083373 -7.207152 -0.874958 0.061651 0.479848 75.687183
0.486568 0.060417 0.871314 105.521912 0.025048 0.996024 -0.083052 -7.256787 -0.873054 0.062248 0.483224 75.978275
0.490022 0.059892 0.869410 106.032394 0.026654 0.995932 -0.083631 -7.303769 -0.871070 0.064168 0.486538 76.267667
0.493968 0.061119 0.867086 106.538104 0.026248 0.995812 -0.085145 -7.351903 -0.868849 0.064833 0.490402 76.562393
0.498257 0.061235 0.864620 107.037139 0.028227 0.995616 -0.086778 -7.400738 -0.866333 0.067658 0.494453 76.851183
0.502956 0.064599 0.861646 107.528213 0.026007 0.995405 -0.089807 -7.450618 -0.863680 0.067593 0.499076 77.145431
0.508346 0.070415 0.858019 108.011727 0.022536 0.995007 -0.095009 -7.501584 -0.860616 0.067648 0.504334 77.444408
0.514160 0.077428 0.853942 108.490162 0.017289 0.994564 -0.100587 -7.552928 -0.857278 0.066496 0.510139 77.746943
0.520226 0.083646 0.849671 108.968275 0.012200 0.994148 -0.105338 -7.605393 -0.853699 0.065180 0.516275 78.056109
0.526564 0.088077 0.845308 109.449278 0.008688 0.993795 -0.108960 -7.658511 -0.849848 0.064732 0.522646 78.370437
0.532088 0.088414 0.841806 109.938373 0.004567 0.994004 -0.107285 -7.712264 -0.846432 0.060943 0.528611 78.694517
0.537551 0.087559 0.838419 110.430453 -0.001881 0.994503 -0.102652 -7.768015 -0.842984 0.053615 0.534878 79.028362
0.543277 0.085195 0.834963 110.926487 -0.008082 0.995108 -0.096276 -7.823288 -0.839267 0.045566 0.541427 79.371658
0.549088 0.083451 0.831332 111.427456 -0.014332 0.995584 -0.090473 -7.878840 -0.835395 0.037771 0.547980 79.723769
0.555223 0.081513 0.827440 111.934907 -0.016923 0.995874 -0.086750 -7.931234 -0.831281 0.034171 0.554434 80.078778
0.561514 0.085133 0.822816 112.444775 -0.022011 0.995665 -0.087995 -7.980452 -0.826924 0.031306 0.561077 80.442968
0.567629 0.089033 0.818195 112.958379 -0.025789 0.995356 -0.090419 -8.030072 -0.822628 0.030231 0.567414 80.817453
0.573661 0.092377 0.813604 113.482498 -0.028623 0.995060 -0.092798 -8.081162 -0.818339 0.029953 0.573598 81.205386
0.579963 0.094527 0.808881 114.014642 -0.030877 0.994873 -0.094123 -8.132517 -0.813808 0.029618 0.580034 81.602197
0.586263 0.095531 0.804213 114.555383 -0.033934 0.994842 -0.093437 -8.184928 -0.809164 0.027495 0.586606 82.014213
0.592435 0.097783 0.799401 115.100268 -0.040158 0.994748 -0.091916 -8.240734 -0.804364 0.022357 0.593379 82.441869
0.599412 0.095729 0.794422 115.657380 -0.040555 0.994962 -0.089294 -8.297359 -0.799148 0.021311 0.600410 82.879417
0.606972 0.093727 0.788897 116.224031 -0.040787 0.995165 -0.086851 -8.352988 -0.793404 0.020544 0.608000 83.326102
0.614397 0.093795 0.783117 116.792196 -0.041440 0.995150 -0.086679 -8.409466 -0.787632 0.020808 0.615447 83.787294
0.621923 0.096189 0.776860 117.360815 -0.046193 0.994980 -0.086215 -8.465953 -0.781435 0.017737 0.623390 84.264825
0.629630 0.096825 0.770546 117.937925 -0.046993 0.994907 -0.086618 -8.520159 -0.775189 0.018331 0.631121 84.755902
0.636482 0.097604 0.764792 118.522078 -0.049020 0.994845 -0.086168 -8.574719 -0.769442 0.017359 0.638137 85.257715
0.641567 0.096508 0.760668 119.115874 -0.048980 0.994951 -0.084921 -8.633359 -0.765207 0.017229 0.643209 85.773656
0.645315 0.095100 0.757666 119.719512 -0.047806 0.995069 -0.084181 -8.693790 -0.762120 0.018106 0.646837 86.301569
0.649056 0.092444 0.754800 120.331257 -0.044243 0.995265 -0.083850 -8.753160 -0.759158 0.021034 0.650228 86.833736
0.652655 0.088592 0.752156 120.952838 -0.038912 0.995520 -0.083492 -8.813799 -0.756362 0.025230 0.653333 87.373536
0.656338 0.082229 0.749670 121.583567 -0.031143 0.995919 -0.081974 -8.875036 -0.753529 0.030463 0.656376 87.924600
0.660187 0.076371 0.746891 122.222516 -0.025321 0.996276 -0.079490 -8.935312 -0.750365 0.033575 0.659825 88.486779
0.663401 0.070938 0.744573 122.862839 -0.019858 0.996574 -0.077254 -8.995572 -0.747687 0.036473 0.662702 89.056751
0.666765 0.069404 0.741705 123.500879 -0.019606 0.996700 -0.075640 -9.055549 -0.744693 0.035901 0.666093 89.638039
0.669670 0.070925 0.738938 124.136479 -0.020309 0.996562 -0.077247 -9.114894 -0.742063 0.036732 0.668976 90.228114
0.672880 0.075656 0.735547 124.766334 -0.025872 0.996312 -0.078810 -9.172530 -0.738982 0.034008 0.672524 90.824017
0.675679 0.079341 0.732589 125.396836 -0.032233 0.996180 -0.078160 -9.229819 -0.736174 0.029205 0.675823 91.428274
0.678585 0.076114 0.730246 126.042761 -0.032315 0.996510 -0.073837 -9.289044 -0.733497 0.026513 0.678843 92.043540
0.681987 0.073539 0.727337 126.690905 -0.035607 0.996856 -0.067403 -9.344791 -0.730184 0.020074 0.682628 92.670906
0.685475 0.067920 0.724604 127.341049 -0.034864 0.997328 -0.060502 -9.397780 -0.726951 0.016214 0.686176 93.299927
0.689997 0.063892 0.720667 127.993539 -0.032791 0.997601 -0.057048 -9.447943 -0.722756 0.015735 0.690603 93.932918
0.694665 0.060720 0.716455 128.645499 -0.026939 0.997703 -0.058436 -9.495855 -0.718524 0.021298 0.694868 94.562906
0.699845 0.057447 0.711670 129.295347 -0.016424 0.997568 -0.064374 -9.545093 -0.713802 0.033371 0.699248 95.191733
0.705126 0.058978 0.706307 129.934184 -0.010774 0.997083 -0.072503 -9.598357 -0.708689 0.043524 0.703870 95.823905
0.710724 0.059249 0.700647 130.573253 -0.007764 0.996816 -0.076419 -9.654071 -0.703111 0.048884 0.709090 96.471226
0.716546 0.054879 0.695049 131.215046 -0.005445 0.997078 -0.073112 -9.712844 -0.697196 0.048615 0.714923 97.136090
0.722393 0.049388 0.689385 131.859850 -0.001026 0.997290 -0.070372 -9.776543 -0.691157 0.050141 0.720658 97.808593
0.727725 0.046155 0.683978 132.495325 0.003450 0.997242 -0.070964 -9.836808 -0.685531 0.054015 0.725733 98.481828
0.732277 0.048098 0.678967 133.121103 0.005714 0.996799 -0.076776 -9.896126 -0.680650 0.060115 0.729835 99.158775
0.735921 0.049430 0.674909 133.746973 0.005007 0.996666 -0.078455 -9.956752 -0.676704 0.061131 0.733402 99.848301
0.739063 0.046517 0.671671 134.375055 0.007462 0.996742 -0.077240 -10.022864 -0.673244 0.062112 0.736494 100.541699
0.741564 0.040861 0.669275 135.005496 0.010901 0.997031 -0.072951 -10.088747 -0.670438 0.061409 0.739104 101.235012
0.742958 0.036512 0.667978 135.639711 0.014174 0.997182 -0.070273 -10.151393 -0.668830 0.061693 0.740535 101.935473
0.743594 0.031854 0.667504 136.269339 0.017708 0.997326 -0.067320 -10.210960 -0.668034 0.061895 0.741232 102.633937
0.743886 0.030894 0.667220 136.897677 0.017908 0.997399 -0.066147 -10.269195 -0.667700 0.061170 0.741590 103.339574
0.743810 0.031237 0.667288 137.526081 0.016766 0.997468 -0.065382 -10.325998 -0.667814 0.059835 0.741596 104.048276
0.743347 0.033301 0.667701 138.150559 0.015459 0.997383 -0.066954 -10.382910 -0.668357 0.060108 0.741081 104.751417
0.742169 0.037189 0.668802 138.771619 0.011481 0.997351 -0.068198 -10.441343 -0.669742 0.058308 0.739971 105.454446
0.740319 0.040913 0.670631 139.400116 0.008221 0.997263 -0.069914 -10.501369 -0.671833 0.057287 0.738152 106.161195
0.738352 0.043657 0.672621 140.025742 0.004181 0.997328 -0.069322 -10.561434 -0.674030 0.054010 0.736393 106.863461
0.736061 0.045064 0.675036 140.654976 0.002041 0.997370 -0.068807 -10.622204 -0.676541 0.052037 0.734228 107.561908
0.733844 0.044280 0.677493 141.290661 0.001501 0.997504 -0.066820 -10.681819 -0.678942 0.050066 0.732143 108.258608
0.731400 0.042959 0.680212 141.927401 0.000542 0.997714 -0.063594 -10.739751 -0.681573 0.046894 0.729902 108.952814
0.728780 0.038925 0.683249 142.565269 0.004623 0.997810 -0.061777 -10.798394 -0.684348 0.048194 0.727207 109.632035
0.726065 0.042978 0.685893 143.199281 0.004179 0.997481 -0.066926 -10.860007 -0.687232 0.051473 0.724257 110.307048
0.722624 0.053137 0.688817 143.825466 -0.001262 0.996875 -0.075578 -10.919953 -0.690868 0.053760 0.720629 110.980037
0.719322 0.059657 0.691748 144.456558 -0.003598 0.996357 -0.082185 -10.981645 -0.694313 0.056643 0.717104 111.646318
0.715858 0.058015 0.695462 145.090028 -0.004884 0.996672 -0.078114 -11.046478 -0.697866 0.052536 0.713951 112.305281
0.712131 0.056319 0.699413 145.724523 -0.007776 0.997085 -0.072371 -11.115531 -0.701640 0.046111 0.710686 112.965230
0.708700 0.054491 0.703032 146.360099 -0.009574 0.997399 -0.067656 -11.176366 -0.705082 0.041227 0.707571 113.617102
0.705448 0.054529 0.706290 146.996452 -0.009072 0.997383 -0.067942 -11.235056 -0.708340 0.041533 0.704289 114.259226
0.702482 0.052838 0.709367 147.645216 -0.007132 0.997446 -0.067234 -11.293951 -0.711302 0.042183 0.701257 114.902210
0.699640 0.051933 0.712236 148.300400 -0.003134 0.997301 -0.069640 -11.353985 -0.714126 0.046503 0.698106 115.539054
0.696276 0.051102 0.715582 148.947220 0.000475 0.997160 -0.071672 -11.413477 -0.717411 0.050257 0.694466 116.164006
0.692538 0.051696 0.719157 149.593379 0.003439 0.996911 -0.074974 -11.473165 -0.721011 0.054410 0.690413 116.784150
0.688691 0.052050 0.722817 150.242584 0.003124 0.996928 -0.074766 -11.534383 -0.724689 0.053763 0.686602 117.404587
0.684704 0.053705 0.726474 150.894336 0.001044 0.996938 -0.074683 -11.597736 -0.728462 0.051909 0.682741 118.024339
0.679868 0.053277 0.731032 151.554619 0.002048 0.996945 -0.074561 -11.659073 -0.732974 0.052203 0.677870 118.641608
0.674341 0.056070 0.735925 152.217371 -0.000557 0.996880 -0.075442 -11.721258 -0.738063 0.050478 0.672456 119.256145
0.668184 0.063362 0.740934 152.878906 -0.004517 0.996424 -0.081138 -11.787388 -0.743630 0.050882 0.666266 119.866378
0.662119 0.068973 0.745859 153.553155 -0.007193 0.996023 -0.085721 -11.853006 -0.749013 0.051407 0.660166 120.475266
0.655883 0.071350 0.751125 154.238721 -0.006884 0.995773 -0.088578 -11.920079 -0.754481 0.052941 0.653786 121.079125
0.649432 0.065834 0.757204 154.945202 -0.007360 0.996465 -0.080325 -11.987527 -0.760031 0.046606 0.647806 121.688208
0.642539 0.062038 0.763379 155.653723 -0.013124 0.997185 -0.069993 -12.053555 -0.765790 0.034964 0.641728 122.300754
0.635512 0.057287 0.769607 156.370342 -0.012343 0.997593 -0.064066 -12.115454 -0.771644 0.031224 0.634870 122.899133
0.628467 0.058398 0.775287 157.095398 -0.016857 0.997688 -0.061486 -12.166880 -0.777307 0.025580 0.628179 123.497268
0.620550 0.059758 0.781537 157.828311 -0.015282 0.997548 -0.064140 -12.218819 -0.783676 0.027867 0.620118 124.087349
0.614142 0.059557 0.786600 158.574706 -0.009457 0.997357 -0.068130 -12.278660 -0.788802 0.034412 0.613256 124.666185
0.607302 0.067876 0.791223 159.313154 -0.008186 0.996550 -0.079207 -12.338850 -0.794094 0.041637 0.605934 125.233328
0.600057 0.068846 0.796656 160.065014 -0.004140 0.996274 -0.082979 -12.402014 -0.799622 0.046507 0.598271 125.797674
0.593185 0.064555 0.802148 160.827355 -0.001195 0.996584 -0.079319 -12.472619 -0.804748 0.046105 0.591397 126.358849
0.586144 0.058618 0.807762 161.600712 0.003114 0.996945 -0.074606 -12.543945 -0.809887 0.046258 0.584329 126.914210
0.579242 0.057888 0.812795 162.361192 0.003671 0.997031 -0.073625 -12.610893 -0.814852 0.045642 0.577458 127.458609
0.572265 0.059597 0.817619 163.119166 0.002170 0.997009 -0.074192 -12.675742 -0.819792 0.044242 0.570561 127.995967
0.566318 0.057099 0.821922 163.869650 0.007191 0.996980 -0.074215 -12.739483 -0.823879 0.047951 0.564335 128.512414
0.561262 0.051039 0.825777 164.627378 0.012360 0.997230 -0.070037 -12.804167 -0.827268 0.049528 0.559214 129.022182
0.556438 0.048450 0.829189 165.380182 0.012781 0.997441 -0.066858 -12.867896 -0.830512 0.047812 0.554532 129.528855
0.552115 0.047404 0.832132 166.120804 0.011313 0.997623 -0.064337 -12.926657 -0.833412 0.044946 0.550404 130.025938
0.547411 0.049689 0.835096 166.857773 0.011008 0.997476 -0.066566 -12.982713 -0.836508 0.045643 0.545621 130.513073
0.543861 0.052229 0.837251 167.594356 0.012258 0.997208 -0.070171 -13.043320 -0.838796 0.048439 0.541844 130.992698
0.540762 0.058047 0.838869 168.316749 0.011694 0.996745 -0.076510 -13.101829 -0.840801 0.051196 0.538465 131.462553
0.537417 0.060743 0.840825 169.034057 0.009559 0.996644 -0.078110 -13.161413 -0.842970 0.050028 0.535174 131.929438
0.534823 0.055928 0.842810 169.757291 0.010187 0.997051 -0.072628 -13.221861 -0.844610 0.047441 0.532817 132.392545
0.532665 0.047694 0.844682 170.478655 0.013649 0.997541 -0.064932 -13.282286 -0.845925 0.046128 0.530844 132.845639
0.530135 0.042294 0.846556 171.194673 0.018438 0.997686 -0.061391 -13.337903 -0.847419 0.048167 0.528269 133.288236
0.527718 0.040665 0.848142 171.900151 0.023731 0.997497 -0.062591 -13.390479 -0.848793 0.053172 0.525573 133.722063
0.525515 0.042996 0.849393 172.597137 0.025325 0.997227 -0.066148 -13.441591 -0.850111 0.056288 0.523110 134.152735
0.523555 0.050347 0.850193 173.281908 0.022669 0.996809 -0.072989 -13.498876 -0.851389 0.057503 0.520886 134.579116
0.521647 0.058433 0.850846 173.958391 0.021292 0.996180 -0.081468 -13.559093 -0.852592 0.060630 0.518554 134.998797
0.519535 0.059705 0.852043 174.635734 0.025244 0.995773 -0.085169 -13.614385 -0.853767 0.065775 0.515977 135.407002
0.517083 0.053538 0.853947 175.313604 0.025119 0.996392 -0.077679 -13.668168 -0.855263 0.061634 0.514015 135.817679
0.513754 0.046038 0.856391 175.983167 0.017772 0.997505 -0.064286 -13.726479 -0.857452 0.048260 0.511795 136.234689
0.510766 0.042629 0.858352 176.641040 0.010135 0.998132 -0.055602 -13.781792 -0.859358 0.037109 0.509522 136.645763
0.508799 0.044771 0.859410 177.290504 0.008929 0.998048 -0.057280 -13.828727 -0.860537 0.036827 0.507547 137.038377
0.506463 0.047317 0.860651 177.933560 0.011552 0.997760 -0.061654 -13.870274 -0.861881 0.041179 0.504923 137.414405
0.504090 0.049186 0.861940 178.570894 0.013182 0.997552 -0.064634 -13.912238 -0.863250 0.043955 0.502347 137.787059
0.501629 0.048102 0.863431 179.202692 0.012876 0.997653 -0.063061 -13.956924 -0.864683 0.042762 0.499973 138.157359
0.499192 0.047312 0.864882 179.826973 0.012343 0.997741 -0.061704 -14.004008 -0.866096 0.041489 0.497623 138.522363
0.496958 0.046614 0.866206 180.446194 0.012565 0.997788 -0.060904 -14.048563 -0.867377 0.041162 0.495414 138.880229
0.494126 0.046933 0.867808 181.058528 0.014193 0.997696 -0.062039 -14.092323 -0.868969 0.042984 0.492461 139.228166
0.490578 0.048479 0.869733 181.663509 0.015199 0.997546 -0.064177 -14.135811 -0.870960 0.044716 0.488776 139.568488
0.486441 0.050357 0.871947 182.261452 0.015235 0.997420 -0.066103 -14.179964 -0.873276 0.045452 0.484557 139.902666
0.481882 0.052297 0.874357 182.856844 0.015271 0.997284 -0.068065 -14.224603 -0.875795 0.046164 0.479913 140.231007
0.476891 0.054677 0.876940 183.446240 0.015159 0.997119 -0.070413 -14.268714 -0.878521 0.046886 0.474827 140.552529
0.471395 0.057636 0.879718 184.036236 0.016445 0.996830 -0.074120 -14.315321 -0.881459 0.049421 0.469089 140.866099
0.465208 0.060236 0.882832 184.630544 0.018329 0.996529 -0.077652 -14.362585 -0.884703 0.052321 0.462623 141.175401
0.458818 0.062763 0.885993 185.229329 0.016813 0.996425 -0.079293 -14.409898 -0.888063 0.051292 0.456256 141.486111
0.452237 0.064734 0.889229 185.831911 0.012376 0.996525 -0.078840 -14.457057 -0.891504 0.046673 0.449996 141.799836
0.445750 0.066186 0.892390 186.440457 0.008821 0.996602 -0.078321 -14.506074 -0.894806 0.042795 0.443782 142.110303
0.439553 0.067123 0.895388 187.057491 0.008559 0.996557 -0.078909 -14.557000 -0.897868 0.042361 0.437595 142.412738
0.432648 0.070241 0.898507 187.682007 0.007566 0.996355 -0.081534 -14.606925 -0.901225 0.042086 0.430667 142.713659
0.425058 0.075282 0.901716 188.311274 0.004565 0.996056 -0.085311 -14.657736 -0.904850 0.040390 0.423163 143.016946
0.417517 0.078884 0.904925 188.948871 0.002601 0.995829 -0.088009 -14.710762 -0.908362 0.039110 0.415692 143.317500
0.410342 0.081574 0.907964 189.596772 0.001228 0.995652 -0.090007 -14.767080 -0.911628 0.038060 0.408579 143.614301
0.402805 0.084116 0.911101 190.255214 0.000790 0.995447 -0.092253 -14.825964 -0.914983 0.037890 0.401023 143.909010
0.395357 0.086391 0.914144 190.925024 -0.000581 0.995301 -0.093809 -14.887044 -0.918225 0.036567 0.393666 144.203498
0.388291 0.086858 0.917125 191.605765 0.003096 0.995131 -0.095556 -14.946877 -0.921232 0.039954 0.386245 144.488734
0.381139 0.086002 0.920203 192.299673 0.005033 0.995170 -0.095093 -15.007411 -0.924208 0.040886 0.378977 144.773692
0.373603 0.083442 0.923523 193.002783 0.006345 0.995407 -0.092503 -15.069516 -0.927272 0.040431 0.371467 145.057877
0.366138 0.081187 0.926708 193.720596 0.004980 0.995716 -0.089200 -15.131702 -0.930253 0.037285 0.364272 145.346802
0.359578 0.076967 0.929631 194.454923 0.005909 0.996099 -0.084756 -15.192341 -0.932802 0.035980 0.357825 145.632645
0.353621 0.073385 0.932203 195.204574 0.009847 0.996285 -0.082165 -15.249490 -0.935044 0.038246 0.351688 145.913399
0.348175 0.067435 0.934697 195.963733 0.009464 0.996819 -0.075442 -15.303074 -0.937087 0.035123 0.346531 146.197368
0.342561 0.062337 0.937120 196.735455 0.010772 0.997182 -0.070269 -15.355644 -0.939138 0.034176 0.341025 146.480400
0.337725 0.061642 0.938919 197.521705 0.015217 0.997076 -0.070934 -15.410522 -0.940826 0.038255 0.335899 146.760773
0.332910 0.069345 0.940096 198.308430 0.019270 0.996290 -0.080314 -15.467603 -0.942463 0.044866 0.330438 147.036471
0.328220 0.080631 0.940843 199.103013 0.022999 0.995077 -0.093302 -15.522715 -0.944021 0.052277 0.324848 147.309983
0.324243 0.087240 0.941630 199.921223 0.029254 0.994040 -0.102169 -15.588787 -0.945220 0.060692 0.319855 147.583574
0.320050 0.082465 0.943490 200.747549 0.035637 0.994151 -0.098981 -15.662310 -0.946426 0.065321 0.315335 147.854829
0.315345 0.074635 0.945723 201.591952 0.042358 0.994501 -0.092608 -15.738049 -0.947727 0.069283 0.310545 148.125463
0.310475 0.068797 0.947775 202.445055 0.045298 0.994873 -0.087055 -15.817544 -0.949198 0.069982 0.305861 148.398174
0.305846 0.074978 0.948806 203.284502 0.042018 0.994555 -0.092138 -15.894582 -0.950846 0.068068 0.301123 148.671377
0.301172 0.084707 0.949483 204.123811 0.037197 0.993940 -0.100472 -15.964467 -0.952537 0.065597 0.296288 148.944188
0.296298 0.088063 0.950710 204.978434 0.033698 0.993851 -0.102561 -16.039961 -0.954195 0.062445 0.291599 149.215985
0.290839 0.083401 0.952813 205.851043 0.031049 0.994540 -0.096531 -16.123808 -0.955962 0.057677 0.286751 149.487467
0.285197 0.080348 0.954773 206.732123 0.028292 0.995029 -0.092187 -16.207500 -0.957740 0.053321 0.281595 149.756814
0.279635 0.081827 0.956287 207.624288 0.026949 0.994985 -0.093018 -16.283906 -0.959413 0.051798 0.276116 150.025769
0.274599 0.085825 0.957388 208.515756 0.025843 0.994669 -0.096579 -16.359839 -0.960889 0.051279 0.271006 150.287489
0.269904 0.085846 0.958721 209.418889 0.029290 0.994503 -0.097296 -16.438671 -0.962120 0.054359 0.265992 150.540595
0.265727 0.084962 0.959965 210.332555 0.033547 0.994369 -0.097292 -16.522123 -0.963144 0.058076 0.261466 150.788608
0.261859 0.083878 0.961117 211.253023 0.035048 0.994405 -0.096332 -16.606532 -0.964143 0.058930 0.257539 151.038591
0.258302 0.082965 0.962165 212.175453 0.036984 0.994404 -0.095674 -16.689121 -0.965037 0.060317 0.253871 151.285271
0.255271 0.082160 0.963044 213.107223 0.037931 0.994444 -0.094893 -16.772627 -0.965808 0.060772 0.250818 151.533304
0.252642 0.081014 0.963832 214.033346 0.036022 0.994688 -0.093050 -16.853946 -0.966570 0.058246 0.248463 151.780256
0.249855 0.078888 0.964735 214.971953 0.036008 0.994907 -0.090681 -16.935793 -0.967295 0.057414 0.245822 152.027247
0.247263 0.079001 0.965393 215.912008 0.032634 0.995104 -0.089790 -17.018444 -0.968080 0.053724 0.243554 152.277378
0.245291 0.081754 0.965663 216.848726 0.030629 0.994960 -0.092015 -17.100746 -0.968642 0.052164 0.241631 152.521686
0.243592 0.083051 0.965980 217.786365 0.030049 0.994874 -0.093112 -17.182456 -0.969087 0.051725 0.239928 152.760766
0.241537 0.082889 0.966508 218.714204 0.030630 0.994868 -0.092976 -17.264263 -0.969582 0.052078 0.237838 152.999772
0.240033 0.082097 0.966949 219.649832 0.030523 0.994956 -0.092052 -17.349024 -0.969958 0.051627 0.236396 153.235444
0.238839 0.076835 0.967675 220.589571 0.031953 0.995371 -0.086921 -17.426610 -0.970204 0.051697 0.235357 153.469736
0.237280 0.075583 0.968155 221.534802 0.034416 0.995355 -0.086142 -17.510574 -0.970500 0.053777 0.233655 153.701289
0.235449 0.076938 0.968494 222.470225 0.031734 0.995386 -0.086789 -17.587848 -0.971036 0.051185 0.232000 153.935159
0.233984 0.083989 0.968263 223.385766 0.032211 0.994709 -0.094067 -17.666624 -0.971374 0.053216 0.230119 154.158337
0.231923 0.086050 0.968577 224.305192 0.032668 0.994492 -0.096174 -17.747403 -0.971852 0.053965 0.227913 154.377955
0.229170 0.087501 0.969101 225.221268 0.031248 0.994439 -0.097178 -17.832780 -0.972551 0.052571 0.225239 154.598481
0.226350 0.083526 0.970113 226.151677 0.029830 0.994916 -0.092621 -17.918289 -0.973255 0.049920 0.222784 154.820451
0.223247 0.077778 0.971307 227.088765 0.030140 0.995443 -0.086638 -18.001153 -0.973959 0.048633 0.219962 155.039255
0.219680 0.073885 0.972422 228.019357 0.031029 0.995753 -0.082668 -18.080671 -0.974741 0.048350 0.216529 155.250094
0.215656 0.074540 0.973273 228.944955 0.029333 0.995796 -0.082765 -18.155024 -0.975691 0.046414 0.212637 155.460078
0.211465 0.075842 0.974091 229.871972 0.029456 0.995696 -0.083919 -18.227408 -0.976605 0.046454 0.208393 155.664725
0.207567 0.076464 0.974891 230.797107 0.030013 0.995642 -0.084481 -18.300453 -0.977434 0.046810 0.204436 155.862658
0.203334 0.075870 0.975828 231.722126 0.029784 0.995720 -0.083623 -18.374564 -0.978329 0.046082 0.200272 156.058117
0.199240 0.074984 0.976740 232.643954 0.030524 0.995776 -0.082672 -18.448815 -0.979147 0.046301 0.196176 156.247343
0.195303 0.074492 0.977570 233.565956 0.029787 0.995865 -0.081837 -18.521765 -0.979961 0.045117 0.192343 156.434636
0.191175 0.075354 0.978321 234.490519 0.028109 0.995886 -0.082199 -18.595195 -0.980825 0.043229 0.188335 156.620338
0.187115 0.076265 0.979037 235.417836 0.025735 0.995926 -0.082499 -18.668195 -0.981674 0.040646 0.184453 156.803542
0.183041 0.075864 0.979837 236.338964 0.023336 0.996069 -0.081481 -18.739646 -0.982501 0.037793 0.180612 156.981993
0.179247 0.076915 0.980457 237.260454 0.019177 0.996143 -0.081652 -18.813541 -0.983291 0.033449 0.177141 157.159880
0.175656 0.081342 0.980749 238.178785 0.014284 0.995932 -0.085160 -18.889764 -0.984022 0.028978 0.173839 157.337321
0.172237 0.086485 0.980916 239.091864 0.011680 0.995556 -0.089827 -18.963602 -0.984661 0.026937 0.170519 157.506283
0.168775 0.088727 0.981325 240.006527 0.010179 0.995404 -0.091750 -19.038456 -0.985284 0.025482 0.167151 157.670944
0.165442 0.086186 0.982132 240.926638 0.008676 0.995695 -0.088838 -19.116529 -0.985876 0.023225 0.164034 157.834339
0.162076 0.082876 0.982976 241.852212 0.009190 0.995982 -0.085488 -19.195134 -0.986429 0.022896 0.160714 157.991653
0.159015 0.079658 0.983741 242.773040 0.009845 0.996247 -0.082262 -19.269493 -0.986920 0.022773 0.157684 158.145046
0.155773 0.078979 0.984314 243.690798 0.011001 0.996283 -0.081680 -19.341432 -0.987424 0.023559 0.154375 158.292284
0.152315 0.078776 0.984871 244.605750 0.011406 0.996296 -0.081454 -19.411772 -0.987959 0.023647 0.150901 158.437077
0.148172 0.080740 0.985343 245.514591 0.010991 0.996149 -0.083279 -19.482288 -0.988592 0.023177 0.146761 158.579333
0.143498 0.083807 0.985771 246.419929 0.010829 0.995888 -0.086245 -19.554186 -0.989276 0.023058 0.142048 158.716011
0.138496 0.078798 0.986900 247.333652 0.020372 0.996066 -0.082389 -19.621044 -0.989839 0.031526 0.136392 158.836659
0.134181 0.073686 0.987889 248.247053 0.020521 0.996484 -0.077115 -19.690094 -0.990428 0.030629 0.132241 158.959553
0.128872 0.074826 0.988509 249.149551 0.021331 0.996380 -0.078203 -19.765344 -0.991115 0.031174 0.126852 159.078316
0.124754 0.086923 0.988041 250.032999 0.023309 0.995288 -0.090504 -19.836542 -0.991591 0.034332 0.122182 159.189603
0.119379 0.099013 0.987567 250.913118 0.024939 0.994066 -0.102680 -19.908605 -0.992213 0.036899 0.116241 159.296841
0.113727 0.103395 0.987785 251.800594 0.023642 0.993671 -0.106734 -19.990967 -0.992908 0.035504 0.110600 159.403673
0.108334 0.098157 0.988922 252.704402 0.019920 0.994361 -0.100880 -20.077719 -0.993590 0.030638 0.105804 159.509427
0.103297 0.091647 0.990086 253.604018 0.017645 0.995084 -0.093951 -20.160718 -0.994171 0.027184 0.101207 159.609998
0.098073 0.087145 0.991018 254.501689 0.015784 0.995555 -0.089107 -20.240653 -0.994725 0.024389 0.096295 159.705838
0.091968 0.087183 0.991593 255.389279 0.012185 0.995638 -0.088670 -20.316898 -0.995352 0.020244 0.090537 159.796854
0.084714 0.085227 0.992409 256.279483 0.008201 0.995893 -0.086227 -20.389406 -0.996036 0.015449 0.083697 159.883930
0.077331 0.080993 0.993365 257.169529 0.004231 0.996310 -0.081563 -20.459730 -0.996660 0.010513 0.076730 159.965918
0.070193 0.077658 0.994156 258.052774 0.002860 0.996591 -0.078051 -20.531814 -0.997188 0.008325 0.069757 160.036395
0.063548 0.079146 0.994483 258.934488 0.006983 0.996434 -0.079748 -20.599853 -0.997611 0.012017 0.062792 160.091956
0.057174 0.083054 0.994549 259.822264 0.009070 0.996090 -0.083705 -20.664355 -0.997977 0.013810 0.056217 160.147954
0.050660 0.085100 0.994729 260.693121 0.011435 0.995889 -0.085782 -20.730298 -0.998306 0.015725 0.049497 160.192536
0.044281 0.083407 0.995172 261.572153 0.011641 0.996034 -0.083998 -20.798804 -0.998602 0.015309 0.043150 160.235971
0.038132 0.080991 0.995626 262.455062 0.010845 0.996254 -0.081458 -20.866595 -0.998864 0.013909 0.037124 160.276511
0.032195 0.079778 0.995933 263.328461 0.013717 0.996315 -0.080253 -20.934555 -0.999037 0.016251 0.030993 160.306417
0.026989 0.082012 0.995902 264.207680 0.015614 0.996104 -0.082452 -21.002754 -0.999160 0.017782 0.025613 160.332984
0.022322 0.085656 0.995706 265.089882 0.015725 0.995799 -0.086016 -21.068176 -0.999274 0.017583 0.020888 160.358722
0.018909 0.087111 0.995651 265.958664 0.017919 0.995637 -0.087450 -21.135748 -0.999308 0.019502 0.017272 160.375710
0.016427 0.085916 0.995799 266.837101 0.023310 0.995627 -0.086286 -21.206118 -0.999240 0.024639 0.014357 160.387134
0.014475 0.083356 0.996047 267.716489 0.025226 0.995801 -0.083702 -21.276663 -0.999224 0.026347 0.012315 160.399549
0.012498 0.081753 0.996208 268.583569 0.027318 0.995884 -0.082069 -21.345205 -0.999198 0.028250 0.010217 160.409998
0.010841 0.080650 0.996323 269.450303 0.029479 0.995921 -0.080938 -21.412721 -0.999161 0.030259 0.008422 160.419904
0.009831 0.082215 0.996210 270.312260 0.031656 0.995731 -0.082488 -21.479676 -0.999108 0.032358 0.007188 160.428811
0.009431 0.083791 0.996082 271.171771 0.033438 0.995541 -0.084062 -21.546538 -0.999054 0.034112 0.006589 160.437517
0.009816 0.085368 0.995937 272.021954 0.036843 0.995275 -0.085674 -21.614066 -0.998923 0.037548 0.006626 160.442979
0.010877 0.086257 0.995841 272.867501 0.039054 0.995101 -0.086620 -21.683898 -0.998821 0.039848 0.007458 160.450055
0.012193 0.086493 0.995802 273.705737 0.040241 0.995025 -0.086918 -21.753589 -0.998755 0.041147 0.008655 160.460023
0.014072 0.086438 0.995774 274.535245 0.042345 0.994926 -0.086963 -21.823678 -0.998636 0.043407 0.010344 160.471068
0.016391 0.085162 0.995841 275.359319 0.043317 0.994977 -0.085801 -21.893876 -0.998551 0.044560 0.012625 160.483613
0.018989 0.083158 0.995967 276.172039 0.044304 0.995096 -0.083930 -21.962002 -0.998464 0.045737 0.015217 160.498310
0.022083 0.080017 0.996159 276.974913 0.044266 0.995344 -0.080933 -22.026849 -0.998401 0.045901 0.018445 160.518859
0.025504 0.077197 0.996297 277.770643 0.043441 0.995592 -0.078254 -22.090394 -0.998353 0.045294 0.022046 160.542882
0.029045 0.075088 0.996361 278.555808 0.041706 0.995820 -0.076263 -22.152695 -0.998329 0.043786 0.025802 160.570140
0.032884 0.075340 0.996223 279.323098 0.036902 0.995989 -0.076540 -22.213262 -0.998400 0.039295 0.029983 160.604413
0.036678 0.076765 0.995982 280.078454 0.034327 0.995966 -0.078028 -22.270970 -0.998360 0.037065 0.033908 160.640057
0.040821 0.076663 0.995832 280.827775 0.034266 0.995967 -0.078078 -22.325846 -0.998204 0.037324 0.038044 160.674684
0.044402 0.074376 0.995852 281.571417 0.033861 0.996149 -0.075908 -22.381598 -0.998065 0.037105 0.041729 160.710855
0.047668 0.071244 0.995930 282.304495 0.031715 0.996451 -0.072799 -22.437616 -0.997984 0.035070 0.045257 160.753405
0.051371 0.069486 0.995872 283.021367 0.028915 0.996666 -0.071033 -22.492765 -0.997887 0.032458 0.049210 160.798483
0.055440 0.070482 0.995586 283.723025 0.030064 0.996548 -0.072225 -22.543217 -0.997637 0.033949 0.053151 160.838510
0.059550 0.071724 0.995258 284.405270 0.030268 0.996438 -0.073620 -22.592843 -0.997393 0.034521 0.057190 160.881945
0.062914 0.073714 0.994905 285.072438 0.029690 0.996299 -0.075694 -22.642953 -0.997203 0.034315 0.060516 160.927473
0.066152 0.076654 0.994473 285.723761 0.028508 0.996104 -0.078676 -22.694436 -0.997029 0.033568 0.063734 160.976458
0.069176 0.077126 0.994231 286.364803 0.025274 0.996163 -0.079035 -22.743298 -0.996911 0.030607 0.066988 161.029676
0.072466 0.077794 0.993945 286.993766 0.023081 0.996168 -0.079651 -22.792166 -0.996731 0.028724 0.070421 161.084418
0.075790 0.077823 0.993697 287.610234 0.021209 0.996212 -0.079637 -22.841299 -0.996527 0.027121 0.073881 161.138692
0.078976 0.077381 0.993483 288.215755 0.020519 0.996259 -0.079229 -22.892249 -0.996294 0.026652 0.077123 161.192483
0.082152 0.078518 0.993135 288.808565 0.019374 0.996190 -0.080362 -22.937157 -0.996059 0.025853 0.080349 161.246767
0.085008 0.081744 0.992634 289.384745 0.016418 0.995990 -0.083426 -22.982683 -0.995872 0.023397 0.083358 161.305415
0.087554 0.081276 0.992450 289.953093 0.015023 0.996056 -0.082897 -23.029423 -0.995672 0.022176 0.086021 161.362403
0.090882 0.081340 0.992144 290.514167 0.013972 0.996066 -0.082941 -23.077280 -0.995388 0.021408 0.089424 161.418849
0.093803 0.080809 0.991916 291.064690 0.012343 0.996140 -0.082320 -23.121943 -0.995140 0.019972 0.092480 161.477324
0.096579 0.081481 0.991593 291.605169 0.012505 0.996074 -0.083067 -23.166587 -0.994871 0.020430 0.095219 161.534659
0.099723 0.082374 0.991206 292.132612 0.011338 0.996015 -0.083914 -23.210703 -0.994573 0.019614 0.098431 161.592112
0.102310 0.083653 0.990834 292.652705 0.010835 0.995910 -0.085201 -23.254953 -0.994314 0.019460 0.101025 161.650273
0.104869 0.084909 0.990459 293.163109 0.011675 0.995780 -0.086601 -23.298807 -0.994038 0.020653 0.103477 161.707113
0.106950 0.086458 0.990104 293.664471 0.010436 0.995666 -0.088071 -23.341453 -0.993831 0.019759 0.105627 161.766416
0.108377 0.087568 0.989853 294.158921 0.009513 0.995583 -0.089116 -23.382046 -0.993688 0.019082 0.107108 161.825971
0.109900 0.089171 0.989542 294.648331 0.008887 0.995447 -0.090690 -23.424025 -0.993526 0.018768 0.108651 161.884542
0.110780 0.090405 0.989334 295.138565 0.008115 0.995348 -0.091863 -23.466805 -0.993437 0.018212 0.109574 161.943258
0.111057 0.091164 0.989234 295.630312 0.008773 0.995265 -0.092705 -23.510469 -0.993400 0.018981 0.109775 162.000819
0.110526 0.091438 0.989267 296.123746 0.008615 0.995241 -0.092953 -23.553645 -0.993460 0.018803 0.109256 162.057527
0.109573 0.090972 0.989414 296.624001 0.007169 0.995311 -0.092309 -23.594656 -0.993575 0.017214 0.108450 162.118294
0.108248 0.089726 0.989672 297.127995 0.006686 0.995436 -0.090980 -23.635834 -0.993723 0.016472 0.107197 162.176340
0.106447 0.090452 0.989800 297.635745 0.008346 0.995341 -0.091856 -23.679171 -0.993903 0.018046 0.105239 162.230644
0.104640 0.093390 0.989719 298.150325 0.011154 0.995010 -0.095069 -23.725937 -0.994066 0.020995 0.103118 162.282019
0.103109 0.097275 0.989502 298.671932 0.016779 0.994494 -0.099514 -23.776506 -0.994144 0.026874 0.100950 162.327465
0.100979 0.102097 0.989234 299.202868 0.019460 0.993925 -0.104568 -23.822119 -0.994313 0.029821 0.098419 162.377517
0.098510 0.105262 0.989150 299.746566 0.018383 0.993624 -0.107570 -23.864757 -0.994580 0.028792 0.095986 162.433720
0.096424 0.105720 0.989304 300.302320 0.018630 0.993570 -0.107992 -23.910092 -0.994777 0.028855 0.093874 162.488643
0.094834 0.102844 0.989757 300.870333 0.022820 0.993752 -0.105446 -23.963635 -0.994838 0.032599 0.091933 162.535969
0.093766 0.097678 0.990376 301.450802 0.032062 0.993946 -0.101066 -24.022502 -0.994678 0.041247 0.090104 162.575336
0.091711 0.096925 0.990636 302.035543 0.033557 0.993962 -0.100357 -24.076028 -0.994814 0.042465 0.087943 162.623715
0.088771 0.100275 0.990571 302.627036 0.028985 0.993815 -0.103201 -24.127560 -0.995225 0.037889 0.085352 162.683751
0.086954 0.102063 0.990549 303.231330 0.026774 0.993716 -0.104740 -24.180674 -0.995448 0.035643 0.083711 162.741564
0.085944 0.100565 0.990788 303.856390 0.031791 0.993683 -0.103617 -24.235133 -0.995385 0.040421 0.082240 162.785226
0.085038 0.098891 0.991035 304.491573 0.036479 0.993660 -0.102284 -24.288110 -0.995302 0.044869 0.080927 162.827785
0.083498 0.099002 0.991156 305.134218 0.037920 0.993591 -0.102440 -24.348719 -0.995381 0.046158 0.079242 162.876143
0.081005 0.100118 0.991253 305.783690 0.034084 0.993659 -0.103147 -24.410093 -0.995727 0.042159 0.077112 162.935703
0.079020 0.102341 0.991185 306.446620 0.032450 0.993501 -0.105167 -24.471077 -0.995940 0.040492 0.075218 162.991976
0.077518 0.105369 0.990986 307.118118 0.031068 0.993236 -0.108039 -24.528864 -0.996101 0.039179 0.073752 163.045170
0.075718 0.107689 0.990872 307.801903 0.032475 0.992929 -0.110394 -24.593295 -0.996191 0.040554 0.071717 163.095880
0.074177 0.106266 0.991142 308.501430 0.029462 0.993210 -0.108693 -24.661382 -0.996400 0.037279 0.070573 163.150411
0.071966 0.105887 0.991345 309.213304 0.025671 0.993393 -0.107970 -24.731269 -0.996667 0.033233 0.068802 163.208388
0.069859 0.106748 0.991401 309.930681 0.024828 0.993333 -0.108706 -24.801782 -0.996837 0.032222 0.066772 163.262445
0.068584 0.111845 0.990927 310.649019 0.028656 0.992632 -0.114021 -24.877416 -0.996821 0.036232 0.064902 163.307162
0.067063 0.117839 0.990336 311.379937 0.030259 0.991871 -0.120071 -24.950765 -0.996877 0.038035 0.062980 163.353315
0.065699 0.121606 0.989973 312.122241 0.030014 0.991423 -0.123776 -25.025041 -0.996976 0.037861 0.061512 163.403467
0.065318 0.119121 0.990300 312.874270 0.034119 0.991569 -0.121525 -25.104327 -0.996869 0.041744 0.060729 163.444658
0.064584 0.113234 0.991037 313.638286 0.039129 0.992055 -0.115901 -25.188352 -0.996731 0.046283 0.059666 163.482668
0.063493 0.110449 0.991419 314.408851 0.042597 0.992214 -0.113266 -25.270788 -0.996656 0.049445 0.058319 163.522838
0.062523 0.111131 0.991405 315.183679 0.044836 0.992028 -0.114029 -25.350926 -0.996620 0.051602 0.057066 163.564053
0.061864 0.113000 0.991240 315.963858 0.045507 0.991785 -0.115903 -25.430756 -0.996636 0.052301 0.056238 163.608404
0.061443 0.114216 0.991140 316.760458 0.046656 0.991596 -0.117161 -25.512740 -0.996621 0.053463 0.055621 163.654210
0.061545 0.113239 0.991244 317.566687 0.047169 0.991682 -0.116218 -25.596393 -0.996589 0.053931 0.055716 163.701329
0.062542 0.111314 0.991399 318.380656 0.047807 0.991864 -0.114383 -25.682283 -0.996496 0.054572 0.056736 163.750054
0.063545 0.110041 0.991476 319.200307 0.048718 0.991952 -0.113217 -25.768733 -0.996387 0.055520 0.057697 163.801171
0.064755 0.109534 0.991451 320.023973 0.048842 0.991992 -0.112785 -25.852367 -0.996300 0.055752 0.058911 163.854422
0.066111 0.107610 0.991570 320.861565 0.048820 0.992200 -0.110934 -25.935535 -0.996210 0.055766 0.060368 163.912835
0.067915 0.106134 0.991606 321.705296 0.049512 0.992313 -0.109601 -26.019820 -0.996053 0.056564 0.062165 163.971483
0.069944 0.104830 0.991600 322.558453 0.051205 0.992342 -0.108521 -26.105293 -0.995823 0.058390 0.064068 164.030911
0.071720 0.104308 0.991526 323.415804 0.051680 0.992358 -0.108134 -26.188887 -0.995671 0.059022 0.065810 164.093124
0.074214 0.104743 0.991295 324.277743 0.052649 0.992233 -0.108785 -26.272358 -0.995435 0.060290 0.068153 164.157540
0.077248 0.103764 0.991166 325.145519 0.054572 0.992201 -0.108127 -26.357134 -0.995100 0.062470 0.071014 164.221460
0.080097 0.102485 0.991072 326.023517 0.056300 0.992209 -0.107154 -26.441928 -0.994777 0.064408 0.073736 164.289035
0.082954 0.101484 0.990938 326.909826 0.057474 0.992218 -0.106427 -26.528367 -0.994474 0.065810 0.076509 164.361811
0.086021 0.102178 0.990605 327.801273 0.058353 0.992062 -0.107396 -26.615446 -0.994163 0.067073 0.079411 164.435710
0.089100 0.102775 0.990270 328.697541 0.059120 0.991921 -0.108267 -26.702575 -0.993845 0.068221 0.082341 164.513395
0.092141 0.103984 0.989865 329.598803 0.058413 0.991812 -0.109627 -26.791130 -0.993609 0.067952 0.085350 164.595239
0.094880 0.105154 0.989482 330.504748 0.055668 0.991847 -0.110744 -26.882845 -0.993509 0.065618 0.088292 164.684026
0.097439 0.106106 0.989128 331.415861 0.053960 0.991829 -0.111713 -26.975611 -0.993351 0.064287 0.090958 164.774711
0.099601 0.106617 0.988854 332.330813 0.051534 0.991906 -0.112138 -27.069409 -0.993263 0.062156 0.093343 164.869251
0.101393 0.105340 0.988811 333.252394 0.051179 0.992061 -0.110935 -27.163805 -0.993103 0.061882 0.095240 164.963888
0.103366 0.102775 0.988876 334.172987 0.051239 0.992328 -0.108490 -27.256979 -0.992895 0.061911 0.097351 165.057552
0.104724 0.100141 0.989003 335.093342 0.051252 0.992603 -0.105934 -27.349254 -0.992751 0.061809 0.098862 165.151547
0.106140 0.099695 0.988897 336.018026 0.052910 0.992536 -0.105742 -27.441587 -0.992514 0.063575 0.100118 165.243558
0.107190 0.102122 0.988536 336.943677 0.054626 0.992154 -0.108420 -27.533019 -0.992308 0.065650 0.100816 165.336308
0.107869 0.101305 0.988546 337.867223 0.053986 0.992281 -0.107579 -27.625114 -0.992270 0.065001 0.101614 165.436704
0.108110 0.099693 0.988676 338.787285 0.051439 0.992609 -0.105715 -27.717595 -0.992371 0.062313 0.102230 165.540082
0.108225 0.097864 0.988844 339.716865 0.049129 0.992943 -0.103647 -27.811927 -0.992474 0.059826 0.102701 165.643557
0.108509 0.099252 0.988673 340.641532 0.047266 0.992904 -0.104865 -27.904573 -0.992532 0.058136 0.103095 165.748475
0.108586 0.100334 0.988554 341.558547 0.046918 0.992807 -0.105920 -27.994003 -0.992539 0.057909 0.103146 165.849861
0.108853 0.100765 0.988480 342.474835 0.046664 0.992773 -0.106342 -28.085689 -0.992520 0.057728 0.103412 165.949434
0.108972 0.101389 0.988402 343.386711 0.045044 0.992797 -0.106807 -28.179094 -0.992581 0.056187 0.103669 166.051858
0.109222 0.102011 0.988311 344.299096 0.045361 0.992709 -0.107479 -28.272741 -0.992539 0.056596 0.103847 166.151414
0.109676 0.101793 0.988280 345.206726 0.045088 0.992742 -0.107257 -28.364225 -0.992498 0.056349 0.104340 166.251098
0.109929 0.100142 0.988411 346.110499 0.045996 0.992857 -0.105709 -28.456674 -0.992419 0.057110 0.104588 166.351095
0.110253 0.101231 0.988263 347.012585 0.044839 0.992803 -0.106700 -28.550363 -0.992435 0.056103 0.104971 166.451761
0.110360 0.103335 0.988026 347.915976 0.045178 0.992550 -0.108854 -28.642757 -0.992402 0.056677 0.104920 166.551719
0.111308 0.104751 0.987764 348.822666 0.048079 0.992210 -0.110641 -28.735263 -0.992154 0.059835 0.105457 166.650744
0.112640 0.101027 0.988002 349.727550 0.050925 0.992437 -0.107286 -28.824579 -0.991862 0.062429 0.106696 166.745671
0.114498 0.097844 0.988109 350.632587 0.052819 0.992645 -0.104414 -28.918117 -0.991551 0.064177 0.108541 166.842586
0.116832 0.099359 0.987685 351.532697 0.056523 0.992220 -0.106501 -29.008579 -0.991075 0.068303 0.110361 166.939422
0.120275 0.104919 0.986696 352.429941 0.062260 0.991158 -0.112983 -29.095281 -0.990318 0.075058 0.112734 167.033591
0.123847 0.107795 0.985956 353.325159 0.065336 0.990564 -0.116507 -29.184868 -0.989691 0.078885 0.115691 167.133417
0.127364 0.107605 0.985534 354.217601 0.068201 0.990325 -0.116942 -29.281730 -0.989057 0.082147 0.118849 167.240462
0.130768 0.106703 0.985182 355.110160 0.069247 0.990306 -0.116450 -29.380347 -0.988536 0.083489 0.122170 167.350044
0.134252 0.109256 0.984431 356.005344 0.069896 0.989906 -0.119396 -29.480105 -0.988020 0.084877 0.125321 167.465868
0.137798 0.109005 0.983968 356.896729 0.069926 0.989897 -0.119455 -29.575982 -0.987530 0.085307 0.128845 167.585276
0.141574 0.105513 0.983813 357.791691 0.069175 0.990340 -0.116168 -29.676253 -0.987048 0.084542 0.132972 167.710251
0.145885 0.101284 0.983628 358.683607 0.066893 0.990982 -0.111963 -29.774974 -0.986578 0.082171 0.137860 167.840993
0.150405 0.100034 0.983073 359.578315 0.065056 0.991231 -0.110818 -29.870680 -0.986020 0.080661 0.142647 167.976512
0.155545 0.099425 0.982331 360.472241 0.062757 0.991435 -0.110284 -29.964394 -0.985368 0.078841 0.148045 168.117774
0.161017 0.098709 0.981517 361.366740 0.061094 0.991595 -0.109746 -30.058711 -0.984590 0.077673 0.153708 168.262169
0.167289 0.098731 0.980465 362.259635 0.059558 0.991657 -0.110021 -30.152545 -0.983637 0.076837 0.160092 168.412556
0.174346 0.099994 0.979105 363.143797 0.057631 0.991601 -0.111533 -30.246460 -0.982524 0.075909 0.167201 168.570381
0.182503 0.101085 0.977507 364.033148 0.055117 0.991598 -0.112833 -30.340232 -0.981187 0.074506 0.175485 168.736801
0.191577 0.102230 0.975648 364.925077 0.052843 0.991556 -0.114273 -30.435514 -0.979580 0.073484 0.184649 168.913238
0.200924 0.102626 0.973723 365.805496 0.050912 0.991570 -0.115013 -30.531394 -0.977807 0.072718 0.194101 169.095366
0.210116 0.102806 0.971763 366.691309 0.049025 0.991608 -0.115506 -30.628423 -0.975970 0.071945 0.203414 169.289109
0.219269 0.102728 0.969747 367.574374 0.047036 0.991683 -0.115688 -30.725455 -0.974053 0.071015 0.212718 169.491841
0.228022 0.102748 0.967724 368.453487 0.044669 0.991776 -0.115828 -30.822536 -0.972153 0.069673 0.221667 169.704066
0.236025 0.102401 0.965841 369.330606 0.043241 0.991852 -0.115727 -30.920373 -0.970306 0.069112 0.229788 169.922243
0.242876 0.102314 0.964151 370.201278 0.041329 0.991939 -0.115674 -31.018049 -0.968698 0.067975 0.236807 170.146466
0.248624 0.102432 0.962674 371.076223 0.039815 0.991983 -0.115834 -31.114600 -0.967304 0.067160 0.242673 170.376767
0.253666 0.103318 0.961279 371.954778 0.038495 0.991940 -0.116773 -31.213289 -0.966063 0.066656 0.247764 170.611270
0.258280 0.102975 0.960086 372.831309 0.037504 0.992012 -0.116490 -31.311323 -0.964879 0.066125 0.252476 170.850425
0.262725 0.103099 0.958866 373.708230 0.036142 0.992052 -0.116572 -31.410182 -0.963730 0.065312 0.257034 171.094354
0.267122 0.102895 0.957669 374.585087 0.036144 0.992037 -0.116671 -31.510649 -0.962517 0.065810 0.261402 171.340289
0.271591 0.103224 0.956380 375.461204 0.035834 0.991985 -0.117244 -31.611313 -0.961281 0.066144 0.265843 171.589753
0.275923 0.102825 0.955181 376.339789 0.035430 0.992024 -0.117028 -31.711061 -0.960061 0.066164 0.270209 171.844720
0.280382 0.101510 0.954024 377.216368 0.035000 0.992176 -0.115858 -31.810984 -0.958786 0.065906 0.274768 172.103138
0.284822 0.100007 0.952866 378.093194 0.033828 0.992400 -0.114269 -31.911389 -0.957517 0.064810 0.279410 172.367405
0.289526 0.097643 0.951692 378.963867 0.034185 0.992619 -0.112244 -32.009744 -0.956092 0.065061 0.284188 172.631953
0.294050 0.095611 0.950499 379.838610 0.033850 0.992833 -0.110343 -32.106236 -0.954711 0.064652 0.288848 172.902606
0.298432 0.094030 0.949290 380.705166 0.032760 0.993054 -0.108666 -32.201073 -0.953388 0.063558 0.293423 173.176266
0.302757 0.094298 0.947897 381.566964 0.032249 0.993028 -0.109089 -32.294647 -0.952044 0.063626 0.297751 173.452398
0.307541 0.097612 0.946018 382.418157 0.030380 0.992727 -0.112309 -32.390066 -0.950570 0.063309 0.302487 173.731682
0.312007 0.100877 0.944215 383.264699 0.027699 0.992479 -0.115187 -32.484809 -0.949199 0.062122 0.307016 174.014285
0.316246 0.101360 0.942745 384.117088 0.026324 0.992469 -0.115538 -32.579700 -0.947828 0.061384 0.311351 174.301593
0.319580 0.097701 0.942006 384.964940 0.024335 0.993009 -0.111248 -32.676090 -0.946761 0.058504 0.315124 174.592713
0.321804 0.095033 0.941524 385.811396 0.021024 0.993504 -0.107467 -32.771751 -0.946089 0.054403 0.317872 174.889260
0.323117 0.096589 0.940919 386.648195 0.016671 0.993561 -0.107719 -32.866204 -0.945731 0.050515 0.319583 175.189887
0.323983 0.102155 0.940027 387.473783 0.013166 0.993083 -0.112460 -32.956381 -0.945484 0.048834 0.320556 175.485555
0.324793 0.106480 0.939265 388.297329 0.011946 0.992612 -0.116660 -33.047643 -0.945220 0.049134 0.321281 175.777214
0.325179 0.107059 0.939058 389.123427 0.009922 0.992633 -0.116604 -33.140830 -0.945103 0.047257 0.321884 176.073778
0.325338 0.103478 0.939406 389.948325 0.007188 0.993200 -0.111895 -33.236450 -0.945074 0.043177 0.322544 176.371234
0.325510 0.099643 0.939762 390.764608 0.004394 0.993769 -0.106893 -33.330538 -0.945034 0.038942 0.323207 176.665511
0.325414 0.097883 0.939982 391.576533 0.003032 0.994023 -0.104562 -33.420402 -0.945074 0.036893 0.323334 176.957119
0.324963 0.097350 0.940202 392.380083 0.003557 0.994072 -0.104159 -33.505162 -0.945235 0.037209 0.322850 177.239817
0.324600 0.098371 0.940221 393.177440 0.003738 0.993953 -0.105284 -33.588566 -0.945359 0.037707 0.322429 177.518460
0.324282 0.099365 0.940227 393.973005 0.003530 0.993851 -0.106251 -33.671872 -0.945469 0.037792 0.322096 177.795913
0.324206 0.095356 0.940669 394.775813 0.009748 0.994035 -0.104128 -33.753262 -0.945452 0.042949 0.321501 178.066712
0.324372 0.093685 0.940778 395.579332 0.011219 0.994149 -0.102870 -33.835972 -0.945377 0.043943 0.321582 178.340457
0.323796 0.096096 0.940732 396.369562 0.010793 0.993904 -0.105244 -33.924905 -0.945579 0.044252 0.320944 178.615423
0.323874 0.100511 0.940242 397.166253 0.012973 0.993288 -0.110652 -34.007259 -0.945523 0.048058 0.320556 178.889027
0.323940 0.104899 0.939735 397.962802 0.013901 0.992707 -0.115605 -34.087620 -0.945483 0.050537 0.320280 179.161213
0.323119 0.104096 0.940104 398.769149 0.012463 0.992883 -0.114225 -34.176035 -0.945780 0.048648 0.319684 179.444297
0.323072 0.100761 0.940483 399.583381 0.012928 0.993258 -0.110858 -34.265381 -0.945789 0.047997 0.319753 179.725339
0.322820 0.100538 0.940590 400.399589 0.012089 0.993325 -0.110325 -34.354368 -0.945884 0.047009 0.319613 180.010297
0.322747 0.102104 0.940444 401.219243 0.012195 0.993133 -0.112011 -34.442294 -0.945905 0.047643 0.319448 180.297424
0.323182 0.105167 0.939955 402.040930 0.013694 0.992680 -0.115776 -34.529598 -0.945734 0.050312 0.319540 180.581143
0.323460 0.106317 0.939736 402.871919 0.014331 0.992507 -0.117222 -34.619762 -0.945635 0.051409 0.319675 180.869650
0.323473 0.104988 0.939883 403.713122 0.014324 0.992673 -0.115817 -34.712443 -0.945632 0.050951 0.319761 181.164198
0.323823 0.101979 0.940095 404.565420 0.015417 0.992979 -0.113028 -34.808401 -0.945496 0.051119 0.320139 181.461646
0.324307 0.101547 0.939968 405.419965 0.017867 0.992886 -0.113430 -34.904681 -0.945280 0.053606 0.320349 181.757272
0.325174 0.101514 0.939664 406.280784 0.022399 0.992608 -0.114987 -34.999355 -0.944878 0.058467 0.320663 182.052259
0.326020 0.101216 0.939397 407.146850 0.026223 0.992387 -0.116028 -35.094283 -0.944482 0.062492 0.321052 182.349970
0.327328 0.099266 0.939149 408.013745 0.028634 0.992453 -0.114882 -35.192582 -0.943959 0.064528 0.322184 182.649013
0.329070 0.098142 0.938656 408.876914 0.034336 0.992167 -0.115776 -35.291833 -0.943161 0.070364 0.323292 182.944018
0.330520 0.096304 0.938334 409.745148 0.038793 0.992034 -0.115481 -35.389096 -0.942477 0.074608 0.324323 183.240851
0.330796 0.093847 0.938486 410.614307 0.036465 0.992510 -0.112104 -35.483814 -0.942474 0.071342 0.325068 183.550295
0.330861 0.088698 0.938965 411.474934 0.033643 0.993314 -0.105688 -35.578436 -0.942557 0.066591 0.325837 183.862483
0.331832 0.084956 0.938968 412.340737 0.034199 0.993681 -0.101994 -35.669080 -0.942196 0.065990 0.327003 184.167506
0.332283 0.086452 0.938674 413.201340 0.034147 0.993519 -0.103593 -35.759496 -0.942040 0.066508 0.327350 184.473734
0.332610 0.088813 0.938340 414.055065 0.034903 0.993200 -0.106379 -35.848346 -0.941899 0.068168 0.327420 184.786232
0.333672 0.090673 0.937785 414.904373 0.036152 0.992885 -0.108866 -35.937518 -0.941476 0.070263 0.328193 185.087870
0.334569 0.088925 0.937632 415.756074 0.037963 0.992943 -0.107718 -36.029388 -0.941085 0.071670 0.329006 185.388691
0.335223 0.086166 0.937656 416.602157 0.039823 0.993108 -0.105500 -36.121940 -0.940776 0.072743 0.329655 185.687122
0.335508 0.084812 0.937672 417.436836 0.039139 0.993304 -0.103850 -36.212682 -0.940698 0.071579 0.330117 185.985656
0.335208 0.085659 0.937700 418.260585 0.037799 0.993311 -0.104253 -36.302489 -0.940856 0.070426 0.329904 186.282271
0.335034 0.085579 0.937769 419.075396 0.037424 0.993350 -0.104023 -36.390700 -0.940934 0.069982 0.329779 186.573462
0.334564 0.083826 0.938097 419.886046 0.038525 0.993466 -0.102515 -36.476432 -0.941058 0.070474 0.329324 186.860624
0.333814 0.081201 0.938594 420.685397 0.039499 0.993681 -0.100017 -36.561151 -0.941283 0.070497 0.328672 187.143052
0.332840 0.079492 0.939084 421.469905 0.039184 0.993891 -0.098021 -36.646087 -0.941639 0.069458 0.327867 187.423684
0.331633 0.079004 0.939544 422.250345 0.040091 0.993876 -0.097726 -36.727430 -0.942019 0.070113 0.326612 187.699909
0.330514 0.080643 0.939801 423.017166 0.041763 0.993588 -0.099947 -36.805140 -0.942341 0.072320 0.325202 187.967699
0.329276 0.085056 0.939848 423.771472 0.041462 0.993143 -0.104408 -36.885226 -0.942789 0.073385 0.323666 188.230376
0.327868 0.090733 0.939811 424.518549 0.039482 0.992664 -0.109611 -36.968195 -0.943366 0.073082 0.322054 188.494415
0.326558 0.095152 0.939832 425.266594 0.038700 0.992214 -0.113904 -37.049850 -0.943853 0.073606 0.320505 188.756054
0.325460 0.096219 0.940099 426.014071 0.038802 0.992081 -0.114975 -37.132473 -0.944222 0.073936 0.319323 189.016422
0.323876 0.092487 0.941019 426.756636 0.038125 0.992595 -0.110680 -37.217289 -0.944794 0.071761 0.318125 189.275051
0.322629 0.088001 0.941877 427.496254 0.038141 0.993119 -0.105855 -37.301245 -0.945219 0.070113 0.317226 189.530571
0.321901 0.086067 0.942304 428.228870 0.039763 0.993220 -0.104303 -37.382710 -0.945400 0.071082 0.316468 189.779111
0.321244 0.086565 0.942482 428.956665 0.041712 0.993020 -0.105426 -37.462414 -0.945538 0.073219 0.315563 190.025122
0.320948 0.088448 0.942410 429.676977 0.041510 0.992828 -0.107318 -37.539008 -0.945650 0.073601 0.315146 190.271318
0.320791 0.089518 0.942364 430.398032 0.041826 0.992684 -0.108538 -37.616917 -0.945691 0.074272 0.314870 190.516778
0.320716 0.089599 0.942377 431.124265 0.043942 0.992502 -0.109321 -37.696684 -0.945616 0.076512 0.314546 190.762062
0.320868 0.090247 0.942259 431.841808 0.044756 0.992355 -0.110287 -37.777172 -0.945522 0.077601 0.314549 191.003976
0.320876 0.091339 0.942148 432.557922 0.046203 0.992103 -0.111920 -37.857825 -0.945446 0.079485 0.314296 191.244569
0.320894 0.093124 0.941961 433.276934 0.044710 0.992008 -0.113305 -37.936477 -0.945506 0.078517 0.314342 191.491037
0.320820 0.093038 0.941993 434.001091 0.045620 0.991941 -0.113511 -38.017099 -0.945485 0.079433 0.314166 191.736559
0.321159 0.091876 0.941989 434.725781 0.045479 0.992087 -0.112270 -38.099463 -0.945375 0.078940 0.314617 191.982529
0.322025 0.090091 0.941865 435.454172 0.046366 0.992215 -0.110762 -38.182082 -0.945037 0.079382 0.315519 192.229809
0.323348 0.088337 0.941576 436.178350 0.046802 0.992368 -0.109176 -38.262844 -0.944561 0.079413 0.316926 192.477230
0.324809 0.086292 0.941262 436.896777 0.047220 0.992553 -0.107290 -38.342312 -0.944038 0.079338 0.318496 192.725083
0.326522 0.085005 0.940779 437.607728 0.047183 0.992678 -0.106072 -38.422100 -0.943441 0.079067 0.320305 192.972144
0.328424 0.085729 0.940047 438.308577 0.045772 0.992692 -0.106524 -38.501553 -0.942846 0.078057 0.322287 193.217779
0.330382 0.087215 0.939220 438.996630 0.044116 0.992637 -0.107695 -38.577773 -0.942237 0.077058 0.324291 193.460342
0.332334 0.087817 0.938472 439.677667 0.043763 0.992575 -0.108380 -38.653085 -0.941564 0.077132 0.326214 193.701085
0.334207 0.087644 0.937825 440.350143 0.042663 0.992669 -0.107975 -38.728300 -0.940953 0.076139 0.328210 193.940717
0.335537 0.086824 0.937429 441.009242 0.041406 0.992854 -0.106780 -38.804542 -0.940539 0.074685 0.329736 194.177969
0.336591 0.085615 0.937161 441.663192 0.040471 0.993054 -0.105259 -38.878555 -0.940202 0.073397 0.330980 194.413284
0.337759 0.085184 0.936779 442.301413 0.040036 0.993125 -0.104745 -38.950049 -0.939800 0.072924 0.332220 194.645364
0.338781 0.085257 0.936402 442.931500 0.039656 0.993136 -0.104772 -39.021028 -0.939447 0.072669 0.333270 194.874764
0.339803 0.085115 0.936032 443.549718 0.040028 0.993103 -0.104838 -39.090205 -0.939050 0.073133 0.334252 195.099447
0.341161 0.084706 0.935564 444.159492 0.040712 0.993073 -0.104760 -39.157232 -0.938517 0.073872 0.335552 195.320170
0.342354 0.083996 0.935186 444.755613 0.042016 0.993032 -0.104575 -39.222376 -0.938019 0.075139 0.336645 195.536500
0.343465 0.084267 0.934742 445.343151 0.041835 0.992994 -0.104893 -39.287869 -0.937608 0.075177 0.337744 195.752602
0.344625 0.084802 0.934263 445.917257 0.040856 0.992999 -0.105207 -39.352403 -0.937223 0.074472 0.338960 195.965235
0.345660 0.085238 0.933837 446.480486 0.040070 0.992999 -0.105472 -39.415074 -0.936872 0.073921 0.340039 196.175385
0.346685 0.085310 0.933452 447.034778 0.039860 0.993000 -0.105558 -39.475134 -0.936503 0.073848 0.341072 196.380479
0.347608 0.085338 0.933108 447.578816 0.039641 0.993007 -0.105586 -39.534263 -0.936172 0.073736 0.342009 196.582261
0.348318 0.085088 0.932867 448.110891 0.038313 0.993134 -0.104893 -39.593092 -0.935964 0.072320 0.342881 196.782530
0.348897 0.084315 0.932719 448.632607 0.037192 0.993299 -0.103706 -39.652063 -0.935792 0.070915 0.343639 196.979962
0.349636 0.083489 0.932514 449.148391 0.036597 0.993427 -0.102666 -39.708021 -0.935537 0.070065 0.344499 197.173377
0.350442 0.082872 0.932264 449.649523 0.037604 0.993411 -0.102445 -39.763368 -0.935193 0.071001 0.345235 197.360571
0.351143 0.083981 0.931901 450.140149 0.037981 0.993253 -0.103823 -39.817593 -0.934915 0.071896 0.345803 197.544367
0.351706 0.087058 0.931406 450.618045 0.036794 0.992992 -0.106711 -39.872823 -0.934750 0.071845 0.346257 197.727530
0.352300 0.090093 0.930893 451.085738 0.035504 0.992732 -0.109516 -39.925618 -0.934576 0.071677 0.346761 197.907449
0.353280 0.092018 0.930332 451.543498 0.035034 0.992530 -0.111476 -39.975839 -0.934222 0.072019 0.347638 198.081765
0.354172 0.092605 0.929933 451.992221 0.036780 0.992314 -0.112827 -40.025049 -0.933817 0.074208 0.348264 198.249915
0.354808 0.092382 0.929711 452.430880 0.037807 0.992251 -0.113027 -40.073937 -0.933533 0.075299 0.348787 198.413583
0.354189 0.091032 0.930078 452.858528 0.037791 0.992419 -0.111527 -40.124394 -0.933766 0.074697 0.348286 198.575689
0.353083 0.090087 0.930589 453.273889 0.036204 0.992665 -0.109835 -40.174725 -0.934246 0.072516 0.347454 198.734565
0.351904 0.089345 0.931107 453.676935 0.036016 0.992777 -0.108877 -40.222682 -0.934698 0.071893 0.346366 198.885550
0.350705 0.088706 0.931618 454.067077 0.036077 0.992856 -0.108120 -40.267418 -0.935145 0.071572 0.345221 199.031584
0.349598 0.088243 0.932078 454.445310 0.036597 0.992880 -0.107728 -40.309536 -0.935539 0.071818 0.344100 199.171196
0.348619 0.087954 0.932470 454.811500 0.036293 0.992944 -0.107228 -40.350438 -0.935914 0.071268 0.343187 199.309432
0.347544 0.087135 0.932946 455.168284 0.036503 0.993029 -0.106346 -40.390680 -0.936304 0.071060 0.342160 199.443053
0.346686 0.086243 0.933347 455.515452 0.037252 0.993080 -0.105601 -40.429445 -0.936591 0.071424 0.341294 199.571170
0.345762 0.085599 0.933750 455.851796 0.037991 0.993105 -0.105110 -40.467837 -0.936903 0.071862 0.340346 199.693447
0.344676 0.085364 0.934175 456.174513 0.037357 0.993191 -0.104542 -40.505073 -0.937332 0.070975 0.339358 199.813195
0.343688 0.085609 0.934518 456.487329 0.035860 0.993286 -0.104182 -40.540000 -0.937755 0.069361 0.338526 199.930802
0.342737 0.085767 0.934854 456.791577 0.034712 0.993361 -0.103863 -40.572831 -0.938148 0.068090 0.337700 200.042240
0.341621 0.085803 0.935259 457.086566 0.035258 0.993327 -0.104011 -40.604330 -0.938534 0.068551 0.336531 200.149869
0.340682 0.086267 0.935559 457.373507 0.036305 0.993205 -0.104805 -40.634692 -0.938836 0.069714 0.335449 200.252243
0.340108 0.087370 0.935666 457.655122 0.037103 0.993026 -0.106215 -40.664040 -0.939013 0.070884 0.334708 200.353722
0.339570 0.087910 0.935810 457.935145 0.037246 0.992959 -0.106795 -40.692836 -0.939202 0.071164 0.334118 200.455153
0.339304 0.087421 0.935953 458.209869 0.036999 0.993036 -0.106167 -40.722337 -0.939309 0.070696 0.333920 200.555895
0.339804 0.087144 0.935797 458.480710 0.036044 0.993135 -0.105573 -40.751773 -0.939165 0.069647 0.334543 200.656331
0.340710 0.087157 0.935467 458.747710 0.035122 0.993194 -0.105329 -40.780697 -0.938872 0.068785 0.335544 200.756646
0.341860 0.087203 0.935044 459.012854 0.033781 0.993278 -0.104986 -40.808532 -0.938504 0.067519 0.336830 200.857043
0.343428 0.087520 0.934440 459.275075 0.032422 0.993327 -0.104953 -40.835661 -0.937980 0.066381 0.338514 200.958885
0.346142 0.087620 0.933423 459.538129 0.031986 0.993320 -0.105105 -40.862546 -0.936991 0.066279 0.341245 201.060388
0.350214 0.087701 0.931890 459.802511 0.032148 0.993261 -0.105559 -40.890463 -0.935466 0.066968 0.345257 201.161990
0.355961 0.087476 0.929731 460.069069 0.032280 0.993230 -0.105811 -40.917458 -0.933290 0.067719 0.350954 201.266195
0.363477 0.088217 0.926746 460.335199 0.030997 0.993173 -0.106699 -40.947261 -0.930429 0.067551 0.358493 201.376073
0.372659 0.089060 0.923010 460.603477 0.029189 0.993128 -0.107612 -40.976303 -0.926847 0.067087 0.367737 201.492015
0.382998 0.090146 0.918663 460.874085 0.027728 0.993019 -0.109004 -41.006739 -0.922669 0.067263 0.378069 201.614399
0.394738 0.090213 0.913674 461.149867 0.027591 0.992918 -0.109960 -41.037695 -0.917712 0.068657 0.389705 201.739665
0.408875 0.090525 0.907406 461.428263 0.025236 0.992929 -0.110430 -41.068400 -0.911571 0.068093 0.403960 201.874297
0.424604 0.092170 0.899987 461.706055 0.021812 0.992839 -0.111972 -41.099744 -0.904441 0.067216 0.419824 202.017712
0.441860 0.093913 0.891459 461.983848 0.017501 0.992777 -0.113263 -41.131782 -0.896231 0.065689 0.437307 202.170492
0.460533 0.095797 0.881754 462.262296 0.015468 0.992504 -0.115910 -41.164834 -0.886817 0.067061 0.455893 202.326978
0.479306 0.098098 0.871435 462.534903 0.013508 0.992152 -0.119119 -41.199536 -0.876844 0.068909 0.474526 202.487445
0.498612 0.099207 0.860406 462.803007 0.011868 0.991914 -0.121250 -41.235255 -0.866034 0.070712 0.493723 202.655012
0.517679 0.102029 0.848725 463.060375 0.005460 0.991799 -0.122561 -41.270461 -0.854827 0.068125 0.513214 202.831565
0.531225 0.106574 0.839742 463.311467 -0.000409 0.991432 -0.125569 -41.302469 -0.846487 0.066405 0.527066 203.008447
0.536756 0.111827 0.835528 463.556195 -0.007319 0.991099 -0.127949 -41.333327 -0.842955 0.062602 0.533151 203.181824
0.535922 0.113595 0.835818 463.800130 -0.009555 0.990995 -0.128560 -41.367333 -0.843457 0.060951 0.532538 203.345930
0.531512 0.114764 0.838464 464.044065 -0.010684 0.990938 -0.128863 -41.400767 -0.846223 0.059573 0.528278 203.500215
0.522351 0.115292 0.844126 464.282853 -0.009901 0.990898 -0.129214 -41.432835 -0.851914 0.059177 0.519091 203.642357
0.509399 0.114653 0.852085 464.517100 -0.006155 0.990866 -0.129649 -41.465060 -0.859751 0.060838 0.505798 203.772895
0.494860 0.113823 0.860717 464.752400 -0.001563 0.990818 -0.130131 -41.498797 -0.868218 0.063094 0.490831 203.892438
0.477457 0.112182 0.870699 464.987725 0.004166 0.990830 -0.129946 -41.532332 -0.877896 0.065715 0.472939 204.001387
0.457619 0.111725 0.881342 465.225012 0.007853 0.990839 -0.129685 -41.564242 -0.888370 0.066312 0.452864 204.107110
0.436953 0.111880 0.891747 465.468562 0.010057 0.990874 -0.129247 -41.595406 -0.898691 0.065487 0.432141 204.212440
0.416167 0.111851 0.901637 465.718502 0.011496 0.990987 -0.128244 -41.627041 -0.908485 0.063779 0.411418 204.313951
0.396316 0.110996 0.910633 465.976053 0.013928 0.991125 -0.126871 -41.660883 -0.917278 0.063007 0.391529 204.408256
0.378164 0.109793 0.918458 466.241674 0.019118 0.991100 -0.126350 -41.694870 -0.924811 0.065385 0.372965 204.497394
0.361746 0.108619 0.925187 466.510084 0.025147 0.990987 -0.126179 -41.730153 -0.931213 0.068958 0.356008 204.583173
0.346680 0.107636 0.931052 466.777117 0.029241 0.990967 -0.125452 -41.765391 -0.936808 0.070765 0.340643 204.665097
0.333314 0.107615 0.935923 467.041792 0.029726 0.991068 -0.124544 -41.797809 -0.941632 0.069381 0.327370 204.751225
0.323148 0.105876 0.939679 467.304539 0.030912 0.991308 -0.122326 -41.830132 -0.945131 0.068623 0.317291 204.831871
0.314398 0.103047 0.942959 467.561706 0.032844 0.991615 -0.119316 -41.861355 -0.948015 0.068530 0.308596 204.907738
0.307567 0.101655 0.945356 467.811247 0.034594 0.991722 -0.117898 -41.891296 -0.950188 0.069013 0.301719 204.982000
0.305485 0.101682 0.946026 468.050998 0.035825 0.991646 -0.118156 -41.919448 -0.950812 0.070035 0.299504 205.056470
0.308052 0.102182 0.945137 468.280369 0.035738 0.991564 -0.118851 -41.946840 -0.949985 0.070438 0.302018 205.132865
0.314389 0.101152 0.943152 468.500163 0.036880 0.991541 -0.118637 -41.973720 -0.947856 0.072132 0.308221 205.207628
0.324218 0.099509 0.939992 468.710161 0.038535 0.991522 -0.118257 -41.999085 -0.944471 0.074616 0.317864 205.283064
0.336030 0.098939 0.935888 468.909442 0.036418 0.991636 -0.117910 -42.023744 -0.940410 0.073757 0.329857 205.364654
0.349224 0.100884 0.930838 469.090018 0.030237 0.991736 -0.118830 -42.048206 -0.935813 0.069693 0.343537 205.450382
0.362850 0.103277 0.925351 469.258357 0.024515 0.991720 -0.120299 -42.071976 -0.930786 0.066382 0.357573 205.535501
0.376836 0.103629 0.919707 469.418040 0.020285 0.991846 -0.120070 -42.094852 -0.925317 0.063948 0.371929 205.617763
0.391230 0.101720 0.913893 469.572099 0.017628 0.992149 -0.117978 -42.114261 -0.919379 0.062310 0.386644 205.698842
0.406058 0.099697 0.907627 469.714097 0.018504 0.992218 -0.117268 -42.132129 -0.912911 0.064457 0.401342 205.771281
0.421675 0.098300 0.900633 469.842441 0.027577 0.991543 -0.121135 -42.150732 -0.905574 0.075969 0.415697 205.828620
0.437937 0.100975 0.892539 469.958652 0.031275 0.990644 -0.127422 -42.167879 -0.897700 0.083776 0.430991 205.887234
0.452965 0.103212 0.884748 470.065849 0.028299 0.990395 -0.130027 -42.183258 -0.890311 0.083995 0.446014 205.959924
0.466562 0.105244 0.877412 470.164840 0.019284 0.990733 -0.129093 -42.197065 -0.883502 0.077204 0.460540 206.041001
0.479781 0.105548 0.870216 470.260215 0.012236 0.991120 -0.126961 -42.209632 -0.876520 0.071612 0.474571 206.118645
0.492525 0.105063 0.863126 470.352569 0.008922 0.991307 -0.125759 -42.221727 -0.869462 0.069689 0.487658 206.188128
0.504389 0.103952 0.856381 470.440310 0.008107 0.991395 -0.125117 -42.233955 -0.862641 0.070099 0.499566 206.252155
0.516224 0.103419 0.849358 470.523446 0.006866 0.991427 -0.124893 -42.245440 -0.855615 0.070355 0.511460 206.314124
0.527300 0.103136 0.842557 470.600666 0.005728 0.991424 -0.124946 -42.255289 -0.848838 0.070761 0.522569 206.375039
0.537706 0.101879 0.836106 470.674589 0.005481 0.991499 -0.124340 -42.264003 -0.842284 0.071492 0.532967 206.432747
0.547129 0.099720 0.830231 470.746929 0.005574 0.991691 -0.122788 -42.272981 -0.836191 0.071860 0.542426 206.489183
0.554338 0.100198 0.825375 470.810596 0.002900 0.991756 -0.122345 -42.282904 -0.831441 0.070264 0.549882 206.544841
0.561422 0.104494 0.820036 470.858024 -0.004207 0.991609 -0.123479 -42.293938 -0.826667 0.065921 0.557561 206.599510
0.569737 0.111398 0.813363 470.891750 -0.014357 0.991233 -0.125704 -42.304742 -0.820843 0.059983 0.566759 206.651837
0.575460 0.116420 0.808610 470.926505 -0.021389 0.990879 -0.127443 -42.312959 -0.816681 0.056084 0.573127 206.698589
0.580145 0.115598 0.805367 470.968393 -0.021358 0.990949 -0.126852 -42.319532 -0.813355 0.056432 0.577795 206.736170
0.586739 0.110572 0.801269 471.016119 -0.017203 0.991351 -0.124207 -42.324654 -0.808693 0.059136 0.584011 206.767296
0.591977 0.105519 0.798069 471.062285 -0.012697 0.991711 -0.121706 -42.329154 -0.804929 0.061961 0.588868 206.796910
0.595728 0.103744 0.795494 471.099941 -0.012257 0.991893 -0.120180 -42.334111 -0.802151 0.061892 0.592637 206.830748
0.600608 0.105392 0.791587 471.128834 -0.016470 0.991897 -0.119567 -42.339064 -0.798416 0.058821 0.597954 206.867085
0.604763 0.108490 0.787981 471.152075 -0.021911 0.991760 -0.119732 -42.343185 -0.795127 0.055188 0.602645 206.902115
0.607614 0.111265 0.785381 471.174451 -0.025960 0.991569 -0.120394 -42.346293 -0.792813 0.052807 0.605878 206.933152
