0 0.000000 0.015988 100.000000 6.289308
0 0.000000 0.017033 200.000000 6.666667
0 0.000043 0.023197 300.000000 7.194244
0 0.000042 0.026107 400.000000 7.312614
0 0.000033 0.029175 500.000000 7.587254
10 0.000000 0.016377 100.000000 6.211180
10 0.000000 0.017225 200.000000 6.666667
10 0.000028 0.023245 300.000000 7.194244
10 0.000035 0.025778 400.000000 7.299270
10 0.000025 0.029038 500.000000 7.575758
20 0.000000 0.016432 100.000000 6.134969
20 0.000000 0.017512 200.000000 6.666667
20 0.000038 0.023386 300.000000 7.194244
20 0.000047 0.025688 400.000000 7.299270
20 0.000034 0.028972 500.000000 7.552870
30 0.000000 0.017905 100.000000 5.952381
30 0.000000 0.018338 200.000000 6.688963
30 0.000038 0.023438 300.000000 7.211538
30 0.000049 0.025570 400.000000 7.312614
30 0.000028 0.028760 500.000000 7.541478
40 0.000000 0.018128 100.000000 5.847953
40 0.000000 0.018021 200.000000 6.734007
40 0.000043 0.022409 300.000000 7.246377
40 0.000049 0.024474 400.000000 7.326007
40 0.000025 0.027523 500.000000 7.518797
50 0.000000 0.016371 100.000000 5.847953
50 0.000000 0.017010 200.000000 6.779661
50 0.000014 0.020694 300.000000 7.281553
50 0.000027 0.022756 400.000000 7.366483
50 0.000000 0.025628 500.000000 7.485030
60 0.000000 0.014261 100.000000 5.988024
60 0.000000 0.015301 200.000000 6.896552
60 0.000000 0.018876 300.000000 7.352941
60 0.000000 0.021196 400.000000 7.421150
60 0.000000 0.023694 500.000000 7.429420
70 0.000000 0.013515 100.000000 6.211180
70 0.000000 0.015268 200.000000 7.042253
70 0.000000 0.018869 300.000000 7.481297
70 0.000000 0.021356 400.000000 7.518797
70 0.000000 0.023718 500.000000 7.418397
80 0.000000 0.012043 100.000000 6.451613
80 0.000000 0.015221 200.000000 7.220217
80 0.000000 0.018498 300.000000 7.614213
80 0.000000 0.021065 400.000000 7.619048
80 0.000000 0.023316 500.000000 7.451565
90 0.000000 0.013301 100.000000 6.711410
90 0.000000 0.016989 200.000000 7.380074
90 0.000000 0.020512 300.000000 7.751938
90 0.000000 0.023102 400.000000 7.722008
90 0.000000 0.025621 500.000000 7.440476
100 0.000000 0.012189 100.000000 6.896552
100 0.000000 0.016186 200.000000 7.518797
100 0.000000 0.020059 300.000000 7.832898
100 0.000000 0.022907 400.000000 7.797271
100 0.000000 0.025465 500.000000 7.342144
110 0.000000 0.014107 100.000000 6.896552
110 0.000057 0.019228 200.000000 7.547170
110 0.000000 0.022728 300.000000 7.894737
110 0.000028 0.025662 400.000000 7.858546
120 0.000000 0.013269 100.000000 6.849315
120 0.000068 0.019451 200.000000 7.575758
120 0.000000 0.022455 300.000000 7.894737
120 0.000024 0.025360 400.000000 7.905138
130 0.000000 0.012186 100.000000 6.849315
130 0.000000 0.019211 200.000000 7.575758
130 0.000000 0.021849 300.000000 7.812500
130 0.000025 0.024523 400.000000 7.920792
140 0.000000 0.013343 100.000000 6.896552
140 0.000000 0.019562 200.000000 7.633588
140 0.000000 0.021820 300.000000 7.751938
140 0.000027 0.024445 400.000000 7.936508
150 0.000000 0.012255 100.000000 6.993007
150 0.000000 0.018576 200.000000 7.662835
150 0.000000 0.020571 300.000000 7.712082
150 0.000000 0.023170 400.000000 7.968128
160 0.000000 0.010733 100.000000 7.042253
160 0.000000 0.017302 200.000000 7.722008
160 0.000000 0.019185 300.000000 7.712082
160 0.000000 0.022051 400.000000 7.984032
170 0.000000 0.010241 100.000000 7.142857
170 0.000000 0.016647 200.000000 7.782101
170 0.000000 0.018446 300.000000 7.731959
170 0.000000 0.021621 400.000000 8.000000
180 0.000000 0.009495 100.000000 7.246377
180 0.000000 0.016036 200.000000 7.843137
180 0.000000 0.017929 300.000000 7.772021
180 0.000000 0.021267 400.000000 8.000000
190 0.000000 0.009074 100.000000 7.407407
190 0.000000 0.015012 200.000000 7.936508
190 0.000000 0.016750 300.000000 7.832898
190 0.000000 0.020104 400.000000 8.032128
200 0.000000 0.012081 100.000000 7.575758
200 0.000000 0.015832 200.000000 8.064516
200 0.000000 0.017434 300.000000 7.915567
200 0.000000 0.020656 400.000000 8.064516
210 0.000000 0.014771 100.000000 7.812500
210 0.000000 0.017761 200.000000 8.163265
210 0.000000 0.019215 300.000000 7.978724
210 0.000000 0.022387 400.000000 8.080808
220 0.000000 0.014583 100.000000 8.000000
220 0.000000 0.017101 200.000000 8.264462
220 0.000000 0.018837 300.000000 8.021390
220 0.000000 0.021448 400.000000 8.016032
230 0.000000 0.016996 100.000000 8.064516
230 0.000000 0.018514 200.000000 8.298756
230 0.000000 0.020567 300.000000 8.064516
230 0.000000 0.022539 400.000000 7.782101
240 0.000015 0.018500 100.000000 8.130081
240 0.000000 0.019730 200.000000 8.368201
240 0.000000 0.021741 300.000000 8.108109
240 0.000000 0.023459 400.000000 7.575758
250 0.000075 0.019270 100.000000 8.196721
250 0.000000 0.019826 200.000000 8.438819
250 0.000000 0.021803 300.000000 8.174387
260 0.000103 0.018868 100.000000 8.333333
260 0.000000 0.019478 200.000000 8.510638
260 0.000000 0.021517 300.000000 8.264462
270 0.000018 0.017638 100.000000 8.333333
270 0.000000 0.018278 200.000000 8.438819
270 0.000000 0.020297 300.000000 8.310249
280 0.000000 0.017073 100.000000 8.403361
280 0.000000 0.017973 200.000000 8.230453
280 0.000000 0.019715 300.000000 8.333333
290 0.000000 0.018891 100.000000 8.403361
290 0.000000 0.019209 200.000000 8.130081
290 0.000000 0.020982 300.000000 8.333333
300 0.000000 0.020476 100.000000 8.403361
300 0.000000 0.020133 200.000000 8.064516
300 0.000000 0.022352 300.000000 8.310249
310 0.000000 0.020361 100.000000 8.403361
310 0.000000 0.019517 200.000000 8.000000
310 0.000000 0.021907 300.000000 8.287292
320 0.000000 0.018957 100.000000 8.474576
320 0.000000 0.018525 200.000000 8.000000
320 0.000000 0.021059 300.000000 8.241758
330 0.000000 0.016702 100.000000 8.474576
330 0.000000 0.016406 200.000000 8.032128
330 0.000000 0.018541 300.000000 8.196721
340 0.000000 0.014692 100.000000 8.474576
340 0.000000 0.014769 200.000000 8.000000
340 0.000000 0.017117 300.000000 8.064516
350 0.000000 0.014342 100.000000 8.403361
350 0.000000 0.014852 200.000000 8.000000
350 0.000000 0.016791 300.000000 7.772021
360 0.000000 0.013203 100.000000 8.474576
360 0.000000 0.013312 200.000000 8.064516
360 0.000000 0.015117 300.000000 7.425743
370 0.000000 0.010858 100.000000 8.547009
370 0.000000 0.011577 200.000000 8.130081
380 0.000000 0.009602 100.000000 8.547009
380 0.000000 0.010459 200.000000 8.196721
390 0.000000 0.009693 100.000000 8.333333
390 0.000000 0.011262 200.000000 8.230453
400 0.000000 0.011292 100.000000 7.936508
400 0.000000 0.012428 200.000000 8.230453
410 0.000059 0.011552 100.000000 7.692307
410 0.000000 0.013477 200.000000 8.230453
420 0.000000 0.011757 100.000000 7.575758
420 0.000000 0.013603 200.000000 8.196721
430 0.000021 0.011560 100.000000 7.518797
430 0.000000 0.014786 200.000000 8.163265
440 0.000000 0.011910 100.000000 7.518797
440 0.000000 0.015499 200.000000 8.097166
450 0.000000 0.012430 100.000000 7.518797
450 0.000000 0.015462 200.000000 7.968128
460 0.000000 0.011529 100.000000 7.518797
460 0.000000 0.015046 200.000000 7.751938
470 0.000000 0.012464 100.000000 7.575758
470 0.000000 0.014957 200.000000 7.272727
480 0.000000 0.013724 100.000000 7.575758
480 0.000000 0.015864 200.000000 6.756757
490 0.000000 0.014326 100.000000 7.692307
500 0.000000 0.014571 100.000000 7.874016
510 0.000000 0.014504 100.000000 8.130081
520 0.000000 0.014101 100.000000 8.333333
530 0.000000 0.014513 100.000000 8.547009
540 0.000000 0.014616 100.000000 8.771930
550 0.000000 0.015609 100.000000 8.849558
560 0.000000 0.016345 100.000000 8.771930
570 0.000000 0.015183 100.000000 8.620689
580 0.000000 0.014744 100.000000 8.403361
590 0.000000 0.014302 100.000000 8.000000
600 0.000000 0.012455 100.000000 7.042253
610 0.000000 0.012591 100.000000 6.060606
