0 0.000076 0.011942 100.000000 13.513514
0 0.000000 0.011078 200.000000 13.605442
0 0.000000 0.011584 300.000000 14.084507
10 0.000059 0.010482 100.000000 13.513514
10 0.000000 0.010313 200.000000 13.698630
10 0.000000 0.010787 300.000000 14.150944
20 0.000000 0.009677 100.000000 13.513514
20 0.000000 0.010210 200.000000 13.698630
20 0.000000 0.010214 300.000000 14.285714
30 0.000000 0.007695 100.000000 13.513514
30 0.000000 0.009917 200.000000 13.793103
30 0.000000 0.009973 300.000000 14.423077
40 0.000000 0.009706 100.000000 13.333333
40 0.000000 0.010128 200.000000 13.888889
40 0.000000 0.009963 300.000000 14.492754
50 0.000000 0.009313 100.000000 13.333333
50 0.000000 0.009539 200.000000 13.888889
50 0.000000 0.009562 300.000000 14.563107
60 0.000000 0.009353 100.000000 13.333333
60 0.000000 0.009157 200.000000 14.084507
60 0.000000 0.009683 300.000000 14.634147
70 0.000000 0.009287 100.000000 13.333333
70 0.000000 0.008778 200.000000 14.184397
80 0.000000 0.010734 100.000000 13.513514
80 0.000000 0.008113 200.000000 14.285714
90 0.000000 0.009375 100.000000 13.698630
90 0.000000 0.007843 200.000000 14.492754
100 0.000000 0.010395 100.000000 13.698630
100 0.000000 0.007625 200.000000 14.705882
110 0.000000 0.011637 100.000000 14.084507
110 0.000000 0.008738 200.000000 14.814815
120 0.000000 0.011932 100.000000 14.285714
120 0.000000 0.009744 200.000000 15.037594
130 0.000000 0.010442 100.000000 14.492754
130 0.000000 0.009390 200.000000 15.151515
140 0.000000 0.009127 100.000000 14.705882
140 0.000000 0.008543 200.000000 15.384615
150 0.000000 0.007095 100.000000 14.925373
160 0.000000 0.006419 100.000000 15.151515
170 0.000000 0.006818 100.000000 15.384615
180 0.000000 0.007340 100.000000 15.384615
190 0.000000 0.008148 100.000000 15.625000
200 0.000000 0.007626 100.000000 15.625000
