0 0.000063 0.013646 100.000000 9.090909
0 0.000000 0.011384 200.000000 7.633588
0 0.000109 0.015424 300.000000 7.159904
0 0.000195 0.012506 400.000000 6.896552
0 0.000171 0.013731 500.000000 7.278020
0 0.000154 0.027416 600.000000 7.272727
0 0.000139 0.021485 700.000000 7.186858
0 0.000131 0.014464 800.000000 7.305936
10 0.000000 0.014200 100.000000 8.849558
10 0.000000 0.011501 200.000000 7.722008
10 0.000156 0.015864 300.000000 7.075472
10 0.000192 0.011356 400.000000 6.932409
10 0.000172 0.014861 500.000000 7.320644
10 0.000156 0.027814 600.000000 7.290401
10 0.000139 0.020829 700.000000 7.201646
10 0.000132 0.014479 800.000000 7.332722
20 0.000000 0.015682 100.000000 8.196721
20 0.000000 0.011667 200.000000 7.782101
20 0.000165 0.016235 300.000000 7.042253
20 0.000189 0.010453 400.000000 6.968641
20 0.000173 0.016185 500.000000 7.352941
20 0.000162 0.028444 600.000000 7.299270
20 0.000141 0.020298 700.000000 7.209063
20 0.000133 0.014525 800.000000 7.352941
30 0.000000 0.013891 100.000000 7.751938
30 0.000000 0.011835 200.000000 7.782101
30 0.000153 0.015980 300.000000 7.009346
30 0.000188 0.008781 400.000000 6.980803
30 0.000173 0.017650 500.000000 7.374631
30 0.000166 0.029130 600.000000 7.299270
30 0.000140 0.019347 700.000000 7.194244
30 0.000133 0.014380 800.000000 7.359705
40 0.000000 0.014129 100.000000 7.575758
40 0.000000 0.012094 200.000000 7.692307
40 0.000145 0.015855 300.000000 6.993007
40 0.000189 0.007344 400.000000 6.956522
40 0.000171 0.019307 500.000000 7.374631
40 0.000164 0.029710 600.000000 7.272727
40 0.000137 0.017966 700.000000 7.150153
40 0.000131 0.014157 800.000000 7.352941
50 0.000000 0.012297 100.000000 7.407407
50 0.000000 0.011302 200.000000 7.575758
50 0.000136 0.014578 300.000000 6.976744
50 0.000182 0.007041 400.000000 6.932409
50 0.000169 0.021446 500.000000 7.363770
50 0.000164 0.030361 600.000000 7.194244
50 0.000132 0.016432 700.000000 7.113821
50 0.000129 0.013786 800.000000 7.332722
60 0.000000 0.011355 100.000000 7.194244
60 0.000000 0.011656 200.000000 7.407407
60 0.000140 0.014743 300.000000 6.944445
60 0.000182 0.008285 400.000000 6.920415
60 0.000171 0.023653 500.000000 7.352941
60 0.000143 0.029891 600.000000 7.050529
60 0.000132 0.015537 700.000000 7.099391
60 0.000129 0.014228 800.000000 7.305936
70 0.000000 0.009600 100.000000 6.944445
70 0.000000 0.010949 200.000000 7.220217
70 0.000138 0.014129 300.000000 6.849315
70 0.000184 0.010599 400.000000 6.908463
70 0.000170 0.025996 500.000000 7.331378
70 0.000152 0.028425 600.000000 6.993007
70 0.000130 0.014773 700.000000 7.092198
70 0.000127 0.014513 800.000000 7.252946
80 0.000000 0.008292 100.000000 6.711410
80 0.000000 0.009999 200.000000 6.968641
80 0.000185 0.012137 300.000000 6.622517
80 0.000180 0.013451 400.000000 6.896552
80 0.000169 0.028383 500.000000 7.278020
80 0.000146 0.026841 600.000000 6.960557
80 0.000128 0.013917 700.000000 7.092198
80 0.000123 0.014441 800.000000 7.111111
90 0.000000 0.007357 100.000000 6.535948
90 0.000000 0.009933 200.000000 6.711410
90 0.000213 0.009340 300.000000 6.396588
90 0.000176 0.016086 400.000000 6.884682
90 0.000165 0.030742 500.000000 7.163324
90 0.000141 0.025426 600.000000 6.936416
90 0.000128 0.013201 700.000000 7.085020
90 0.000119 0.013458 800.000000 7.048458
100 0.000000 0.007420 100.000000 6.451613
100 0.000000 0.009833 200.000000 6.557377
100 0.000200 0.006939 300.000000 6.342494
100 0.000174 0.018640 400.000000 6.884682
100 0.000155 0.032830 500.000000 7.002801
100 0.000139 0.024384 600.000000 6.928406
100 0.000130 0.012818 700.000000 7.085020
100 0.000118 0.012087 800.000000 7.023705
110 0.000000 0.007709 100.000000 6.535948
110 0.000074 0.010261 200.000000 6.451613
110 0.000212 0.006376 300.000000 6.369427
110 0.000175 0.020310 400.000000 6.920415
110 0.000154 0.033313 500.000000 6.983240
110 0.000137 0.023475 600.000000 6.936416
110 0.000130 0.012521 700.000000 7.099391
110 0.000121 0.011268 800.000000 7.029877
120 0.000000 0.007684 100.000000 6.756757
120 0.000150 0.012211 200.000000 6.410256
120 0.000220 0.006899 300.000000 6.437768
120 0.000186 0.020909 400.000000 6.993007
120 0.000164 0.033961 500.000000 7.022472
120 0.000144 0.023313 600.000000 6.968641
120 0.000135 0.012910 700.000000 7.135576
120 0.000127 0.011617 800.000000 7.060900
130 0.000000 0.010319 100.000000 6.993007
130 0.000208 0.015307 200.000000 6.451613
130 0.000234 0.006851 300.000000 6.521739
130 0.000201 0.021206 400.000000 7.067138
130 0.000178 0.034551 500.000000 7.072136
130 0.000154 0.023246 600.000000 7.009346
130 0.000143 0.013524 700.000000 7.179487
130 0.000135 0.012245 800.000000 7.092198
140 0.000083 0.016836 100.000000 7.299270
140 0.000261 0.021996 200.000000 6.535948
140 0.000262 0.009444 300.000000 6.607930
140 0.000225 0.021483 400.000000 7.142857
140 0.000200 0.035765 500.000000 7.122507
140 0.000169 0.023732 600.000000 7.050529
140 0.000156 0.015018 700.000000 7.231405
140 0.000147 0.013864 800.000000 7.130125
150 0.000000 0.014860 100.000000 7.575758
150 0.000235 0.018369 200.000000 6.622517
150 0.000252 0.007503 300.000000 6.681514
150 0.000215 0.022985 400.000000 7.220217
150 0.000198 0.035968 500.000000 7.173601
150 0.000162 0.023119 600.000000 7.083825
150 0.000151 0.014422 700.000000 7.268951
150 0.000142 0.012543 800.000000 7.162041
160 0.000000 0.012169 100.000000 7.751938
160 0.000200 0.012723 200.000000 6.666667
160 0.000235 0.006610 300.000000 6.741573
160 0.000203 0.025018 400.000000 7.272727
160 0.000188 0.036010 500.000000 7.204611
160 0.000153 0.021855 600.000000 7.092198
160 0.000143 0.013271 700.000000 7.299270
160 0.000134 0.010446 800.000000 7.174888
170 0.000000 0.011375 100.000000 7.751938
170 0.000197 0.011353 200.000000 6.711410
170 0.000236 0.008358 300.000000 6.756757
170 0.000202 0.026864 400.000000 7.312614
170 0.000187 0.036727 500.000000 7.215007
170 0.000151 0.021046 600.000000 7.083825
170 0.000142 0.013273 700.000000 7.314525
170 0.000133 0.009399 800.000000 7.162041
180 0.000045 0.012729 100.000000 7.692307
180 0.000211 0.012967 200.000000 6.734007
180 0.000242 0.010307 300.000000 6.772009
180 0.000212 0.028945 400.000000 7.326007
180 0.000194 0.037811 500.000000 7.173601
180 0.000153 0.020198 600.000000 7.058824
180 0.000145 0.013890 700.000000 7.314525
180 0.000132 0.008496 800.000000 7.117438
190 0.000000 0.013442 100.000000 7.575758
190 0.000213 0.013697 200.000000 6.756757
190 0.000247 0.012487 300.000000 6.787330
190 0.000213 0.030862 400.000000 7.352941
190 0.000181 0.038247 500.000000 7.072136
190 0.000152 0.019305 600.000000 7.058824
190 0.000146 0.014263 700.000000 7.306890
190 0.000135 0.007229 800.000000 7.085917
200 0.000000 0.013176 100.000000 7.518797
200 0.000209 0.014505 200.000000 6.779661
200 0.000241 0.014643 300.000000 6.818182
200 0.000213 0.032891 400.000000 7.366483
200 0.000175 0.037119 500.000000 6.993007
200 0.000151 0.018567 600.000000 7.075472
200 0.000144 0.014829 700.000000 7.306890
200 0.000134 0.005945 800.000000 7.079646
210 0.000000 0.013163 100.000000 7.407407
210 0.000209 0.014325 200.000000 6.779661
210 0.000244 0.016559 300.000000 6.864988
210 0.000214 0.034453 400.000000 7.393715
210 0.000180 0.035713 500.000000 6.983240
210 0.000150 0.017870 600.000000 7.100592
210 0.000143 0.015026 700.000000 7.291667
210 0.000133 0.004621 800.000000 7.085917
220 0.000000 0.013039 100.000000 7.352941
220 0.000227 0.015064 200.000000 6.688963
220 0.000247 0.018518 300.000000 6.912442
220 0.000213 0.035841 400.000000 7.421150
220 0.000179 0.034562 500.000000 6.993007
220 0.000149 0.017334 600.000000 7.125891
220 0.000141 0.015459 700.000000 7.231405
220 0.000132 0.003592 800.000000 7.104796
230 0.000000 0.011959 100.000000 7.142857
230 0.000302 0.012341 200.000000 6.514658
230 0.000237 0.020957 300.000000 6.944445
230 0.000211 0.037308 400.000000 7.407407
230 0.000171 0.032952 500.000000 7.002801
230 0.000145 0.016483 600.000000 7.151371
230 0.000137 0.014984 700.000000 7.150153
230 0.000127 0.002405 800.000000 7.123775
240 0.000000 0.010239 100.000000 6.896552
240 0.000322 0.009985 200.000000 6.329114
240 0.000235 0.022983 300.000000 6.976744
240 0.000206 0.038773 400.000000 7.352941
240 0.000166 0.031455 500.000000 7.012623
240 0.000145 0.015789 600.000000 7.168459
240 0.000137 0.014264 700.000000 7.121058
240 0.000125 0.002121 800.000000 7.136485
250 0.000000 0.010252 100.000000 6.711410
250 0.000298 0.008342 200.000000 6.269592
250 0.000231 0.024931 300.000000 7.009346
250 0.000189 0.040550 400.000000 7.194244
250 0.000163 0.030011 500.000000 7.012623
250 0.000145 0.015235 600.000000 7.185629
250 0.000132 0.013214 700.000000 7.106599
250 0.000125 0.002255 800.000000 7.142857
260 0.000067 0.010678 100.000000 6.369427
260 0.000314 0.008495 200.000000 6.269592
260 0.000233 0.027063 300.000000 7.042253
260 0.000194 0.041528 400.000000 7.092198
260 0.000162 0.028860 500.000000 7.012623
260 0.000146 0.014963 600.000000 7.194244
260 0.000134 0.012253 700.000000 7.099391
260 0.000125 0.003011 800.000000 7.149240
270 0.000314 0.011639 100.000000 5.952381
270 0.000304 0.009483 200.000000 6.269592
270 0.000236 0.029362 300.000000 7.058824
270 0.000198 0.041749 400.000000 7.067138
270 0.000161 0.027366 500.000000 6.993007
270 0.000147 0.014464 600.000000 7.202881
270 0.000137 0.011156 700.000000 7.099391
270 0.000126 0.004001 800.000000 7.155635
280 0.000294 0.008588 100.000000 5.813953
280 0.000291 0.011426 200.000000 6.289308
280 0.000229 0.031555 300.000000 7.075472
280 0.000202 0.041723 400.000000 7.067138
280 0.000157 0.025886 500.000000 6.983240
280 0.000146 0.013767 600.000000 7.211538
280 0.000136 0.009947 700.000000 7.099391
280 0.000122 0.005045 800.000000 7.168459
290 0.000268 0.007903 100.000000 5.813953
290 0.000291 0.013823 200.000000 6.309148
290 0.000229 0.033677 300.000000 7.109005
290 0.000203 0.042569 400.000000 7.067138
290 0.000155 0.024781 500.000000 6.963789
290 0.000144 0.013734 600.000000 7.220217
290 0.000135 0.009189 700.000000 7.092198
290 0.000125 0.006156 800.000000 7.181329
300 0.000252 0.007753 100.000000 5.882353
300 0.000290 0.016430 200.000000 6.329114
300 0.000228 0.035207 300.000000 7.159904
300 0.000203 0.042938 400.000000 7.067138
300 0.000152 0.023512 500.000000 6.944445
300 0.000142 0.013628 600.000000 7.237636
300 0.000132 0.008201 700.000000 7.063572
300 0.000124 0.007161 800.000000 7.200720
310 0.000267 0.011038 100.000000 5.952381
310 0.000294 0.019276 200.000000 6.369427
310 0.000239 0.037622 300.000000 7.194244
310 0.000209 0.044161 400.000000 7.017544
310 0.000153 0.022732 500.000000 6.934813
310 0.000144 0.014010 600.000000 7.246377
310 0.000133 0.007196 700.000000 7.028112
310 0.000125 0.008287 800.000000 7.220217
320 0.000288 0.013444 100.000000 6.024096
320 0.000305 0.021980 200.000000 6.410256
320 0.000241 0.039471 300.000000 7.246377
320 0.000192 0.044411 400.000000 6.932409
320 0.000154 0.021965 500.000000 6.944445
320 0.000146 0.014433 600.000000 7.246377
320 0.000134 0.006202 700.000000 7.007007
320 0.000126 0.009214 800.000000 7.246377
330 0.000283 0.014871 100.000000 6.097561
330 0.000298 0.024220 200.000000 6.472492
330 0.000241 0.040797 300.000000 7.299270
330 0.000179 0.042775 400.000000 6.861063
330 0.000151 0.020990 500.000000 6.973501
330 0.000143 0.014602 600.000000 7.263923
330 0.000133 0.005088 700.000000 7.007007
330 0.000125 0.010246 800.000000 7.266122
340 0.000309 0.016656 100.000000 6.172840
340 0.000307 0.026640 200.000000 6.535948
340 0.000245 0.042595 300.000000 7.352941
340 0.000192 0.041695 400.000000 6.849315
340 0.000152 0.020391 500.000000 7.012623
340 0.000144 0.014892 600.000000 7.263923
340 0.000134 0.004310 700.000000 7.028112
340 0.000126 0.011233 800.000000 7.292616
350 0.000288 0.015807 100.000000 6.134969
350 0.000301 0.027940 200.000000 6.622517
350 0.000236 0.043081 300.000000 7.389163
350 0.000186 0.039322 400.000000 6.872852
350 0.000147 0.019016 500.000000 7.052186
350 0.000139 0.014649 600.000000 7.228916
350 0.000129 0.003370 700.000000 7.049345
350 0.000123 0.011792 800.000000 7.326007
360 0.000367 0.017463 100.000000 6.024096
360 0.000312 0.029942 200.000000 6.734007
360 0.000246 0.045139 300.000000 7.444169
360 0.000189 0.038999 400.000000 6.920415
360 0.000150 0.018812 500.000000 7.092198
360 0.000142 0.015143 600.000000 7.159904
360 0.000130 0.002877 700.000000 7.077857
360 0.000126 0.012712 800.000000 7.359705
370 0.000587 0.017021 100.000000 5.917160
370 0.000307 0.032044 200.000000 6.825939
370 0.000248 0.046259 300.000000 7.481297
370 0.000185 0.037866 400.000000 6.956522
370 0.000150 0.018334 500.000000 7.142857
370 0.000135 0.014992 600.000000 7.142857
370 0.000129 0.002693 700.000000 7.113821
370 0.000125 0.013289 800.000000 7.400555
380 0.000573 0.016067 100.000000 5.813953
380 0.000303 0.033150 200.000000 6.944445
380 0.000245 0.047123 300.000000 7.500000
380 0.000181 0.036643 400.000000 7.005254
380 0.000150 0.017874 500.000000 7.194244
380 0.000135 0.014615 600.000000 7.142857
380 0.000127 0.002758 700.000000 7.150153
380 0.000123 0.013955 800.000000 7.434944
390 0.000509 0.013804 100.000000 5.813953
390 0.000295 0.033415 200.000000 7.067138
390 0.000234 0.046988 300.000000 7.444169
390 0.000174 0.034604 400.000000 7.054674
390 0.000148 0.016814 500.000000 7.235890
390 0.000135 0.013673 600.000000 7.159904
390 0.000124 0.002713 700.000000 7.179487
390 0.000121 0.014180 800.000000 7.476635
400 0.000482 0.013292 100.000000 5.847953
400 0.000283 0.034019 200.000000 7.168459
400 0.000210 0.047007 300.000000 7.317073
400 0.000168 0.032378 400.000000 7.092198
400 0.000144 0.015755 500.000000 7.278020
400 0.000126 0.012519 600.000000 7.168459
400 0.000121 0.002942 700.000000 7.209063
400 0.000119 0.014503 800.000000 7.511737
410 0.000459 0.013695 100.000000 5.988024
410 0.000265 0.033591 200.000000 7.299270
410 0.000195 0.045202 300.000000 7.317073
410 0.000156 0.029857 400.000000 7.130125
410 0.000136 0.014722 500.000000 7.331378
410 0.000123 0.011735 600.000000 7.202881
410 0.000116 0.003208 700.000000 7.238883
410 0.000116 0.014616 800.000000 7.547170
420 0.000399 0.010592 100.000000 6.211180
420 0.000230 0.030199 200.000000 7.462687
420 0.000176 0.040353 300.000000 7.371007
420 0.000134 0.025625 400.000000 7.194244
420 0.000120 0.012618 500.000000 7.396450
420 0.000111 0.010482 600.000000 7.246377
420 0.000104 0.003057 700.000000 7.284079
420 0.000107 0.013689 800.000000 7.597341
430 0.000304 0.008361 100.000000 6.410256
430 0.000188 0.026600 200.000000 7.633588
430 0.000149 0.035234 300.000000 7.462687
430 0.000111 0.021369 400.000000 7.259528
430 0.000102 0.010516 500.000000 7.462687
430 0.000100 0.009335 600.000000 7.290401
430 0.000093 0.002924 700.000000 7.329843
430 0.000097 0.012695 800.000000 7.648183
440 0.000214 0.007805 100.000000 6.622517
440 0.000160 0.024555 200.000000 7.782101
440 0.000135 0.031671 300.000000 7.537688
440 0.000095 0.018342 400.000000 7.312614
440 0.000090 0.009155 500.000000 7.518797
440 0.000092 0.008741 600.000000 7.334963
440 0.000085 0.002807 700.000000 7.376185
440 0.000091 0.012331 800.000000 7.684918
450 0.000229 0.010133 100.000000 6.756757
450 0.000163 0.026782 200.000000 7.874016
450 0.000150 0.032584 300.000000 7.575758
450 0.000100 0.018141 400.000000 7.326007
450 0.000098 0.009237 500.000000 7.552870
450 0.000098 0.008561 600.000000 7.352941
450 0.000088 0.003264 700.000000 7.399577
450 0.000094 0.013189 800.000000 7.714561
460 0.000227 0.013682 100.000000 6.802721
460 0.000169 0.029143 200.000000 7.936508
460 0.000155 0.033680 300.000000 7.575758
460 0.000099 0.017398 400.000000 7.299270
460 0.000097 0.009446 500.000000 7.564297
460 0.000099 0.008238 600.000000 7.343941
460 0.000093 0.004105 700.000000 7.415254
460 0.000095 0.014239 800.000000 7.722008
470 0.000236 0.017565 100.000000 6.802721
470 0.000179 0.031163 200.000000 7.968128
470 0.000158 0.034218 300.000000 7.537688
470 0.000097 0.016146 400.000000 7.233273
470 0.000097 0.009511 500.000000 7.564297
470 0.000097 0.007532 600.000000 7.290401
470 0.000093 0.005101 700.000000 7.430998
470 0.000043 0.015476 800.000000 7.707129
480 0.000240 0.022537 100.000000 6.756757
480 0.000187 0.033537 200.000000 8.000000
480 0.000160 0.034581 300.000000 7.371007
480 0.000096 0.015063 400.000000 7.207207
480 0.000098 0.009675 500.000000 7.552870
480 0.000095 0.006359 600.000000 7.211538
480 0.000093 0.006315 700.000000 7.438895
480 0.000099 0.016298 800.000000 7.677543
490 0.000232 0.025227 100.000000 6.802721
490 0.000188 0.034435 200.000000 8.032128
490 0.000122 0.032605 300.000000 7.159904
490 0.000090 0.013670 400.000000 7.207207
490 0.000096 0.010147 500.000000 7.530120
490 0.000097 0.005383 600.000000 7.177033
490 0.000092 0.007070 700.000000 7.454739
490 0.000098 0.017030 800.000000 7.504691
500 0.000221 0.027594 100.000000 6.896552
500 0.000191 0.035703 200.000000 8.064516
500 0.000122 0.030604 300.000000 7.092198
500 0.000089 0.012663 400.000000 7.233273
500 0.000095 0.010510 500.000000 7.518797
500 0.000096 0.004429 600.000000 7.177033
500 0.000092 0.007815 700.000000 7.478632
500 0.000097 0.017710 800.000000 7.469655
510 0.000241 0.029314 100.000000 7.092198
510 0.000189 0.036386 200.000000 8.163265
510 0.000129 0.029204 300.000000 7.125891
510 0.000090 0.012113 400.000000 7.299270
510 0.000095 0.010962 500.000000 7.485030
510 0.000094 0.003799 600.000000 7.211538
510 0.000093 0.008309 700.000000 7.518797
510 0.000098 0.018197 800.000000 7.483630
520 0.000195 0.026841 100.000000 7.407407
520 0.000172 0.033576 200.000000 8.298756
520 0.000111 0.025908 300.000000 7.211538
520 0.000078 0.010726 400.000000 7.366483
520 0.000083 0.011134 500.000000 7.440476
520 0.000085 0.003540 600.000000 7.255139
520 0.000087 0.008056 700.000000 7.567567
520 0.000093 0.017507 800.000000 7.518797
530 0.000000 0.019645 100.000000 7.692307
530 0.000122 0.025781 200.000000 8.438819
530 0.000065 0.019875 300.000000 7.299270
530 0.000041 0.009044 400.000000 7.448790
530 0.000059 0.011090 500.000000 7.418397
530 0.000066 0.003684 600.000000 7.308161
530 0.000072 0.006704 700.000000 7.616975
530 0.000080 0.015227 800.000000 7.561437
540 0.000000 0.008539 100.000000 8.064516
540 0.000000 0.011703 200.000000 8.620689
540 0.000000 0.011231 300.000000 7.389163
540 0.000000 0.007311 400.000000 7.532957
540 0.000000 0.010244 500.000000 7.440476
540 0.000000 0.004160 600.000000 7.361963
540 0.000035 0.003784 700.000000 7.675438
540 0.000052 0.010651 800.000000 7.604563
550 0.000000 0.011734 100.000000 8.547009
550 0.000000 0.015059 200.000000 8.695652
550 0.000000 0.012689 300.000000 7.481297
550 0.000000 0.007781 400.000000 7.619048
550 0.000019 0.010240 500.000000 7.473842
550 0.000029 0.003572 600.000000 7.416564
550 0.000045 0.004704 700.000000 7.726269
550 0.000061 0.011869 800.000000 7.648183
560 0.000000 0.013442 100.000000 8.849558
560 0.000024 0.017894 200.000000 8.620689
560 0.000000 0.013431 300.000000 7.556675
560 0.000000 0.007850 400.000000 7.692307
560 0.000039 0.010090 500.000000 7.485030
560 0.000041 0.003066 600.000000 7.453416
560 0.000052 0.005537 700.000000 7.777778
560 0.000068 0.012979 800.000000 7.684918
570 0.000000 0.014351 100.000000 9.090909
570 0.000000 0.019418 200.000000 8.298756
570 0.000000 0.012762 300.000000 7.594937
570 0.000000 0.007944 400.000000 7.736944
570 0.000037 0.009831 500.000000 7.485030
570 0.000044 0.002631 600.000000 7.481297
570 0.000056 0.006094 700.000000 7.812500
570 0.000069 0.013636 800.000000 7.707129
580 0.000000 0.011681 100.000000 9.259259
580 0.000000 0.016179 200.000000 8.097166
580 0.000000 0.010405 300.000000 7.575758
580 0.000000 0.007818 400.000000 7.751938
580 0.000031 0.009457 500.000000 7.485030
580 0.000034 0.002374 600.000000 7.490637
580 0.000054 0.005944 700.000000 7.838746
580 0.000066 0.013240 800.000000 7.722008
590 0.000000 0.013665 100.000000 9.345795
590 0.000000 0.017811 200.000000 8.032128
590 0.000000 0.010317 300.000000 7.537688
590 0.000019 0.008148 400.000000 7.751938
590 0.000053 0.009420 500.000000 7.473842
590 0.000044 0.001920 600.000000 7.500000
590 0.000060 0.007058 700.000000 7.856341
590 0.000071 0.014616 800.000000 7.736944
600 0.000000 0.014812 100.000000 9.345795
600 0.000056 0.017813 200.000000 8.000000
600 0.000000 0.009588 300.000000 7.481297
600 0.000026 0.008626 400.000000 7.766990
600 0.000056 0.009505 500.000000 7.462687
600 0.000046 0.001762 600.000000 7.509387
600 0.000062 0.007737 700.000000 7.865169
600 0.000072 0.015302 800.000000 7.751938
610 0.000000 0.014020 100.000000 9.523809
610 0.000049 0.017075 200.000000 7.968128
610 0.000000 0.008665 300.000000 7.425743
610 0.000020 0.009028 400.000000 7.766990
610 0.000054 0.009267 500.000000 7.429420
610 0.000049 0.001798 600.000000 7.528231
610 0.000053 0.008086 700.000000 7.865169
610 0.000069 0.015655 800.000000 7.759457
620 0.000000 0.013382 100.000000 9.615385
620 0.000059 0.016601 200.000000 7.874016
620 0.000000 0.007905 300.000000 7.352941
620 0.000014 0.009438 400.000000 7.766990
620 0.000032 0.008727 500.000000 7.342144
620 0.000046 0.002076 600.000000 7.547170
620 0.000000 0.008679 700.000000 7.838746
620 0.000068 0.016071 800.000000 7.774539
630 0.000000 0.013182 100.000000 9.615385
630 0.000000 0.016065 200.000000 7.518797
630 0.000000 0.007375 300.000000 7.334963
630 0.000021 0.009955 400.000000 7.736944
630 0.000042 0.008106 500.000000 7.267442
630 0.000045 0.002348 600.000000 7.556675
630 0.000062 0.008980 700.000000 7.769145
630 0.000069 0.016394 800.000000 7.789679
640 0.000000 0.013202 100.000000 9.615385
640 0.000000 0.014219 200.000000 7.220217
640 0.000000 0.007227 300.000000 7.334963
640 0.000029 0.010745 400.000000 7.707129
640 0.000045 0.007500 500.000000 7.225433
640 0.000047 0.002829 600.000000 7.566204
640 0.000061 0.009706 700.000000 7.567567
640 0.000070 0.016996 800.000000 7.797271
650 0.000000 0.011684 100.000000 9.433962
650 0.000000 0.011707 200.000000 7.117438
650 0.000000 0.006964 300.000000 7.334963
650 0.000027 0.011055 400.000000 7.561437
650 0.000035 0.006556 500.000000 7.215007
650 0.000045 0.003273 600.000000 7.575758
650 0.000058 0.009878 700.000000 7.534984
650 0.000068 0.016898 800.000000 7.804878
660 0.000084 0.012342 100.000000 9.174312
660 0.000000 0.011551 200.000000 7.042253
660 0.000000 0.007619 300.000000 7.334963
660 0.000022 0.012062 400.000000 7.299270
660 0.000029 0.005983 500.000000 7.215007
660 0.000044 0.003888 600.000000 7.585335
660 0.000058 0.010588 700.000000 7.526882
660 0.000068 0.017668 800.000000 7.812500
670 0.000063 0.013481 100.000000 8.403361
670 0.000000 0.010255 200.000000 7.017544
670 0.000000 0.007866 300.000000 7.334963
670 0.000034 0.011829 400.000000 7.194244
670 0.000028 0.005461 500.000000 7.215007
670 0.000041 0.004445 600.000000 7.604563
670 0.000061 0.011199 700.000000 7.526882
670 0.000068 0.018180 800.000000 7.827789
680 0.000000 0.015445 100.000000 7.407407
680 0.000000 0.008906 200.000000 6.968641
680 0.000000 0.008246 300.000000 7.334963
680 0.000022 0.011696 400.000000 7.142857
680 0.000025 0.004903 500.000000 7.204611
680 0.000045 0.005032 600.000000 7.623888
680 0.000062 0.011869 700.000000 7.534984
680 0.000068 0.018866 800.000000 7.835455
690 0.000000 0.013068 100.000000 7.092198
690 0.000000 0.007554 200.000000 6.896552
690 0.000000 0.008601 300.000000 7.317073
690 0.000027 0.011016 400.000000 7.117438
690 0.000016 0.004467 500.000000 7.204611
690 0.000045 0.005677 600.000000 7.633588
690 0.000061 0.012384 700.000000 7.534984
690 0.000065 0.018981 800.000000 7.850834
700 0.000000 0.012704 100.000000 6.944445
700 0.000000 0.006912 200.000000 6.825939
700 0.000000 0.009352 300.000000 7.317073
700 0.000041 0.011364 400.000000 7.092198
700 0.000005 0.004333 500.000000 7.204611
700 0.000046 0.006329 600.000000 7.643312
700 0.000061 0.013072 700.000000 7.543103
700 0.000068 0.019556 800.000000 7.858546
710 0.000000 0.013783 100.000000 6.849315
710 0.000000 0.007073 200.000000 6.711410
710 0.000000 0.010348 300.000000 7.299270
710 0.000044 0.011648 400.000000 7.054674
710 0.000025 0.004157 500.000000 7.215007
710 0.000046 0.006958 600.000000 7.633588
710 0.000060 0.013783 700.000000 7.551240
710 0.000070 0.020154 800.000000 7.866273
720 0.000047 0.012931 100.000000 6.666667
720 0.000000 0.006946 200.000000 6.578948
720 0.000000 0.010746 300.000000 7.281553
720 0.000030 0.010927 400.000000 6.956522
720 0.000020 0.004152 500.000000 7.215007
720 0.000000 0.007724 600.000000 7.604563
720 0.000057 0.014261 700.000000 7.559395
720 0.000069 0.020411 800.000000 7.866273
730 0.000000 0.012813 100.000000 6.211180
730 0.000000 0.007237 200.000000 6.514658
730 0.000000 0.011148 300.000000 7.246377
730 0.000000 0.010082 400.000000 6.837607
730 0.000009 0.004374 500.000000 7.225433
730 0.000044 0.008133 600.000000 7.547170
730 0.000055 0.014721 700.000000 7.567567
730 0.000067 0.020780 800.000000 7.858546
740 0.000000 0.011629 100.000000 5.780347
740 0.000000 0.007735 200.000000 6.514658
740 0.000000 0.011713 300.000000 7.211538
740 0.000000 0.009433 400.000000 6.791172
740 0.000000 0.004572 500.000000 7.235890
740 0.000040 0.008811 600.000000 7.308161
740 0.000053 0.015153 700.000000 7.575758
740 0.000065 0.021058 800.000000 7.858546
750 0.000000 0.010264 100.000000 5.649717
750 0.000000 0.008379 200.000000 6.535948
750 0.000000 0.012554 300.000000 7.109005
750 0.000000 0.008907 400.000000 6.791172
750 0.000000 0.005020 500.000000 7.256894
750 0.000033 0.009356 600.000000 7.272727
750 0.000053 0.015557 700.000000 7.592191
750 0.000064 0.021402 800.000000 7.850834
760 0.000000 0.010389 100.000000 5.649717
760 0.000000 0.008934 200.000000 6.600660
760 0.000000 0.013493 300.000000 6.912442
760 0.000000 0.008337 400.000000 6.814310
760 0.000000 0.005343 500.000000 7.288630
760 0.000035 0.009905 600.000000 7.272727
760 0.000050 0.016047 700.000000 7.616975
760 0.000067 0.021793 800.000000 7.850834
770 0.000000 0.009638 100.000000 5.714286
770 0.000000 0.009293 200.000000 6.666667
770 0.000000 0.013876 300.000000 6.802721
770 0.000000 0.008074 400.000000 6.849315
770 0.000000 0.005669 500.000000 7.331378
770 0.000028 0.010283 600.000000 7.299270
770 0.000048 0.016343 700.000000 7.650273
770 0.000065 0.021967 800.000000 7.850834
780 0.000000 0.009536 100.000000 5.813953
780 0.000000 0.010414 200.000000 6.756757
780 0.000000 0.014727 300.000000 6.802721
780 0.000000 0.008393 400.000000 6.896552
780 0.000000 0.005942 500.000000 7.396450
780 0.000036 0.010613 600.000000 7.343941
780 0.000052 0.016730 700.000000 7.700770
780 0.000071 0.022523 800.000000 7.843137
790 0.000000 0.009427 100.000000 6.024096
790 0.000000 0.011601 200.000000 6.896552
790 0.000002 0.015551 300.000000 6.864988
790 0.000000 0.008677 400.000000 6.968641
790 0.000000 0.006152 500.000000 7.462687
790 0.000042 0.011022 600.000000 7.398274
790 0.000054 0.017287 700.000000 7.751938
790 0.000080 0.023128 800.000000 7.835455
800 0.000000 0.009896 100.000000 6.211180
800 0.000000 0.012005 200.000000 7.042253
800 0.000000 0.015872 300.000000 6.928406
800 0.000000 0.008743 400.000000 7.042253
800 0.000013 0.006217 500.000000 7.541478
800 0.000049 0.011257 600.000000 7.462687
800 0.000058 0.017774 700.000000 7.812500
800 0.000088 0.023729 800.000000 7.835455
810 0.000025 0.011646 100.000000 6.451613
810 0.000000 0.014005 200.000000 7.220217
810 0.000030 0.017601 300.000000 7.009346
810 0.000024 0.009305 400.000000 7.117438
810 0.000044 0.006106 500.000000 7.621951
810 0.000062 0.011934 600.000000 7.518797
810 0.000068 0.018918 700.000000 7.874016
810 0.000104 0.025216 800.000000 7.812500
820 0.000000 0.010935 100.000000 6.622517
820 0.000000 0.013340 200.000000 7.326007
820 0.000005 0.016368 300.000000 7.075472
820 0.000016 0.008512 400.000000 7.181329
820 0.000050 0.006325 500.000000 7.692307
820 0.000066 0.012489 600.000000 7.566204
820 0.000071 0.019448 700.000000 7.918552
820 0.000110 0.025451 800.000000 7.782101
830 0.000000 0.008693 100.000000 6.666667
830 0.000000 0.011567 200.000000 7.407407
830 0.000000 0.014121 300.000000 7.109005
830 0.000000 0.007519 400.000000 7.220217
830 0.000036 0.007170 500.000000 7.739938
830 0.000058 0.012931 600.000000 7.604563
830 0.000063 0.019306 700.000000 7.963595
830 0.000106 0.024720 800.000000 7.766990
840 0.000000 0.006983 100.000000 6.622517
840 0.000000 0.010436 200.000000 7.462687
840 0.000000 0.012952 300.000000 7.109005
840 0.000000 0.007123 400.000000 7.246377
840 0.000029 0.008015 500.000000 7.776050
840 0.000054 0.013539 600.000000 7.633588
840 0.000064 0.019494 700.000000 7.990868
840 0.000103 0.024298 800.000000 7.766990
850 0.000000 0.006724 100.000000 6.535948
850 0.000000 0.009586 200.000000 7.490637
850 0.000000 0.012174 300.000000 7.109005
850 0.000000 0.007204 400.000000 7.272727
850 0.000006 0.008807 500.000000 7.800312
850 0.000045 0.014051 600.000000 7.653061
850 0.000059 0.019526 700.000000 8.009153
850 0.000098 0.023533 800.000000 7.782101
860 0.000000 0.008055 100.000000 6.451613
860 0.000000 0.010624 200.000000 7.518797
860 0.000000 0.012589 300.000000 7.075472
860 0.000000 0.007575 400.000000 7.299270
860 0.000000 0.009269 500.000000 7.800312
860 0.000043 0.014649 600.000000 7.682458
860 0.000065 0.020080 700.000000 8.027523
860 0.000100 0.023665 800.000000 7.804878
870 0.000000 0.009309 100.000000 6.410256
870 0.000000 0.010497 200.000000 7.575758
870 0.000000 0.012231 300.000000 7.009346
870 0.000000 0.007854 400.000000 7.352941
870 0.000000 0.009963 500.000000 7.812500
870 0.000041 0.015112 600.000000 7.712082
870 0.000063 0.020219 700.000000 8.055236
870 0.000098 0.023369 800.000000 7.835455
880 0.000000 0.010273 100.000000 6.578948
880 0.000000 0.010783 200.000000 7.722008
880 0.000000 0.012151 300.000000 7.009346
880 0.000000 0.008100 400.000000 7.421150
880 0.000022 0.010456 500.000000 7.836991
880 0.000046 0.015703 600.000000 7.772021
880 0.000064 0.020916 700.000000 8.101851
880 0.000099 0.023854 800.000000 7.881773
890 0.000000 0.010467 100.000000 6.802721
890 0.000000 0.010705 200.000000 7.843137
890 0.000000 0.011876 300.000000 7.042253
890 0.000000 0.008391 400.000000 7.518797
890 0.000028 0.010802 500.000000 7.861635
890 0.000048 0.016189 600.000000 7.832898
890 0.000063 0.021393 700.000000 8.158508
890 0.000100 0.024202 800.000000 7.936508
900 0.000000 0.011056 100.000000 7.042253
900 0.000000 0.012937 200.000000 8.000000
900 0.000021 0.012623 300.000000 7.109005
900 0.000020 0.007971 400.000000 7.604563
900 0.000054 0.011375 500.000000 7.788162
900 0.000067 0.017826 600.000000 7.905138
900 0.000080 0.023958 700.000000 8.215962
900 0.000110 0.026940 800.000000 7.984032
910 0.000000 0.011496 100.000000 7.352941
910 0.000000 0.013949 200.000000 8.163265
910 0.000043 0.012768 300.000000 7.177033
910 0.000044 0.008161 400.000000 7.692307
910 0.000066 0.012148 500.000000 7.704160
910 0.000076 0.018916 600.000000 7.968128
910 0.000086 0.025397 700.000000 8.264462
910 0.000115 0.028249 800.000000 8.040201
920 0.000000 0.008942 100.000000 7.575758
920 0.000000 0.011125 200.000000 8.196721
920 0.000000 0.010514 300.000000 7.228916
920 0.000024 0.008132 400.000000 7.766990
920 0.000054 0.012347 500.000000 7.704160
920 0.000068 0.018634 600.000000 8.021390
920 0.000079 0.024786 700.000000 8.293839
920 0.000110 0.027071 800.000000 8.080808
930 0.000000 0.009112 100.000000 7.751938
930 0.000000 0.009740 200.000000 8.032128
930 0.000000 0.009522 300.000000 7.263923
930 0.000007 0.008501 400.000000 7.812500
930 0.000046 0.012702 500.000000 7.704160
930 0.000064 0.018667 600.000000 8.053691
930 0.000077 0.024441 700.000000 8.303678
930 0.000107 0.026338 800.000000 8.105370
940 0.000000 0.009027 100.000000 7.874016
940 0.000000 0.011563 200.000000 7.575758
940 0.000000 0.009306 300.000000 7.299270
940 0.000017 0.008865 400.000000 7.858546
940 0.000050 0.013482 500.000000 7.704160
940 0.000065 0.019569 600.000000 8.086253
940 0.000081 0.025461 700.000000 8.293839
940 0.000109 0.027103 800.000000 8.130081
950 0.000000 0.009050 100.000000 7.936508
950 0.000000 0.012882 200.000000 7.380074
950 0.000000 0.009259 300.000000 7.317073
950 0.000022 0.009135 400.000000 7.905138
950 0.000058 0.014149 500.000000 7.727975
950 0.000070 0.020530 600.000000 8.119080
950 0.000088 0.026662 700.000000 8.235294
950 0.000113 0.027903 800.000000 8.154943
960 0.000000 0.010165 100.000000 8.064516
960 0.000000 0.013376 200.000000 7.299270
960 0.000000 0.008844 300.000000 7.334963
960 0.000033 0.009542 400.000000 7.952286
960 0.000065 0.014865 500.000000 7.751938
960 0.000072 0.021445 600.000000 8.141112
960 0.000107 0.027467 700.000000 8.101851
960 0.000114 0.028586 800.000000 8.171603
970 0.000000 0.009914 100.000000 8.130081
970 0.000000 0.013101 200.000000 7.299270
970 0.000000 0.008402 300.000000 7.371007
970 0.000046 0.009763 400.000000 8.000000
970 0.000068 0.015674 500.000000 7.776050
970 0.000074 0.022220 600.000000 8.174387
970 0.000119 0.027937 700.000000 7.972665
970 0.000115 0.029026 800.000000 8.196721
980 0.000000 0.010512 100.000000 8.264462
980 0.000000 0.012936 200.000000 7.299270
980 0.000000 0.007898 300.000000 7.407407
980 0.000050 0.010344 400.000000 8.048289
980 0.000072 0.016545 500.000000 7.812500
980 0.000077 0.023023 600.000000 8.219178
980 0.000120 0.028439 700.000000 7.936508
980 0.000115 0.029743 800.000000 8.213552
990 0.000000 0.010824 100.000000 8.403361
990 0.000034 0.012683 200.000000 7.352941
990 0.000000 0.007693 300.000000 7.444169
990 0.000053 0.010854 400.000000 8.097166
990 0.000074 0.017124 500.000000 7.849294
990 0.000081 0.023442 600.000000 8.253095
990 0.000119 0.028314 700.000000 7.954545
990 0.000114 0.029846 800.000000 8.238929
1000 0.000000 0.011129 100.000000 8.620689
1000 0.000051 0.013087 200.000000 7.380074
1000 0.000000 0.007856 300.000000 7.518797
1000 0.000060 0.011455 400.000000 8.146640
1000 0.000077 0.017910 500.000000 7.898894
1000 0.000085 0.024231 600.000000 8.298756
1000 0.000120 0.028718 700.000000 7.981756
1000 0.000115 0.030381 800.000000 8.273009
1010 0.000000 0.010725 100.000000 8.849558
1010 0.000066 0.012975 200.000000 7.407407
1010 0.000038 0.007939 300.000000 7.575758
1010 0.000060 0.011934 400.000000 8.196721
1010 0.000075 0.018503 500.000000 7.949126
1010 0.000088 0.024673 600.000000 8.344924
1010 0.000121 0.028678 700.000000 8.018328
1010 0.000116 0.030659 800.000000 8.298756
1020 0.000000 0.010961 100.000000 9.090909
1020 0.000064 0.012636 200.000000 7.352941
1020 0.000047 0.008185 300.000000 7.672634
1020 0.000000 0.012890 400.000000 8.213552
1020 0.000077 0.019370 500.000000 8.000000
1020 0.000091 0.025595 600.000000 8.379889
1020 0.000122 0.029074 700.000000 8.064516
1020 0.000118 0.031192 800.000000 8.333333
1030 0.000000 0.010798 100.000000 9.174312
1030 0.000066 0.011979 200.000000 7.220217
1030 0.000048 0.008478 300.000000 7.731959
1030 0.000072 0.013418 400.000000 8.213552
1030 0.000082 0.020388 500.000000 8.038586
1030 0.000093 0.026558 600.000000 8.415147
1030 0.000123 0.029486 700.000000 8.101851
1030 0.000120 0.031871 800.000000 8.350731
1040 0.000000 0.011109 100.000000 9.090909
1040 0.000085 0.010922 200.000000 7.092198
1040 0.000059 0.008838 300.000000 7.772021
1040 0.000075 0.014026 400.000000 7.984032
1040 0.000084 0.020996 500.000000 8.077544
1040 0.000095 0.027251 600.000000 8.426967
1040 0.000124 0.029720 700.000000 8.120649
1040 0.000119 0.031960 800.000000 8.368201
1050 0.000000 0.011834 100.000000 8.849558
1050 0.000081 0.010339 200.000000 7.042253
1050 0.000066 0.009552 300.000000 7.792208
1050 0.000079 0.015337 400.000000 7.707129
1050 0.000088 0.022298 500.000000 8.090615
1050 0.000097 0.028690 600.000000 8.415147
1050 0.000127 0.030529 700.000000 8.139535
1050 0.000118 0.032544 800.000000 8.368201
1060 0.000000 0.013347 100.000000 7.874016
1060 0.000059 0.009334 200.000000 7.017544
1060 0.000061 0.010279 300.000000 7.812500
1060 0.000077 0.016241 400.000000 7.662835
1060 0.000087 0.023167 500.000000 8.103727
1060 0.000097 0.029509 600.000000 8.379889
1060 0.000127 0.030714 700.000000 8.149011
1060 0.000116 0.032375 800.000000 8.368201
1070 0.000000 0.014733 100.000000 6.993007
1070 0.000054 0.009146 200.000000 6.993007
1070 0.000062 0.011057 300.000000 7.832898
1070 0.000075 0.017204 400.000000 7.648183
1070 0.000088 0.024130 500.000000 8.116883
1070 0.000101 0.030451 600.000000 8.310249
1070 0.000128 0.031063 700.000000 8.158508
1070 0.000116 0.032175 800.000000 8.376964
1080 0.000000 0.013618 100.000000 6.666667
1080 0.000057 0.008872 200.000000 6.993007
1080 0.000060 0.011716 300.000000 7.874016
1080 0.000083 0.017757 400.000000 7.648183
1080 0.000088 0.024387 500.000000 8.143323
1080 0.000120 0.030651 600.000000 8.163265
1080 0.000127 0.031054 700.000000 8.168028
1080 0.000115 0.031881 800.000000 8.394544
1090 0.000040 0.012828 100.000000 6.535948
1090 0.000053 0.008642 200.000000 6.993007
1090 0.000072 0.012327 300.000000 7.915567
1090 0.000085 0.018346 400.000000 7.677543
1090 0.000088 0.025006 500.000000 8.156607
1090 0.000133 0.030703 600.000000 7.947020
1090 0.000127 0.031014 700.000000 8.187135
1090 0.000117 0.031803 800.000000 8.403361
1100 0.000116 0.011880 100.000000 6.493506
1100 0.000052 0.009079 200.000000 6.993007
1100 0.000076 0.013167 300.000000 7.957560
1100 0.000089 0.019420 400.000000 7.692307
1100 0.000093 0.025825 500.000000 8.183306
1100 0.000135 0.030877 600.000000 7.874016
1100 0.000127 0.031483 700.000000 8.196721
1100 0.000116 0.031982 800.000000 8.412198
1110 0.000142 0.011512 100.000000 6.451613
1110 0.000043 0.008987 200.000000 7.017544
1110 0.000071 0.013459 300.000000 7.978724
1110 0.000086 0.019648 400.000000 7.707129
1110 0.000091 0.025649 500.000000 8.210180
1110 0.000131 0.029902 600.000000 7.863696
1110 0.000123 0.030856 700.000000 8.206330
1110 0.000115 0.031197 800.000000 8.412198
1120 0.000178 0.011978 100.000000 6.329114
1120 0.000081 0.009655 200.000000 7.042253
1120 0.000080 0.014399 300.000000 7.978724
1120 0.000086 0.020755 400.000000 7.722008
1120 0.000098 0.026587 500.000000 8.223684
1120 0.000132 0.030075 600.000000 7.874016
1120 0.000123 0.031329 700.000000 8.215962
1120 0.000119 0.031277 800.000000 8.350731
1130 0.000184 0.011955 100.000000 6.097561
1130 0.000083 0.010403 200.000000 7.092198
1130 0.000017 0.016037 300.000000 7.936508
1130 0.000091 0.021953 400.000000 7.751938
1130 0.000101 0.027755 500.000000 8.237232
1130 0.000133 0.030588 600.000000 7.905138
1130 0.000124 0.031827 700.000000 8.225616
1130 0.000127 0.030635 800.000000 8.205129
1140 0.000199 0.011887 100.000000 5.847953
1140 0.000087 0.011105 200.000000 7.142857
1140 0.000089 0.015888 300.000000 7.874016
1140 0.000090 0.022404 400.000000 7.782101
1140 0.000101 0.028078 500.000000 8.264462
1140 0.000134 0.030336 600.000000 7.936508
1140 0.000126 0.031976 700.000000 8.235294
1140 0.000128 0.029513 800.000000 8.171603
1150 0.000192 0.011439 100.000000 5.747127
1150 0.000079 0.011904 200.000000 7.220217
1150 0.000086 0.016858 300.000000 7.518797
1150 0.000092 0.023361 400.000000 7.827789
1150 0.000102 0.029149 500.000000 8.278146
1150 0.000133 0.030716 600.000000 7.968128
1150 0.000127 0.032320 700.000000 8.254717
1150 0.000128 0.028328 800.000000 8.171603
1160 0.000169 0.011081 100.000000 5.780347
1160 0.000088 0.012827 200.000000 7.299270
1160 0.000085 0.017949 300.000000 7.371007
1160 0.000095 0.024200 400.000000 7.889546
1160 0.000102 0.030063 500.000000 8.305648
1160 0.000134 0.030990 600.000000 8.010681
1160 0.000125 0.032510 700.000000 8.284023
1160 0.000129 0.027424 800.000000 8.196721
1170 0.000188 0.011354 100.000000 5.917160
1170 0.000103 0.013404 200.000000 7.434944
1170 0.000089 0.018510 300.000000 7.407407
1170 0.000097 0.024706 400.000000 7.968128
1170 0.000103 0.030513 500.000000 8.347245
1170 0.000135 0.030972 600.000000 8.064516
1170 0.000124 0.032237 700.000000 8.333333
1170 0.000131 0.026410 800.000000 8.238929
1180 0.000187 0.012233 100.000000 6.134969
1180 0.000103 0.013994 200.000000 7.633588
1180 0.000091 0.019113 300.000000 7.500000
1180 0.000099 0.025178 400.000000 8.080808
1180 0.000106 0.030992 500.000000 8.417508
1180 0.000135 0.031170 600.000000 8.141112
1180 0.000122 0.032172 700.000000 8.393286
1180 0.000133 0.025728 800.000000 8.290155
1190 0.000166 0.012651 100.000000 6.369427
1190 0.000095 0.014339 200.000000 7.843137
1190 0.000089 0.019444 300.000000 7.614213
1190 0.000095 0.025389 400.000000 8.196721
1190 0.000106 0.031137 500.000000 8.503402
1190 0.000135 0.031126 600.000000 8.219178
1190 0.000121 0.031937 700.000000 8.464329
1190 0.000132 0.025196 800.000000 8.359457
1200 0.000086 0.013083 100.000000 6.666667
1200 0.000056 0.015313 200.000000 8.064516
1200 0.000077 0.020388 300.000000 7.751938
1200 0.000093 0.026531 400.000000 8.316009
1200 0.000104 0.032303 500.000000 8.576329
1200 0.000135 0.031777 600.000000 8.298756
1200 0.000121 0.032224 700.000000 8.536586
1200 0.000134 0.024862 800.000000 8.421053
1210 0.000112 0.014642 100.000000 6.896552
1210 0.000076 0.017497 200.000000 8.264462
1210 0.000088 0.022902 300.000000 7.853403
1210 0.000099 0.029233 400.000000 8.421053
1210 0.000112 0.034998 500.000000 8.620689
1210 0.000142 0.033923 600.000000 8.368201
1210 0.000125 0.033805 700.000000 8.599508
1210 0.000138 0.025176 800.000000 8.474576
1220 0.000063 0.010842 100.000000 7.142857
1220 0.000033 0.014203 200.000000 8.438819
1220 0.000074 0.019454 300.000000 7.936508
1220 0.000085 0.025429 400.000000 8.510638
1220 0.000106 0.031183 500.000000 8.605852
1220 0.000132 0.029989 600.000000 8.426967
1220 0.000117 0.030246 700.000000 8.652658
1220 0.000133 0.022011 800.000000 8.528785
1230 0.000062 0.010890 100.000000 7.299270
1230 0.000039 0.015230 200.000000 8.620689
1230 0.000080 0.020870 300.000000 8.021390
1230 0.000088 0.026941 400.000000 8.602151
1230 0.000129 0.032733 500.000000 8.488964
1230 0.000135 0.030974 600.000000 8.474576
1230 0.000121 0.030809 700.000000 8.706468
1230 0.000138 0.021483 800.000000 8.565310
1240 0.000000 0.009743 100.000000 7.407407
1240 0.000020 0.013747 200.000000 8.771930
1240 0.000072 0.019424 300.000000 8.086253
1240 0.000083 0.025472 400.000000 8.658009
1240 0.000140 0.030638 500.000000 8.291874
1240 0.000132 0.029148 600.000000 8.522727
1240 0.000119 0.029426 700.000000 8.739077
1240 0.000137 0.019532 800.000000 8.602151
1250 0.000000 0.009102 100.000000 7.462687
1250 0.000000 0.012812 200.000000 8.888889
1250 0.000065 0.018194 300.000000 8.152174
1250 0.000074 0.024098 400.000000 8.714597
1250 0.000136 0.028519 500.000000 8.210180
1250 0.000127 0.027509 600.000000 8.547009
1250 0.000115 0.028017 700.000000 8.760951
1250 0.000136 0.017959 800.000000 8.639309
1260 0.000000 0.008994 100.000000 7.575758
1260 0.000000 0.012021 200.000000 8.968610
1260 0.000054 0.017535 300.000000 8.196721
1260 0.000071 0.023018 400.000000 8.771930
1260 0.000132 0.026808 500.000000 8.196721
1260 0.000122 0.026386 600.000000 8.571428
1260 0.000111 0.027091 700.000000 8.782936
1260 0.000134 0.016550 800.000000 8.667389
1270 0.000000 0.009848 100.000000 7.692307
1270 0.000000 0.012793 200.000000 9.049774
1270 0.000051 0.018401 300.000000 8.241758
1270 0.000075 0.023642 400.000000 8.810573
1270 0.000130 0.026504 500.000000 8.223684
1270 0.000122 0.026637 600.000000 8.595988
1270 0.000112 0.027187 700.000000 8.760951
1270 0.000135 0.015790 800.000000 8.695652
1280 0.000000 0.009997 100.000000 7.936508
1280 0.000000 0.013023 200.000000 9.132421
1280 0.000033 0.018628 300.000000 8.333333
1280 0.000079 0.023780 400.000000 8.888889
1280 0.000130 0.026005 500.000000 8.291874
1280 0.000122 0.026578 600.000000 8.633094
1280 0.000118 0.026889 700.000000 8.717310
1280 0.000135 0.015302 800.000000 8.733624
1290 0.000000 0.009692 100.000000 8.264462
1290 0.000000 0.015101 200.000000 9.259259
1290 0.000037 0.019237 300.000000 8.450705
1290 0.000084 0.024378 400.000000 8.988764
1290 0.000132 0.026176 500.000000 8.361204
1290 0.000123 0.026979 600.000000 8.695652
1290 0.000123 0.026744 700.000000 8.631319
1290 0.000138 0.015122 800.000000 8.781559
1300 0.000000 0.012284 100.000000 8.620689
1300 0.000000 0.016977 200.000000 9.389671
1300 0.000062 0.022594 300.000000 8.595988
1300 0.000094 0.027737 400.000000 9.090909
1300 0.000141 0.028716 500.000000 8.445946
1300 0.000131 0.029590 600.000000 8.759124
1300 0.000135 0.028105 700.000000 8.620689
1300 0.000145 0.015282 800.000000 8.839779
1310 0.000000 0.008972 100.000000 9.090909
1310 0.000000 0.013132 200.000000 9.478673
1310 0.000031 0.018888 300.000000 8.720930
1310 0.000079 0.023942 400.000000 9.174312
1310 0.000133 0.024978 500.000000 8.532423
1310 0.000126 0.026757 600.000000 8.823529
1310 0.000130 0.025476 700.000000 8.641975
1310 0.000141 0.014884 800.000000 8.888889
1320 0.000000 0.009390 100.000000 9.433962
1320 0.000000 0.013480 200.000000 9.049774
1320 0.000036 0.018999 300.000000 8.849558
1320 0.000081 0.024077 400.000000 9.259259
1320 0.000133 0.024725 500.000000 8.605852
1320 0.000124 0.026726 600.000000 8.875740
1320 0.000131 0.024605 700.000000 8.674102
1320 0.000141 0.014920 800.000000 8.938547
1330 0.000000 0.009245 100.000000 9.708738
1330 0.000000 0.013336 200.000000 8.510638
1330 0.000039 0.018470 300.000000 8.928572
1330 0.000081 0.023713 400.000000 9.280743
1330 0.000133 0.023886 500.000000 8.650519
1330 0.000123 0.026252 600.000000 8.902077
1330 0.000132 0.023177 700.000000 8.695652
1330 0.000142 0.015150 800.000000 8.968610
1340 0.000000 0.009810 100.000000 9.900990
1340 0.000000 0.013904 200.000000 8.403361
1340 0.000051 0.019357 300.000000 8.982036
1340 0.000082 0.024553 400.000000 9.280743
1340 0.000136 0.024100 500.000000 8.680555
1340 0.000122 0.026560 600.000000 8.928572
1340 0.000136 0.022135 700.000000 8.717310
1340 0.000144 0.015539 800.000000 8.998875
1350 0.000000 0.010099 100.000000 10.101010
1350 0.000000 0.015125 200.000000 8.368201
1350 0.000054 0.020885 300.000000 9.036144
1350 0.000091 0.026201 400.000000 9.195402
1350 0.000139 0.025226 500.000000 8.710801
1350 0.000123 0.027222 600.000000 8.941877
1350 0.000140 0.021380 700.000000 8.739077
1350 0.000146 0.016257 800.000000 9.009009
1360 0.000000 0.011688 100.000000 10.204082
1360 0.000000 0.016264 200.000000 8.368201
1360 0.000064 0.022038 300.000000 9.063444
1360 0.000110 0.027404 400.000000 9.029346
1360 0.000142 0.025833 500.000000 8.726004
1360 0.000123 0.027686 600.000000 8.968610
1360 0.000143 0.020449 700.000000 8.760951
1360 0.000147 0.016973 800.000000 9.029346
1370 0.000000 0.010820 100.000000 10.416667
1370 0.000000 0.016024 200.000000 8.438819
1370 0.000056 0.021859 300.000000 9.118541
1370 0.000143 0.026847 400.000000 8.658009
1370 0.000140 0.025492 500.000000 8.756567
1370 0.000125 0.027447 600.000000 8.982036
1370 0.000144 0.019136 700.000000 8.782936
1370 0.000147 0.017937 800.000000 9.039548
1380 0.000000 0.011119 100.000000 10.638298
1380 0.000000 0.016482 200.000000 8.474576
1380 0.000064 0.022093 300.000000 9.174312
1380 0.000154 0.026500 400.000000 8.403361
1380 0.000141 0.025777 500.000000 8.771930
1380 0.000125 0.027889 600.000000 8.995502
1380 0.000148 0.018458 700.000000 8.805032
1380 0.000150 0.019167 800.000000 9.049774
1390 0.000000 0.011298 100.000000 10.752688
1390 0.000055 0.016589 200.000000 8.510638
1390 0.000076 0.022114 300.000000 9.202454
1390 0.000153 0.025353 400.000000 8.350731
1390 0.000138 0.025507 500.000000 8.787346
1390 0.000123 0.027828 600.000000 8.995502
1390 0.000149 0.017556 700.000000 8.827238
1390 0.000151 0.020419 800.000000 9.049774
1400 0.000000 0.011566 100.000000 10.752688
1400 0.000000 0.016777 200.000000 8.510638
1400 0.000075 0.021672 300.000000 9.230769
1400 0.000149 0.024022 400.000000 8.350731
1400 0.000134 0.025374 500.000000 8.771930
1400 0.000125 0.027627 600.000000 8.928572
1400 0.000149 0.016709 700.000000 8.838384
1400 0.000151 0.021758 800.000000 9.039548
1410 0.000087 0.014923 100.000000 10.309278
1410 0.000000 0.016340 200.000000 8.510638
1410 0.000079 0.021054 300.000000 9.202454
1410 0.000148 0.022378 400.000000 8.368201
1410 0.000135 0.024959 500.000000 8.771930
1410 0.000136 0.026767 600.000000 8.670520
1410 0.000148 0.016601 700.000000 8.849558
1410 0.000154 0.023484 800.000000 8.978676
1420 0.000000 0.011936 100.000000 9.615385
1420 0.000000 0.017119 200.000000 8.510638
1420 0.000077 0.021578 300.000000 9.174312
1420 0.000148 0.022180 400.000000 8.385744
1420 0.000134 0.025636 500.000000 8.756567
1420 0.000141 0.025855 600.000000 8.559201
1420 0.000152 0.017075 700.000000 8.849558
1420 0.000169 0.024885 800.000000 8.064516
1430 0.000000 0.012729 100.000000 7.575758
1430 0.000000 0.017427 200.000000 8.510638
1430 0.000080 0.022078 300.000000 9.118541
1430 0.000149 0.022110 400.000000 8.385744
1430 0.000136 0.026043 500.000000 8.741259
1430 0.000142 0.024185 600.000000 8.522727
1430 0.000152 0.017612 700.000000 8.860760
1430 0.000182 0.024859 800.000000 7.984032
1440 0.000000 0.012136 100.000000 7.194244
1440 0.000000 0.016641 200.000000 8.547009
1440 0.000079 0.021445 300.000000 9.036144
1440 0.000148 0.021099 400.000000 8.403361
1440 0.000127 0.025375 500.000000 8.726004
1440 0.000145 0.022339 600.000000 8.522727
1440 0.000153 0.018534 700.000000 8.860760
1440 0.000178 0.024360 800.000000 7.968128
1450 0.000000 0.012921 100.000000 7.042253
1450 0.000000 0.017857 200.000000 8.510638
1450 0.000084 0.022422 300.000000 8.849558
1450 0.000150 0.021584 400.000000 8.403361
1450 0.000127 0.025562 500.000000 8.726004
1450 0.000148 0.021017 600.000000 8.534851
1450 0.000153 0.019679 700.000000 8.860760
1450 0.000178 0.024001 800.000000 7.968128
1460 0.000000 0.013746 100.000000 6.993007
1460 0.000000 0.018024 200.000000 8.510638
1460 0.000136 0.022813 300.000000 8.403361
1460 0.000150 0.021941 400.000000 8.385744
1460 0.000128 0.025813 500.000000 8.710801
1460 0.000150 0.019903 600.000000 8.534851
1460 0.000154 0.020984 700.000000 8.849558
1460 0.000177 0.023751 800.000000 7.968128
1470 0.000000 0.012436 100.000000 6.944445
1470 0.000000 0.016915 200.000000 8.510638
1470 0.000165 0.020728 300.000000 7.874016
1470 0.000144 0.021143 400.000000 8.368201
1470 0.000124 0.025434 500.000000 8.710801
1470 0.000152 0.018790 600.000000 8.534851
1470 0.000154 0.022571 700.000000 8.838384
1470 0.000177 0.023845 800.000000 7.968128
1480 0.000000 0.012650 100.000000 6.944445
1480 0.000000 0.016901 200.000000 8.510638
1480 0.000158 0.019505 300.000000 7.731959
1480 0.000140 0.021507 400.000000 8.368201
1480 0.000121 0.026248 500.000000 8.680555
1480 0.000153 0.018422 600.000000 8.547009
1480 0.000156 0.024129 700.000000 8.827238
1480 0.000179 0.023997 800.000000 7.960199
1490 0.000000 0.012745 100.000000 6.944445
1490 0.000000 0.016410 200.000000 8.547009
1490 0.000155 0.018270 300.000000 7.731959
1490 0.000137 0.021721 400.000000 8.368201
1490 0.000122 0.026387 500.000000 8.635578
1490 0.000154 0.018401 600.000000 8.559201
1490 0.000156 0.025513 700.000000 8.827238
1490 0.000180 0.024247 800.000000 7.968128
1500 0.000000 0.017659 100.000000 7.092198
1500 0.000105 0.022114 200.000000 8.620689
1500 0.000185 0.023451 300.000000 7.792208
1500 0.000158 0.027363 400.000000 8.403361
1500 0.000149 0.030901 500.000000 8.488964
1500 0.000167 0.020177 600.000000 8.595988
1500 0.000172 0.027442 700.000000 8.816121
1500 0.000189 0.024281 800.000000 7.984032
1510 0.000392 0.041822 100.000000 7.246377
1510 0.000257 0.045850 200.000000 8.733624
1510 0.000273 0.044296 300.000000 7.874016
1510 0.000223 0.045376 400.000000 8.438819
1510 0.000209 0.043635 500.000000 8.333333
1510 0.000213 0.025365 600.000000 8.645534
1510 0.000211 0.030925 700.000000 8.771930
1510 0.000219 0.023748 800.000000 8.008008
1520 0.000000 0.012186 100.000000 7.462687
1520 0.000000 0.015543 200.000000 8.849558
1520 0.000155 0.016188 300.000000 7.957560
1520 0.000138 0.022399 400.000000 8.510638
1520 0.000142 0.025037 500.000000 8.333333
1520 0.000157 0.019475 600.000000 8.695652
1520 0.000178 0.028899 700.000000 7.874016
1520 0.000178 0.025463 800.000000 8.040201
1530 0.000000 0.011817 100.000000 7.874016
1530 0.000000 0.015198 200.000000 9.090909
1530 0.000152 0.015768 300.000000 8.108109
1530 0.000133 0.022238 400.000000 8.620689
1530 0.000144 0.024321 500.000000 8.403361
1530 0.000155 0.019731 600.000000 8.784773
1530 0.000192 0.029027 700.000000 7.874016
1530 0.000177 0.025626 800.000000 8.088979
1540 0.000000 0.011458 100.000000 8.403361
1540 0.000026 0.015006 200.000000 9.433962
1540 0.000154 0.015654 300.000000 8.287292
1540 0.000134 0.022259 400.000000 8.771930
1540 0.000144 0.024033 500.000000 8.517887
1540 0.000156 0.019908 600.000000 8.888889
1540 0.000194 0.029046 700.000000 7.927520
1540 0.000177 0.025724 800.000000 8.154943
1550 0.000000 0.010739 100.000000 9.009009
1550 0.000000 0.014684 200.000000 9.756098
1550 0.000152 0.015303 300.000000 8.498584
1550 0.000134 0.022227 400.000000 8.908686
1550 0.000142 0.023615 500.000000 8.635578
1550 0.000156 0.020103 600.000000 8.995502
1550 0.000194 0.029045 700.000000 7.990868
1550 0.000176 0.025854 800.000000 8.221993
1560 0.000000 0.011399 100.000000 9.615385
1560 0.000018 0.015283 200.000000 10.050251
1560 0.000155 0.015529 300.000000 8.670520
1560 0.000136 0.022763 400.000000 9.049774
1560 0.000144 0.023550 500.000000 8.726004
1560 0.000157 0.020556 600.000000 9.090909
1560 0.000194 0.028993 700.000000 8.036739
1560 0.000177 0.026118 800.000000 8.281573
1570 0.000000 0.011554 100.000000 10.000000
1570 0.000000 0.015490 200.000000 10.256411
1570 0.000157 0.015664 300.000000 8.797654
1570 0.000130 0.022881 400.000000 9.132421
1570 0.000148 0.022803 500.000000 8.787346
1570 0.000159 0.021130 600.000000 9.160305
1570 0.000191 0.028655 700.000000 8.064516
1570 0.000178 0.026559 800.000000 8.316009
1580 0.000000 0.010528 100.000000 10.416667
1580 0.000040 0.014236 200.000000 10.256411
1580 0.000154 0.015041 300.000000 8.875740
1580 0.000128 0.022483 400.000000 9.195402
1580 0.000151 0.021481 500.000000 8.833922
1580 0.000158 0.021976 600.000000 9.202454
1580 0.000187 0.028151 700.000000 8.083141
1580 0.000177 0.027208 800.000000 8.350731
1590 0.000000 0.011592 100.000000 10.638298
1590 0.000053 0.015514 200.000000 10.050251
1590 0.000160 0.016345 300.000000 8.928572
1590 0.000128 0.023481 400.000000 9.237875
1590 0.000154 0.021262 500.000000 8.880995
1590 0.000160 0.023281 600.000000 9.230769
1590 0.000187 0.027959 700.000000 8.101851
1590 0.000178 0.027967 800.000000 8.368201
1600 0.000000 0.010713 100.000000 10.752688
1600 0.000123 0.014161 200.000000 9.433962
1600 0.000155 0.015574 300.000000 8.928572
1600 0.000122 0.022840 400.000000 9.259259
1600 0.000153 0.019970 500.000000 8.896797
1600 0.000157 0.024268 600.000000 9.244992
1600 0.000183 0.027531 700.000000 8.111239
1600 0.000175 0.028851 800.000000 8.376964
1610 0.000000 0.010629 100.000000 10.752688
1610 0.000177 0.012515 200.000000 8.510638
1610 0.000152 0.015521 300.000000 8.955224
1610 0.000125 0.023240 400.000000 9.259259
1610 0.000156 0.019813 500.000000 8.912656
1610 0.000158 0.025702 600.000000 9.244992
1610 0.000184 0.027402 700.000000 8.120649
1610 0.000173 0.029905 800.000000 8.376964
1620 0.000000 0.010088 100.000000 10.869565
1620 0.000177 0.010967 200.000000 8.196721
1620 0.000148 0.016460 300.000000 8.955224
1620 0.000122 0.024184 400.000000 9.259259
1620 0.000159 0.020067 500.000000 8.944544
1620 0.000160 0.027292 600.000000 9.244992
1620 0.000185 0.027628 700.000000 8.120649
1620 0.000173 0.031196 800.000000 8.368201
1630 0.000000 0.009621 100.000000 10.869565
1630 0.000173 0.009722 200.000000 8.130081
1630 0.000143 0.017725 300.000000 8.928572
1630 0.000122 0.025378 400.000000 9.195402
1630 0.000159 0.020512 500.000000 8.960573
1630 0.000162 0.029095 600.000000 9.216590
1630 0.000187 0.027926 700.000000 8.120649
1630 0.000172 0.032448 800.000000 8.368201
1640 0.000000 0.009594 100.000000 10.869565
1640 0.000188 0.009320 200.000000 8.163265
1640 0.000149 0.019270 300.000000 8.928572
1640 0.000140 0.026518 400.000000 8.908686
1640 0.000163 0.021491 500.000000 8.960573
1640 0.000170 0.030847 600.000000 9.174312
1640 0.000189 0.028405 700.000000 8.120649
1640 0.000174 0.033812 800.000000 8.376964
1650 0.000000 0.008763 100.000000 10.752688
1650 0.000185 0.009208 200.000000 8.196721
1650 0.000154 0.020893 300.000000 8.875740
1650 0.000153 0.026149 400.000000 8.583691
1650 0.000166 0.022501 500.000000 8.976661
1650 0.000177 0.032666 600.000000 8.941877
1650 0.000187 0.028819 700.000000 8.111239
1650 0.000174 0.035054 800.000000 8.376964
1660 0.000000 0.009076 100.000000 10.526316
1660 0.000186 0.010034 200.000000 8.196721
1660 0.000149 0.021649 300.000000 8.849558
1660 0.000156 0.024842 400.000000 8.510638
1660 0.000167 0.023581 500.000000 8.976661
1660 0.000213 0.033012 600.000000 7.822686
1660 0.000187 0.029304 700.000000 8.111239
1660 0.000173 0.036413 800.000000 8.368201
1670 0.000000 0.009177 100.000000 10.204082
1670 0.000185 0.010958 200.000000 8.230453
1670 0.000143 0.022234 300.000000 8.823529
1670 0.000161 0.023370 400.000000 8.492569
1670 0.000170 0.024720 500.000000 8.976661
1670 0.000202 0.032019 600.000000 7.782101
1670 0.000187 0.030009 700.000000 8.111239
1670 0.000174 0.037664 800.000000 8.350731
1680 0.000000 0.009874 100.000000 9.708738
1680 0.000192 0.012983 200.000000 8.230453
1680 0.000141 0.023504 300.000000 8.823529
1680 0.000166 0.023170 400.000000 8.492569
1680 0.000172 0.026575 500.000000 8.976661
1680 0.000202 0.031778 600.000000 7.782101
1680 0.000188 0.030941 700.000000 8.111239
1680 0.000175 0.038910 800.000000 8.342023
1690 0.000060 0.009317 100.000000 8.620689
1690 0.000194 0.015081 200.000000 8.196721
1690 0.000137 0.024693 300.000000 8.823529
1690 0.000169 0.022754 400.000000 8.510638
1690 0.000172 0.028006 500.000000 8.976661
1690 0.000199 0.031308 600.000000 7.782101
1690 0.000187 0.031843 700.000000 8.111239
1690 0.000179 0.040204 800.000000 8.333333
1700 0.000279 0.008076 100.000000 7.042253
1700 0.000195 0.017047 200.000000 8.196721
1700 0.000143 0.026337 300.000000 8.797654
1700 0.000176 0.023038 400.000000 8.510638
1700 0.000176 0.029687 500.000000 8.960573
1700 0.000200 0.031158 600.000000 7.782101
1700 0.000187 0.032864 700.000000 8.101851
1700 0.000180 0.041850 800.000000 8.333333
1710 0.000300 0.005979 100.000000 6.493506
1710 0.000193 0.018774 200.000000 8.163265
1710 0.000141 0.027363 300.000000 8.771930
1710 0.000181 0.023426 400.000000 8.528785
1710 0.000179 0.031345 500.000000 8.944544
1710 0.000203 0.031133 600.000000 7.782101
1710 0.000186 0.034121 700.000000 8.092485
1710 0.000179 0.043309 800.000000 8.333333
1720 0.000273 0.004536 100.000000 6.451613
1720 0.000174 0.020318 200.000000 8.130081
1720 0.000134 0.028116 300.000000 8.695652
1720 0.000178 0.023401 400.000000 8.547009
1720 0.000178 0.032376 500.000000 8.928572
1720 0.000203 0.030782 600.000000 7.772021
1720 0.000184 0.034928 700.000000 8.092485
1720 0.000178 0.044523 800.000000 8.333333
1730 0.000270 0.005571 100.000000 6.451613
1730 0.000165 0.020738 200.000000 8.130081
1730 0.000153 0.027839 300.000000 8.379889
1730 0.000176 0.023401 400.000000 8.565310
1730 0.000183 0.033480 500.000000 8.865249
1730 0.000202 0.030739 600.000000 7.772021
1730 0.000183 0.036155 700.000000 8.092485
1730 0.000178 0.045711 800.000000 8.324662
1740 0.000274 0.007365 100.000000 6.535948
1740 0.000165 0.021669 200.000000 8.130081
1740 0.000169 0.027061 300.000000 8.021390
1740 0.000181 0.024383 400.000000 8.583691
1740 0.000191 0.034894 500.000000 8.680555
1740 0.000201 0.030991 600.000000 7.782101
1740 0.000184 0.037424 700.000000 8.101851
1740 0.000178 0.047217 800.000000 8.316009
1750 0.000291 0.010548 100.000000 6.622517
1750 0.000177 0.023553 200.000000 8.130081
1750 0.000176 0.026692 300.000000 7.957560
1750 0.000186 0.025640 400.000000 8.620689
1750 0.000237 0.035825 500.000000 7.440476
1750 0.000202 0.031600 600.000000 7.792208
1750 0.000184 0.038660 700.000000 8.111239
1750 0.000179 0.048671 800.000000 8.324662
1760 0.000288 0.013117 100.000000 6.711410
1760 0.000180 0.025173 200.000000 8.163265
1760 0.000178 0.026103 300.000000 7.978724
1760 0.000187 0.026982 400.000000 8.658009
1760 0.000228 0.035384 500.000000 7.407407
1760 0.000201 0.032321 600.000000 7.802341
1760 0.000185 0.039605 700.000000 8.120649
1760 0.000179 0.049882 800.000000 8.342023
1770 0.000303 0.015980 100.000000 6.849315
1770 0.000172 0.026079 200.000000 8.230453
1770 0.000187 0.025460 300.000000 8.042895
1770 0.000190 0.028157 400.000000 8.695652
1770 0.000224 0.034756 500.000000 7.429420
1770 0.000203 0.032777 600.000000 7.832898
1770 0.000185 0.040445 700.000000 8.130081
1770 0.000180 0.050947 800.000000 8.368201
1780 0.000294 0.018223 100.000000 7.042253
1780 0.000164 0.026718 200.000000 8.368201
1780 0.000189 0.024669 300.000000 8.108109
1780 0.000189 0.028670 400.000000 8.771930
1780 0.000221 0.034012 500.000000 7.462687
1780 0.000201 0.032901 600.000000 7.874016
1780 0.000184 0.040973 700.000000 8.158508
1780 0.000180 0.051769 800.000000 8.403361
1790 0.000286 0.018328 100.000000 7.246377
1790 0.000154 0.025793 200.000000 8.510638
1790 0.000185 0.023434 300.000000 8.219178
1790 0.000184 0.028589 400.000000 8.869180
1790 0.000216 0.032804 500.000000 7.518797
1790 0.000197 0.032910 600.000000 7.926024
1790 0.000184 0.041294 700.000000 8.196721
1790 0.000176 0.052008 800.000000 8.447730
1800 0.000278 0.018424 100.000000 7.575758
1800 0.000142 0.025563 200.000000 8.733624
1800 0.000182 0.022831 300.000000 8.356546
1800 0.000182 0.028719 400.000000 8.968610
1800 0.000212 0.032211 500.000000 7.587254
1800 0.000195 0.033113 600.000000 7.978724
1800 0.000183 0.041658 700.000000 8.244994
1800 0.000175 0.052225 800.000000 8.501594
1810 0.000235 0.014579 100.000000 8.000000
1810 0.000117 0.021359 200.000000 9.009009
1810 0.000168 0.019410 300.000000 8.522727
1810 0.000171 0.026780 400.000000 9.111617
1810 0.000203 0.030150 500.000000 7.656968
1810 0.000188 0.032334 600.000000 8.053691
1810 0.000179 0.041030 700.000000 8.313540
1810 0.000169 0.051522 800.000000 8.565310
1820 0.000205 0.012644 100.000000 8.474576
1820 0.000105 0.018797 200.000000 9.302325
1820 0.000160 0.017530 300.000000 8.720930
1820 0.000165 0.025511 400.000000 9.259259
1820 0.000198 0.028731 500.000000 7.751938
1820 0.000184 0.031923 600.000000 8.130081
1820 0.000175 0.040884 700.000000 8.383233
1820 0.000166 0.051239 800.000000 8.629990
1830 0.000139 0.011522 100.000000 9.009009
1830 0.000065 0.016308 200.000000 9.615385
1830 0.000150 0.014918 300.000000 8.902077
1830 0.000160 0.023945 400.000000 9.411765
1830 0.000193 0.027342 500.000000 7.836991
1830 0.000180 0.031360 600.000000 8.207934
1830 0.000172 0.040542 700.000000 8.464329
1830 0.000162 0.051054 800.000000 8.695652
1840 0.000052 0.009953 100.000000 9.615385
1840 0.000000 0.013848 200.000000 9.950249
1840 0.000136 0.013016 300.000000 9.118541
1840 0.000151 0.022411 400.000000 9.569378
1840 0.000187 0.025909 500.000000 7.923930
1840 0.000174 0.030749 600.000000 8.287292
1840 0.000166 0.040098 700.000000 8.536586
1840 0.000157 0.050240 800.000000 8.771930
1850 0.000000 0.009168 100.000000 10.204082
1850 0.000000 0.011505 200.000000 10.309278
1850 0.000130 0.011020 300.000000 9.287926
1850 0.000146 0.021217 400.000000 9.708738
1850 0.000184 0.024664 500.000000 8.012820
1850 0.000170 0.030390 600.000000 8.356546
1850 0.000163 0.039801 700.000000 8.610086
1850 0.000154 0.049994 800.000000 8.830022
1860 0.000027 0.009838 100.000000 10.752688
1860 0.000000 0.012495 200.000000 10.526316
1860 0.000136 0.011629 300.000000 9.433962
1860 0.000150 0.022028 400.000000 9.803922
1860 0.000186 0.024837 500.000000 8.064516
1860 0.000170 0.031169 600.000000 8.403361
1860 0.000164 0.040544 700.000000 8.663366
1860 0.000155 0.050737 800.000000 8.879024
1870 0.000000 0.009987 100.000000 10.869565
1870 0.000000 0.012807 200.000000 10.582010
1870 0.000138 0.012359 300.000000 9.523809
1870 0.000153 0.023086 400.000000 9.852217
1870 0.000189 0.025338 500.000000 8.090615
1870 0.000170 0.032302 600.000000 8.426967
1870 0.000165 0.041769 700.000000 8.684863
1880 0.000000 0.010354 100.000000 10.869565
1880 0.000000 0.015870 200.000000 10.152285
1880 0.000136 0.013714 300.000000 9.554140
1880 0.000158 0.024651 400.000000 9.803922
1880 0.000190 0.026176 500.000000 8.090615
1880 0.000171 0.033933 600.000000 8.426967
1880 0.000165 0.043449 700.000000 8.674102
1890 0.000000 0.010361 100.000000 10.638298
1890 0.000082 0.012501 200.000000 9.049774
1890 0.000147 0.015009 300.000000 9.523809
1890 0.000170 0.026230 400.000000 9.546539
1890 0.000190 0.027026 500.000000 8.077544
1890 0.000172 0.035489 600.000000 8.426967
1890 0.000167 0.045302 700.000000 8.641975
1900 0.000000 0.009756 100.000000 10.416667
1900 0.000094 0.011240 200.000000 8.810573
1900 0.000150 0.016755 300.000000 9.523809
1900 0.000225 0.027172 400.000000 7.648183
1900 0.000189 0.028161 500.000000 8.051530
1900 0.000171 0.037048 600.000000 8.415147
1900 0.000167 0.046892 700.000000 8.631319
1910 0.000000 0.009329 100.000000 10.204082
1910 0.000104 0.009996 200.000000 8.733624
1910 0.000151 0.017893 300.000000 9.523809
1910 0.000218 0.026558 400.000000 7.575758
1910 0.000188 0.029144 500.000000 8.038586
1910 0.000170 0.038424 600.000000 8.379889
1910 0.000167 0.048536 700.000000 8.620689
1920 0.000000 0.008418 100.000000 10.204082
1920 0.000116 0.008826 200.000000 8.733624
1920 0.000154 0.019008 300.000000 9.523809
1920 0.000210 0.025758 400.000000 7.561437
1920 0.000188 0.029953 500.000000 8.051530
1920 0.000170 0.039338 600.000000 8.368201
1920 0.000168 0.049815 700.000000 8.620689
1930 0.000000 0.008799 100.000000 10.204082
1930 0.000121 0.009074 200.000000 8.771930
1930 0.000154 0.020774 300.000000 9.523809
1930 0.000207 0.026166 400.000000 7.561437
1930 0.000189 0.031463 500.000000 8.051530
1930 0.000176 0.040972 600.000000 8.356546
1930 0.000168 0.051411 700.000000 8.631319
1940 0.000000 0.009134 100.000000 10.204082
1940 0.000135 0.010181 200.000000 8.810573
1940 0.000160 0.022423 300.000000 9.523809
1940 0.000206 0.026588 400.000000 7.575758
1940 0.000188 0.032757 500.000000 8.051530
1940 0.000178 0.042483 600.000000 8.368201
1940 0.000166 0.052876 700.000000 8.641975
1950 0.000000 0.010322 100.000000 10.204082
1950 0.000155 0.012085 200.000000 8.849558
1950 0.000171 0.024363 300.000000 9.523809
1950 0.000213 0.027795 400.000000 7.575758
1950 0.000189 0.034688 500.000000 8.051530
1950 0.000180 0.044665 600.000000 8.368201
1950 0.000167 0.054724 700.000000 8.652658
1960 0.000000 0.010828 100.000000 10.101010
1960 0.000170 0.014022 200.000000 8.888889
1960 0.000182 0.026368 300.000000 9.493670
1960 0.000219 0.028877 400.000000 7.575758
1960 0.000192 0.036707 500.000000 8.038586
1960 0.000182 0.046390 600.000000 8.379889
1970 0.000000 0.011776 100.000000 9.433962
1970 0.000180 0.015790 200.000000 8.928572
1970 0.000193 0.028066 300.000000 9.433962
1970 0.000224 0.029905 400.000000 7.590133
1970 0.000194 0.038561 500.000000 8.051530
1970 0.000183 0.048332 600.000000 8.379889
1980 0.000123 0.010988 100.000000 8.000000
1980 0.000187 0.016856 200.000000 9.009009
1980 0.000203 0.029224 300.000000 9.287926
1980 0.000224 0.030822 400.000000 7.590133
1980 0.000196 0.040065 500.000000 8.064516
1980 0.000185 0.049984 600.000000 8.368201
1990 0.000167 0.010000 100.000000 7.633588
1990 0.000197 0.019062 200.000000 9.049774
1990 0.000248 0.030311 300.000000 7.109005
1990 0.000224 0.031851 400.000000 7.604563
1990 0.000196 0.041614 500.000000 8.077544
1990 0.000188 0.051571 600.000000 8.368201
2000 0.000168 0.008874 100.000000 7.518797
2000 0.000202 0.020369 200.000000 9.132421
2000 0.000280 0.030204 300.000000 6.976744
2000 0.000223 0.032896 400.000000 7.604563
2000 0.000196 0.042804 500.000000 8.077544
2000 0.000187 0.052995 600.000000 8.379889
2010 0.000223 0.008993 100.000000 7.575758
2010 0.000217 0.022756 200.000000 9.132421
2010 0.000272 0.030142 300.000000 6.944445
2010 0.000227 0.034259 400.000000 7.619048
2010 0.000198 0.044428 500.000000 8.064516
2010 0.000190 0.054809 600.000000 8.391608
2020 0.000232 0.010347 100.000000 7.575758
2020 0.000223 0.025154 200.000000 9.174312
2020 0.000270 0.030867 300.000000 6.944445
2020 0.000228 0.035832 400.000000 7.633588
2020 0.000200 0.046107 500.000000 8.051530
2020 0.000191 0.056608 600.000000 8.403361
2030 0.000279 0.013109 100.000000 7.633588
2030 0.000235 0.028475 200.000000 9.174312
2030 0.000271 0.032764 300.000000 6.944445
2030 0.000234 0.038800 400.000000 7.633588
2030 0.000210 0.048909 500.000000 8.051530
2030 0.000193 0.059520 600.000000 8.403361
2040 0.000289 0.015243 100.000000 7.692307
2040 0.000233 0.029626 200.000000 9.132421
2040 0.000269 0.032214 300.000000 6.944445
2040 0.000229 0.039504 400.000000 7.633588
2040 0.000208 0.050011 500.000000 8.051530
2040 0.000189 0.060085 600.000000 8.415147
2050 0.000318 0.019869 100.000000 7.751938
2050 0.000252 0.032661 200.000000 9.132421
2050 0.000278 0.034605 300.000000 6.960557
2050 0.000231 0.042707 400.000000 7.619048
2050 0.000211 0.052485 500.000000 8.077544
2060 0.000330 0.022484 100.000000 7.936508
2060 0.000262 0.034097 200.000000 9.174312
2060 0.000282 0.035264 300.000000 6.993007
2060 0.000231 0.044030 400.000000 7.648183
2060 0.000212 0.054151 500.000000 8.090615
2070 0.000320 0.023710 100.000000 8.196721
2070 0.000259 0.034558 200.000000 9.302325
2070 0.000281 0.035462 300.000000 7.058824
2070 0.000230 0.044613 400.000000 7.707129
2070 0.000210 0.054414 500.000000 8.143323
2080 0.000293 0.024135 100.000000 8.620689
2080 0.000258 0.033969 200.000000 9.478673
2080 0.000276 0.034872 300.000000 7.142857
2080 0.000226 0.044173 400.000000 7.797271
2080 0.000207 0.054055 500.000000 8.210180
2090 0.000253 0.021805 100.000000 9.259259
2090 0.000245 0.031244 200.000000 9.756098
2090 0.000264 0.032271 300.000000 7.263923
2090 0.000217 0.041959 400.000000 7.905138
2090 0.000200 0.051693 500.000000 8.305648
2100 0.000232 0.020497 100.000000 9.900990
2100 0.000234 0.029277 200.000000 9.950249
2100 0.000253 0.029609 300.000000 7.389163
2100 0.000210 0.039776 400.000000 8.016032
2100 0.000195 0.049332 500.000000 8.403361
2110 0.000198 0.019440 100.000000 10.526316
2110 0.000222 0.027689 200.000000 9.950249
2110 0.000238 0.027933 300.000000 7.500000
2110 0.000202 0.037779 400.000000 8.130081
2110 0.000189 0.047631 500.000000 8.474576
2120 0.000152 0.019266 100.000000 10.989011
2120 0.000268 0.025589 200.000000 6.849315
2120 0.000227 0.025758 300.000000 7.575758
2120 0.000191 0.036154 400.000000 8.179959
2120 0.000183 0.045767 500.000000 8.517887
2130 0.000172 0.020251 100.000000 11.235955
2130 0.000326 0.025048 200.000000 6.688963
2130 0.000226 0.026682 300.000000 7.594937
2130 0.000191 0.037028 400.000000 8.213552
2130 0.000182 0.046909 500.000000 8.547009
2140 0.000159 0.020305 100.000000 11.363636
2140 0.000287 0.021864 200.000000 6.644518
2140 0.000221 0.026220 300.000000 7.614213
2140 0.000183 0.036449 400.000000 8.196721
2140 0.000178 0.046366 500.000000 8.561644
2150 0.000181 0.019854 100.000000 11.363636
2150 0.000274 0.019467 200.000000 6.622517
2150 0.000214 0.025577 300.000000 7.614213
2150 0.000183 0.035984 400.000000 8.163265
2150 0.000175 0.046125 500.000000 8.561644
2160 0.000173 0.019142 100.000000 11.235955
2160 0.000259 0.017312 200.000000 6.622517
2160 0.000210 0.025837 300.000000 7.594937
2160 0.000189 0.036168 400.000000 8.130081
2160 0.000171 0.046006 500.000000 8.561644
2170 0.000171 0.017514 100.000000 11.111111
2170 0.000255 0.015688 200.000000 6.600660
2170 0.000202 0.025991 300.000000 7.575758
2170 0.000182 0.036347 400.000000 8.130081
2170 0.000165 0.045880 500.000000 8.547009
2180 0.000195 0.017240 100.000000 10.869565
2180 0.000255 0.015426 200.000000 6.578948
2180 0.000196 0.027131 300.000000 7.537688
2180 0.000180 0.036961 400.000000 8.130081
2190 0.000209 0.016356 100.000000 10.526316
2190 0.000257 0.016484 200.000000 6.557377
2190 0.000195 0.028704 300.000000 7.518797
2190 0.000179 0.038227 400.000000 8.097166
2200 0.000237 0.016094 100.000000 9.900990
2200 0.000250 0.016921 200.000000 6.535948
2200 0.000190 0.029423 300.000000 7.518797
2200 0.000176 0.038604 400.000000 8.064516
2210 0.000404 0.014277 100.000000 4.901961
2210 0.000241 0.018198 200.000000 6.514658
2210 0.000184 0.030091 300.000000 7.518797
2210 0.000177 0.039239 400.000000 8.032128
2220 0.000430 0.010714 100.000000 4.694836
2220 0.000233 0.019346 200.000000 6.493506
2220 0.000180 0.030583 300.000000 7.481297
2220 0.000170 0.039641 400.000000 8.032128
2230 0.000385 0.007452 100.000000 4.651163
2230 0.000229 0.021551 200.000000 6.493506
2230 0.000177 0.031904 300.000000 7.444169
2230 0.000171 0.040917 400.000000 8.032128
2240 0.000368 0.007320 100.000000 4.651163
2240 0.000226 0.024091 200.000000 6.514658
2240 0.000185 0.034055 300.000000 7.425743
2240 0.000171 0.042885 400.000000 8.048289
2250 0.000359 0.009599 100.000000 4.651163
2250 0.000225 0.025768 200.000000 6.514658
2250 0.000192 0.035067 300.000000 7.425743
2250 0.000169 0.043438 400.000000 8.064516
2260 0.000351 0.012863 100.000000 4.672897
2260 0.000214 0.027159 200.000000 6.514658
2260 0.000186 0.035811 300.000000 7.444169
2260 0.000162 0.043811 400.000000 8.064516
2270 0.000347 0.015773 100.000000 4.672897
2270 0.000207 0.028840 200.000000 6.493506
2270 0.000184 0.036542 300.000000 7.462687
2280 0.000345 0.018448 100.000000 4.716981
2280 0.000198 0.030017 200.000000 6.535948
2280 0.000179 0.037353 300.000000 7.481297
2290 0.000327 0.020005 100.000000 4.761905
2290 0.000192 0.030312 200.000000 6.578948
2290 0.000173 0.036780 300.000000 7.518797
2300 0.000310 0.021360 100.000000 4.854369
2300 0.000185 0.030203 200.000000 6.688963
2300 0.000172 0.036451 300.000000 7.575758
2310 0.000291 0.022066 100.000000 5.000000
2310 0.000177 0.029691 200.000000 6.825939
2310 0.000172 0.035577 300.000000 7.692307
2320 0.000287 0.021032 100.000000 5.181347
2320 0.000172 0.028088 200.000000 7.017544
2320 0.000167 0.034046 300.000000 7.832898
2330 0.000284 0.022159 100.000000 5.434783
2330 0.000170 0.029039 200.000000 7.246377
2330 0.000167 0.034871 300.000000 8.021390
2340 0.000281 0.022366 100.000000 5.747127
2340 0.000169 0.029286 200.000000 7.518797
2340 0.000166 0.035137 300.000000 8.241758
2350 0.000269 0.022170 100.000000 6.097561
2350 0.000164 0.029187 200.000000 7.812500
2350 0.000164 0.035070 300.000000 8.474576
2360 0.000259 0.021704 100.000000 6.493506
2360 0.000160 0.028832 200.000000 8.130081
2360 0.000162 0.034761 300.000000 8.720930
2370 0.000249 0.021145 100.000000 6.944445
2370 0.000155 0.028324 200.000000 8.474576
2370 0.000159 0.034267 300.000000 8.982036
2380 0.000233 0.020573 100.000000 7.462687
2380 0.000148 0.027787 200.000000 8.849558
2380 0.000156 0.033742 300.000000 9.259259
2390 0.000223 0.020342 100.000000 8.064516
2390 0.000144 0.027554 200.000000 9.259259
2390 0.000154 0.033506 300.000000 9.554140
2400 0.000189 0.019512 100.000000 8.771930
2400 0.000129 0.026569 200.000000 9.708738
2400 0.000146 0.032447 300.000000 9.868421
2410 0.000068 0.014558 100.000000 9.433962
2410 0.000076 0.021263 200.000000 10.101010
2410 0.000126 0.027057 300.000000 10.101010
2420 0.000000 0.007801 100.000000 10.000000
2420 0.000000 0.012699 200.000000 10.416667
2420 0.000073 0.017894 300.000000 10.309278
2430 0.000000 0.009082 100.000000 10.416667
2430 0.000000 0.012299 200.000000 10.582010
2430 0.000062 0.017240 300.000000 10.452962
2440 0.000000 0.012799 100.000000 10.638298
2440 0.000000 0.015601 200.000000 10.582010
2440 0.000084 0.021126 300.000000 10.526316
2450 0.000000 0.012667 100.000000 10.638298
2450 0.000000 0.016048 200.000000 10.526316
2450 0.000091 0.022150 300.000000 10.563380
2460 0.000000 0.013615 100.000000 10.638298
2460 0.000076 0.017647 200.000000 10.471204
2460 0.000100 0.023902 300.000000 10.600707
2470 0.000000 0.012882 100.000000 10.638298
2470 0.000062 0.016762 200.000000 10.526316
2470 0.000087 0.022890 300.000000 10.600707
2480 0.000000 0.011744 100.000000 10.526316
2480 0.000047 0.015422 200.000000 10.526316
2490 0.000000 0.010026 100.000000 10.526316
2490 0.000000 0.014437 200.000000 10.526316
2500 0.000000 0.011256 100.000000 10.526316
2500 0.000025 0.014409 200.000000 10.471204
2510 0.000000 0.012195 100.000000 10.638298
2510 0.000062 0.015298 200.000000 10.416667
2520 0.000000 0.012030 100.000000 10.638298
2520 0.000067 0.015826 200.000000 10.416667
2530 0.000000 0.011391 100.000000 10.526316
2530 0.000064 0.016086 200.000000 10.416667
2540 0.000000 0.009949 100.000000 10.204082
2540 0.000089 0.016109 200.000000 10.416667
2550 0.000000 0.010484 100.000000 10.101010
2550 0.000085 0.016179 200.000000 10.471204
2560 0.000000 0.012102 100.000000 10.204082
2560 0.000070 0.017482 200.000000 10.526316
2570 0.000000 0.011911 100.000000 10.309278
2570 0.000072 0.018062 200.000000 10.526316
2580 0.000000 0.012379 100.000000 10.416667
2590 0.000000 0.012405 100.000000 10.309278
2600 0.000000 0.011979 100.000000 10.101010
2610 0.000096 0.013078 100.000000 10.000000
2620 0.000079 0.013625 100.000000 10.101010
2630 0.000095 0.014174 100.000000 10.309278
2640 0.000124 0.014079 100.000000 10.526316
2650 0.000038 0.011150 100.000000 10.638298
2660 0.000000 0.011255 100.000000 10.638298
