0 0.000169 0.021531 100.000000 11.494253
0 0.000000 0.015001 200.000000 11.976048
0 0.000000 0.012459 300.000000 10.169492
0 0.000000 0.012453 400.000000 10.256411
0 0.000000 0.013960 500.000000 10.309278
0 0.000000 0.015783 600.000000 10.752688
0 0.000000 0.017386 700.000000 11.111111
0 0.000060 0.015359 800.000000 10.767160
10 0.000084 0.013178 100.000000 11.627907
10 0.000000 0.011865 200.000000 11.976048
10 0.000072 0.009778 300.000000 9.740260
10 0.000050 0.007317 400.000000 10.309278
10 0.000027 0.012243 500.000000 10.309278
10 0.000000 0.016200 600.000000 10.791367
10 0.000000 0.019232 700.000000 11.146497
10 0.000074 0.015881 800.000000 10.781672
20 0.000056 0.010232 100.000000 11.764706
20 0.000000 0.009634 200.000000 11.904762
20 0.000055 0.006790 300.000000 9.615385
20 0.000038 0.008581 400.000000 10.362695
20 0.000009 0.013571 500.000000 10.330579
20 0.000000 0.016957 600.000000 10.830325
20 0.000000 0.019805 700.000000 11.164274
20 0.000070 0.014643 800.000000 10.796222
30 0.000000 0.010176 100.000000 11.764706
30 0.000000 0.009082 200.000000 11.494253
30 0.000049 0.005964 300.000000 9.615385
30 0.000014 0.009940 400.000000 10.416667
30 0.000000 0.014598 500.000000 10.373444
30 0.000000 0.017724 600.000000 10.849910
30 0.000000 0.020367 700.000000 11.164274
30 0.000067 0.013567 800.000000 10.825439
40 0.000000 0.009220 100.000000 11.904762
40 0.000000 0.008967 200.000000 11.049724
40 0.000033 0.005394 300.000000 9.615385
40 0.000000 0.010920 400.000000 10.443864
40 0.000000 0.015564 500.000000 10.416667
40 0.000000 0.018616 600.000000 10.889292
40 0.000000 0.021232 700.000000 11.164274
40 0.000067 0.012749 800.000000 10.854816
50 0.000000 0.010085 100.000000 11.904762
50 0.000000 0.009184 200.000000 10.752688
50 0.000052 0.005194 300.000000 9.646302
50 0.000000 0.011759 400.000000 10.416667
50 0.000000 0.016594 500.000000 10.438414
50 0.000000 0.019707 600.000000 10.909091
50 0.000020 0.022355 700.000000 11.093502
50 0.000068 0.012008 800.000000 10.884354
60 0.000000 0.011584 100.000000 12.048193
60 0.000000 0.010108 200.000000 10.526316
60 0.000071 0.005478 300.000000 9.708738
60 0.000000 0.012679 400.000000 10.282776
60 0.000000 0.017606 500.000000 10.482181
60 0.000000 0.020857 600.000000 10.948905
60 0.000065 0.022966 700.000000 10.869565
60 0.000069 0.011206 800.000000 10.914052
70 0.000000 0.012800 100.000000 12.048193
70 0.000000 0.010777 200.000000 10.309278
70 0.000077 0.006260 300.000000 9.740260
70 0.000024 0.013826 400.000000 10.101010
70 0.000022 0.018716 500.000000 10.526316
70 0.000013 0.022234 600.000000 10.968922
70 0.000089 0.022876 700.000000 10.703364
70 0.000072 0.010507 800.000000 10.943913
80 0.000000 0.012440 100.000000 12.195122
80 0.000000 0.010860 200.000000 9.900990
80 0.000081 0.007521 300.000000 9.803922
80 0.000030 0.015041 400.000000 10.025063
80 0.000019 0.019859 500.000000 10.570825
80 0.000013 0.023276 600.000000 11.009174
80 0.000089 0.021955 700.000000 10.654490
80 0.000071 0.009742 800.000000 10.973937
90 0.000000 0.011304 100.000000 12.195122
90 0.000000 0.008625 200.000000 9.174312
90 0.000068 0.009422 300.000000 9.868421
90 0.000027 0.016460 400.000000 10.000000
90 0.000017 0.020850 500.000000 10.593221
90 0.000000 0.023919 600.000000 11.029411
90 0.000086 0.020473 700.000000 10.654490
90 0.000068 0.008788 800.000000 11.004127
100 0.000000 0.011086 100.000000 12.048193
100 0.000087 0.006560 200.000000 8.810573
100 0.000064 0.011264 300.000000 9.933775
100 0.000031 0.018021 400.000000 10.000000
100 0.000010 0.021944 500.000000 10.615711
100 0.000000 0.024832 600.000000 11.049724
100 0.000082 0.019139 700.000000 10.654490
100 0.000067 0.007938 800.000000 11.019283
110 0.000000 0.010906 100.000000 11.363636
110 0.000107 0.004698 200.000000 8.733624
110 0.000060 0.013232 300.000000 9.966778
110 0.000037 0.019498 400.000000 10.025063
110 0.000014 0.023047 500.000000 10.638298
110 0.000018 0.025816 600.000000 11.049724
110 0.000082 0.017937 700.000000 10.670732
110 0.000066 0.007257 800.000000 11.034483
120 0.000000 0.010450 100.000000 10.526316
120 0.000108 0.003927 200.000000 8.733624
120 0.000050 0.015119 300.000000 10.000000
120 0.000040 0.021219 400.000000 10.050251
120 0.000014 0.024630 500.000000 10.660981
120 0.000024 0.027339 600.000000 11.029411
120 0.000082 0.017245 700.000000 10.703364
120 0.000067 0.006930 800.000000 11.049724
130 0.000000 0.009539 100.000000 9.803922
130 0.000118 0.005488 200.000000 8.771930
130 0.000048 0.017043 300.000000 9.966778
130 0.000048 0.022590 400.000000 10.075566
130 0.000028 0.025738 500.000000 10.683761
130 0.000032 0.028275 600.000000 10.968922
130 0.000082 0.015985 700.000000 10.719755
130 0.000068 0.006316 800.000000 11.049724
140 0.000000 0.009538 100.000000 9.345795
140 0.000140 0.008457 200.000000 8.771930
140 0.000061 0.019077 300.000000 9.803922
140 0.000047 0.024211 400.000000 10.126582
140 0.000034 0.027379 500.000000 10.706638
140 0.000075 0.029256 600.000000 10.733453
140 0.000083 0.015114 700.000000 10.752688
140 0.000071 0.006074 800.000000 11.065007
150 0.000000 0.008450 100.000000 8.928572
150 0.000136 0.011817 200.000000 8.810573
150 0.000061 0.020923 300.000000 9.584664
150 0.000049 0.025546 400.000000 10.152285
150 0.000036 0.028478 500.000000 10.729613
150 0.000105 0.028558 600.000000 10.507881
150 0.000082 0.013825 700.000000 10.769231
150 0.000069 0.005921 800.000000 11.065007
160 0.000000 0.008959 100.000000 8.264462
160 0.000151 0.014646 200.000000 8.888889
160 0.000076 0.023347 300.000000 9.404388
160 0.000056 0.027573 400.000000 10.178117
160 0.000042 0.030373 500.000000 10.752688
160 0.000106 0.027866 600.000000 10.416667
160 0.000083 0.013355 700.000000 10.802469
160 0.000068 0.006203 800.000000 11.065007
170 0.000226 0.006684 100.000000 7.299270
170 0.000151 0.018009 200.000000 8.928572
170 0.000084 0.025531 300.000000 9.375000
170 0.000062 0.029328 400.000000 10.204082
170 0.000045 0.031776 500.000000 10.775862
170 0.000106 0.026596 600.000000 10.398614
170 0.000083 0.012421 700.000000 10.819165
170 0.000067 0.006477 800.000000 11.080333
180 0.000274 0.003496 100.000000 6.896552
180 0.000142 0.020385 200.000000 9.049774
180 0.000086 0.026969 300.000000 9.404388
180 0.000055 0.030048 400.000000 10.256411
180 0.000039 0.032176 500.000000 10.822511
180 0.000101 0.024659 600.000000 10.416667
180 0.000080 0.011233 700.000000 10.852714
180 0.000061 0.006930 800.000000 11.080333
190 0.000289 0.004636 100.000000 6.896552
190 0.000133 0.022811 200.000000 9.174312
190 0.000082 0.028390 300.000000 9.493670
190 0.000054 0.030845 400.000000 10.362695
190 0.000039 0.032857 500.000000 10.893247
190 0.000099 0.023430 600.000000 10.471204
190 0.000078 0.010668 700.000000 10.920437
190 0.000061 0.007526 800.000000 11.095700
200 0.000289 0.007523 100.000000 7.092198
200 0.000127 0.024702 200.000000 9.389671
200 0.000077 0.029881 300.000000 9.646302
200 0.000052 0.032137 400.000000 10.471204
200 0.000043 0.033992 500.000000 10.989011
200 0.000098 0.022964 600.000000 10.563380
200 0.000079 0.010307 700.000000 10.989011
200 0.000062 0.007805 800.000000 11.142061
210 0.000282 0.011338 100.000000 7.299270
210 0.000123 0.026638 200.000000 9.615385
210 0.000084 0.031256 300.000000 9.803922
210 0.000052 0.033299 400.000000 10.610080
210 0.000047 0.034992 500.000000 11.086474
210 0.000099 0.022619 600.000000 10.676157
210 0.000080 0.010023 700.000000 11.075950
210 0.000062 0.008163 800.000000 11.204482
220 0.000295 0.014544 100.000000 7.575758
220 0.000128 0.028665 200.000000 9.803922
220 0.000092 0.032743 300.000000 9.966778
220 0.000059 0.034591 400.000000 10.752688
220 0.000054 0.036274 500.000000 11.160714
220 0.000101 0.022220 600.000000 10.771993
220 0.000081 0.009860 700.000000 11.164274
220 0.000064 0.008512 800.000000 11.267606
230 0.000322 0.018332 100.000000 7.812500
230 0.000134 0.030599 200.000000 10.000000
230 0.000101 0.034423 300.000000 10.135135
230 0.000068 0.036050 400.000000 10.899182
230 0.000060 0.037592 500.000000 11.210762
230 0.000103 0.021811 600.000000 10.869565
230 0.000084 0.009534 700.000000 11.235955
230 0.000068 0.008852 800.000000 11.315417
240 0.000356 0.022554 100.000000 8.064516
240 0.000144 0.033143 200.000000 10.050251
240 0.000105 0.036406 300.000000 10.273973
240 0.000075 0.037849 400.000000 11.019283
240 0.000090 0.039108 500.000000 11.135858
240 0.000105 0.021328 600.000000 10.948905
240 0.000086 0.009470 700.000000 11.308562
240 0.000070 0.009432 800.000000 11.363636
250 0.000386 0.027755 100.000000 8.333333
250 0.000164 0.036109 200.000000 10.000000
250 0.000110 0.038876 300.000000 10.416667
250 0.000081 0.040113 400.000000 11.142061
250 0.000114 0.040112 500.000000 10.964912
250 0.000106 0.021031 600.000000 11.029411
250 0.000090 0.009387 700.000000 11.363636
250 0.000072 0.009879 800.000000 11.428572
260 0.000388 0.032605 100.000000 8.620689
260 0.000163 0.038592 200.000000 9.852217
260 0.000113 0.040483 300.000000 10.563380
260 0.000082 0.041539 400.000000 11.267606
260 0.000137 0.039782 500.000000 10.845987
260 0.000106 0.020497 600.000000 11.131725
260 0.000088 0.009327 700.000000 11.437908
260 0.000071 0.010542 800.000000 11.494253
270 0.000387 0.037344 100.000000 8.928572
270 0.000166 0.039857 200.000000 9.900990
270 0.000113 0.041089 300.000000 10.752688
270 0.000083 0.041995 400.000000 11.396011
270 0.000131 0.038355 500.000000 10.869565
270 0.000105 0.019552 600.000000 11.235955
270 0.000086 0.009243 700.000000 11.513158
270 0.000070 0.011248 800.000000 11.577424
280 0.000316 0.033531 100.000000 9.433962
280 0.000129 0.035077 200.000000 10.050251
280 0.000087 0.035697 300.000000 10.989011
280 0.000059 0.036365 400.000000 11.594203
280 0.000118 0.031857 500.000000 10.964912
280 0.000088 0.015916 600.000000 11.342155
280 0.000071 0.009340 700.000000 11.608624
280 0.000057 0.012698 800.000000 11.678832
290 0.000246 0.028729 100.000000 10.101010
290 0.000097 0.029608 200.000000 10.309278
290 0.000064 0.030074 300.000000 11.235955
290 0.000031 0.030474 400.000000 11.834319
290 0.000102 0.025735 500.000000 11.086474
290 0.000075 0.012970 600.000000 11.494253
290 0.000057 0.009898 700.000000 11.725293
290 0.000046 0.014032 800.000000 11.782032
300 0.000170 0.023340 100.000000 10.869565
300 0.000034 0.023576 200.000000 10.638298
300 0.000029 0.023981 300.000000 11.538462
300 0.000000 0.024259 400.000000 12.048193
300 0.000090 0.019537 500.000000 11.235955
300 0.000063 0.009858 600.000000 11.650485
300 0.000046 0.010270 700.000000 11.864407
300 0.000037 0.014933 800.000000 11.904762
310 0.000000 0.013718 100.000000 11.764706
310 0.000000 0.013653 200.000000 10.989011
310 0.000000 0.013495 300.000000 11.857708
310 0.000000 0.013793 400.000000 12.307693
310 0.000059 0.010776 500.000000 11.389522
310 0.000032 0.008691 600.000000 11.811024
310 0.000005 0.012604 700.000000 11.986301
310 0.000000 0.016600 800.000000 12.030075
320 0.000000 0.011801 100.000000 12.500000
320 0.000000 0.011329 200.000000 11.299435
320 0.000000 0.010863 300.000000 12.096774
320 0.000000 0.010651 400.000000 12.500000
320 0.000046 0.008339 500.000000 11.520738
320 0.000015 0.009465 600.000000 11.928430
320 0.000000 0.013695 700.000000 12.068966
320 0.000000 0.017344 800.000000 12.121212
330 0.000000 0.011266 100.000000 13.157895
330 0.000000 0.011473 200.000000 11.494253
330 0.000000 0.010174 300.000000 12.295082
330 0.000000 0.010439 400.000000 12.618297
330 0.000046 0.007496 500.000000 11.627907
330 0.000013 0.009752 600.000000 12.024048
330 0.000000 0.014185 700.000000 12.110726
330 0.000000 0.017800 800.000000 12.195122
340 0.000000 0.011034 100.000000 13.698630
340 0.000000 0.010924 200.000000 11.695907
340 0.000000 0.009898 300.000000 12.396694
340 0.000000 0.010159 400.000000 12.658228
340 0.000042 0.007439 500.000000 11.682243
340 0.000015 0.010769 600.000000 12.072434
340 0.000000 0.015066 700.000000 12.110726
340 0.000000 0.018577 800.000000 12.232416
350 0.000000 0.011950 100.000000 13.698630
350 0.000000 0.011672 200.000000 11.764706
350 0.000000 0.010834 300.000000 12.448133
350 0.000000 0.010971 400.000000 12.618297
350 0.000050 0.007514 500.000000 11.709601
350 0.000027 0.011177 600.000000 12.072434
350 0.000000 0.015660 700.000000 12.068966
350 0.000003 0.019410 800.000000 12.232416
360 0.000000 0.010437 100.000000 13.333333
360 0.000000 0.009917 200.000000 11.834319
360 0.000000 0.009786 300.000000 12.448133
360 0.000000 0.010148 400.000000 12.383901
360 0.000043 0.008069 500.000000 11.737089
360 0.000023 0.012618 600.000000 12.072434
360 0.000000 0.016770 700.000000 12.048193
360 0.000000 0.020367 800.000000 12.213740
370 0.000000 0.008962 100.000000 12.048193
370 0.000000 0.009611 200.000000 11.834319
370 0.000000 0.009546 300.000000 12.500000
370 0.000036 0.009148 400.000000 11.799410
370 0.000035 0.008987 500.000000 11.764706
370 0.000022 0.013918 600.000000 12.072434
370 0.000000 0.017861 700.000000 12.048193
370 0.000000 0.021289 800.000000 12.084592
380 0.000000 0.010385 100.000000 10.869565
380 0.000000 0.009420 200.000000 11.834319
380 0.000000 0.009208 300.000000 12.448133
380 0.000061 0.008605 400.000000 11.428572
380 0.000036 0.009566 500.000000 11.792453
380 0.000015 0.014813 600.000000 12.048193
380 0.000000 0.018833 700.000000 12.048193
380 0.000007 0.022259 800.000000 11.922503
390 0.000000 0.010901 100.000000 10.309278
390 0.000000 0.009749 200.000000 11.834319
390 0.000000 0.009721 300.000000 12.448133
390 0.000071 0.008052 400.000000 11.299435
390 0.000037 0.010473 500.000000 11.792453
390 0.000015 0.015858 600.000000 12.000000
390 0.000011 0.019849 700.000000 12.048193
390 0.000000 0.023173 800.000000 11.816839
400 0.000000 0.012174 100.000000 10.101010
400 0.000000 0.010439 200.000000 11.764706
400 0.000000 0.010344 300.000000 12.396694
400 0.000067 0.007607 400.000000 11.235955
400 0.000036 0.011462 500.000000 11.764706
400 0.000000 0.016797 600.000000 11.952191
400 0.000015 0.020923 700.000000 12.027492
400 0.000009 0.024070 800.000000 11.713031
410 0.000000 0.012756 100.000000 10.000000
410 0.000000 0.010210 200.000000 11.764706
410 0.000000 0.010666 300.000000 12.295082
410 0.000072 0.006633 400.000000 11.235955
410 0.000044 0.012138 500.000000 11.764706
410 0.000019 0.017859 600.000000 11.857708
410 0.000025 0.021970 700.000000 12.027492
410 0.000032 0.025211 800.000000 11.577424
420 0.000000 0.012607 100.000000 10.101010
420 0.000000 0.011310 200.000000 11.764706
420 0.000000 0.011853 300.000000 12.244898
420 0.000082 0.006627 400.000000 11.267606
420 0.000054 0.012916 500.000000 11.764706
420 0.000032 0.018770 600.000000 11.811024
420 0.000033 0.023183 700.000000 12.027492
430 0.000044 0.012884 100.000000 10.309278
430 0.000000 0.012083 200.000000 11.904762
430 0.000000 0.012742 300.000000 12.096774
430 0.000085 0.006837 400.000000 11.331445
430 0.000060 0.013904 500.000000 11.792453
430 0.000044 0.019756 600.000000 11.811024
430 0.000040 0.024379 700.000000 12.027492
440 0.000042 0.012996 100.000000 10.752688
440 0.000000 0.012080 200.000000 12.195122
440 0.000025 0.012356 300.000000 11.904762
440 0.000086 0.007461 400.000000 11.461318
440 0.000063 0.015001 500.000000 11.876485
440 0.000046 0.020655 600.000000 11.881188
440 0.000041 0.025182 700.000000 12.027492
450 0.000000 0.011890 100.000000 11.363636
450 0.000000 0.011647 200.000000 12.500000
450 0.000076 0.010916 300.000000 11.627907
450 0.000080 0.008438 400.000000 11.627907
450 0.000061 0.015880 500.000000 12.019231
450 0.000044 0.021362 600.000000 11.976048
450 0.000039 0.025591 700.000000 12.048193
460 0.000054 0.010475 100.000000 12.048193
460 0.000000 0.011097 200.000000 12.903226
460 0.000144 0.009967 300.000000 11.538462
460 0.000084 0.009187 400.000000 11.799410
460 0.000061 0.016768 500.000000 12.135922
460 0.000045 0.022012 600.000000 12.096774
460 0.000042 0.026127 700.000000 12.048193
470 0.000005 0.009977 100.000000 12.820513
470 0.000000 0.010750 200.000000 13.333333
470 0.000125 0.009037 300.000000 11.583012
470 0.000081 0.010139 400.000000 11.976048
470 0.000057 0.017615 500.000000 12.254902
470 0.000044 0.022681 600.000000 12.219959
470 0.000041 0.026629 700.000000 12.068966
480 0.000000 0.010776 100.000000 13.333333
480 0.000000 0.010273 200.000000 13.605442
480 0.000120 0.008203 300.000000 11.583012
480 0.000073 0.011438 400.000000 12.121212
480 0.000051 0.018630 500.000000 12.345679
480 0.000041 0.023465 600.000000 12.320329
480 0.000038 0.027232 700.000000 12.048193
490 0.000049 0.009681 100.000000 13.698630
490 0.000000 0.010090 200.000000 13.793103
490 0.000117 0.007442 300.000000 11.583012
490 0.000070 0.012982 400.000000 12.195122
490 0.000047 0.019807 500.000000 12.376238
490 0.000042 0.024460 600.000000 12.371134
490 0.000034 0.027962 700.000000 12.006861
500 0.000000 0.009786 100.000000 13.888889
500 0.000000 0.010462 200.000000 13.793103
500 0.000113 0.006667 300.000000 11.627907
500 0.000069 0.014474 400.000000 12.232416
500 0.000038 0.021132 500.000000 12.345679
500 0.000041 0.025766 600.000000 12.396694
500 0.000037 0.029127 700.000000 11.925042
510 0.000000 0.009512 100.000000 13.888889
510 0.000000 0.011055 200.000000 13.698630
510 0.000113 0.006720 300.000000 11.627907
510 0.000072 0.016113 400.000000 12.232416
510 0.000047 0.022811 500.000000 12.254902
510 0.000044 0.027347 600.000000 12.396694
520 0.000000 0.010978 100.000000 13.888889
520 0.000000 0.012391 200.000000 13.422819
520 0.000118 0.008136 300.000000 11.627907
520 0.000076 0.018012 400.000000 12.195122
520 0.000050 0.024427 500.000000 12.165450
520 0.000047 0.029018 600.000000 12.371134
530 0.000000 0.010700 100.000000 13.698630
530 0.000000 0.012185 200.000000 12.658228
530 0.000118 0.010193 300.000000 11.627907
530 0.000079 0.020004 400.000000 12.158054
530 0.000058 0.026067 500.000000 12.106538
530 0.000050 0.030568 600.000000 12.269938
540 0.000000 0.012373 100.000000 13.698630
540 0.000193 0.010990 200.000000 11.363636
540 0.000117 0.012343 300.000000 11.673152
540 0.000083 0.022072 400.000000 12.121212
540 0.000061 0.027774 500.000000 12.077294
540 0.000054 0.031925 600.000000 12.072434
550 0.000000 0.011885 100.000000 13.698630
550 0.000190 0.008515 200.000000 10.869565
550 0.000110 0.015085 300.000000 11.673152
550 0.000075 0.023931 400.000000 12.084592
550 0.000058 0.029176 500.000000 12.077294
550 0.000051 0.032887 600.000000 11.881188
560 0.000000 0.011499 100.000000 13.698630
560 0.000188 0.006782 200.000000 10.695188
560 0.000104 0.017796 300.000000 11.673152
560 0.000066 0.025780 400.000000 12.048193
560 0.000056 0.030600 500.000000 12.106538
560 0.000045 0.034106 600.000000 11.741683
570 0.000000 0.012387 100.000000 13.513514
570 0.000180 0.007316 200.000000 10.638298
570 0.000100 0.020158 300.000000 11.718750
570 0.000055 0.027536 400.000000 11.976048
570 0.000054 0.032037 500.000000 12.106538
570 0.000045 0.035055 600.000000 11.627907
580 0.000000 0.012496 100.000000 13.333333
580 0.000183 0.009514 200.000000 10.695188
580 0.000103 0.022928 300.000000 11.673152
580 0.000064 0.029611 400.000000 11.869436
580 0.000058 0.033677 500.000000 12.106538
590 0.000000 0.011979 100.000000 12.987013
590 0.000182 0.013175 200.000000 10.695188
590 0.000106 0.025337 300.000000 11.673152
590 0.000068 0.031287 400.000000 11.764706
590 0.000058 0.035073 500.000000 12.077294
600 0.000000 0.012011 100.000000 11.764706
600 0.000176 0.016825 200.000000 10.752688
600 0.000104 0.027703 300.000000 11.627907
600 0.000071 0.032694 400.000000 11.695907
600 0.000058 0.036105 500.000000 11.990408
610 0.000356 0.009549 100.000000 9.803922
610 0.000166 0.020944 200.000000 10.752688
610 0.000105 0.029915 300.000000 11.627907
610 0.000068 0.034176 400.000000 11.695907
610 0.000060 0.037245 500.000000 11.764706
620 0.000362 0.008361 100.000000 8.928572
620 0.000161 0.024214 200.000000 10.810811
620 0.000097 0.032092 300.000000 11.583012
620 0.000070 0.035732 400.000000 11.695907
620 0.000059 0.038265 500.000000 11.547344
630 0.000381 0.010413 100.000000 8.695652
630 0.000156 0.027920 200.000000 10.810811
630 0.000091 0.034205 300.000000 11.538462
630 0.000070 0.037438 400.000000 11.695907
630 0.000054 0.039399 500.000000 11.415525
640 0.000367 0.015960 100.000000 8.695652
640 0.000156 0.030749 200.000000 10.869565
640 0.000079 0.035710 300.000000 11.494253
640 0.000070 0.038357 400.000000 11.730206
640 0.000057 0.039875 500.000000 11.312217
650 0.000355 0.021752 100.000000 8.771930
650 0.000152 0.034080 200.000000 10.928962
650 0.000087 0.037821 300.000000 11.406844
650 0.000070 0.039868 400.000000 11.764706
650 0.000066 0.041068 500.000000 11.185682
660 0.000340 0.027485 100.000000 8.849558
660 0.000141 0.036390 200.000000 10.989011
660 0.000074 0.039055 300.000000 11.363636
660 0.000063 0.040650 400.000000 11.799410
670 0.000328 0.031863 100.000000 9.090909
670 0.000143 0.038521 200.000000 11.111111
670 0.000085 0.040288 300.000000 11.363636
670 0.000069 0.041422 400.000000 11.869436
680 0.000288 0.031290 100.000000 9.523809
680 0.000122 0.035808 200.000000 11.363636
680 0.000073 0.036887 300.000000 11.538462
680 0.000058 0.037846 400.000000 11.976048
690 0.000208 0.027134 100.000000 10.101010
690 0.000071 0.029995 200.000000 11.764706
690 0.000035 0.030978 300.000000 11.764706
690 0.000033 0.031790 400.000000 12.084592
700 0.000089 0.020831 100.000000 10.869565
700 0.000000 0.023166 200.000000 12.195122
700 0.000000 0.024030 300.000000 12.096774
700 0.000000 0.024839 400.000000 12.232416
710 0.000000 0.011894 100.000000 11.627907
710 0.000000 0.013445 200.000000 12.658228
710 0.000000 0.013739 300.000000 12.396694
710 0.000000 0.014399 400.000000 12.345679
720 0.000000 0.010951 100.000000 12.500000
720 0.000000 0.010669 200.000000 13.071896
720 0.000000 0.010634 300.000000 12.658228
720 0.000000 0.010311 400.000000 12.422360
730 0.000000 0.012207 100.000000 13.333333
730 0.000000 0.011861 200.000000 13.422819
730 0.000000 0.011551 300.000000 12.931034
730 0.000000 0.011004 400.000000 12.422360
740 0.000000 0.011711 100.000000 13.888889
740 0.000000 0.011484 200.000000 13.605442
740 0.000000 0.011177 300.000000 13.100436
740 0.000000 0.010666 400.000000 12.345679
750 0.000000 0.012192 100.000000 14.084507
750 0.000000 0.010896 200.000000 13.605442
750 0.000000 0.011325 300.000000 13.157895
750 0.000000 0.010606 400.000000 12.232416
760 0.000000 0.011249 100.000000 14.285714
760 0.000000 0.010398 200.000000 13.422819
760 0.000000 0.011031 300.000000 13.215859
760 0.000000 0.010851 400.000000 12.048193
770 0.000000 0.012228 100.000000 14.084507
770 0.000000 0.011725 200.000000 13.071896
770 0.000000 0.011491 300.000000 13.157895
780 0.000000 0.012554 100.000000 13.888889
780 0.000000 0.012069 200.000000 12.820513
780 0.000000 0.011195 300.000000 13.043478
790 0.000000 0.012925 100.000000 13.698630
790 0.000000 0.012375 200.000000 12.658228
790 0.000000 0.011472 300.000000 12.711864
800 0.000000 0.012838 100.000000 13.333333
800 0.000000 0.011804 200.000000 12.658228
800 0.000000 0.011194 300.000000 12.195122
810 0.000000 0.012642 100.000000 13.157895
810 0.000000 0.011764 200.000000 12.658228
810 0.000000 0.010834 300.000000 11.857708
820 0.000000 0.010595 100.000000 12.820513
820 0.000000 0.011693 200.000000 12.658228
820 0.000000 0.010445 300.000000 11.627907
830 0.000000 0.010256 100.000000 12.345679
830 0.000000 0.011401 200.000000 12.658228
830 0.000000 0.010596 300.000000 11.363636
840 0.000000 0.011647 100.000000 12.048193
840 0.000000 0.011307 200.000000 12.658228
850 0.000000 0.012542 100.000000 11.764706
850 0.000000 0.011648 200.000000 12.578616
860 0.000000 0.013047 100.000000 11.627907
860 0.000000 0.010990 200.000000 12.269938
870 0.000000 0.010603 100.000000 11.764706
870 0.000000 0.010474 200.000000 11.764706
880 0.000000 0.012571 100.000000 11.904762
880 0.000000 0.011014 200.000000 11.363636
890 0.000000 0.013150 100.000000 12.048193
890 0.000000 0.012020 200.000000 11.111111
900 0.000000 0.014624 100.000000 12.345679
900 0.000000 0.012790 200.000000 10.989011
910 0.000000 0.014430 100.000000 12.658228
910 0.000000 0.012865 200.000000 10.810811
920 0.000000 0.012402 100.000000 12.987013
930 0.000000 0.012686 100.000000 13.333333
940 0.000000 0.011618 100.000000 13.157895
950 0.000000 0.011505 100.000000 12.048193
960 0.000000 0.011306 100.000000 10.989011
970 0.000000 0.010817 100.000000 10.204082
980 0.000000 0.010673 100.000000 9.708738
990 0.000000 0.010595 100.000000 9.090909
