0 0.000116 0.059643 100.000000 12.195122
0 0.000110 0.032941 200.000000 15.384615
0 0.000112 0.032075 300.000000 17.543859
0 0.000140 0.037409 400.000000 19.138756
0 0.000928 0.151772 500.000000 20.325203
0 0.001245 0.217971 600.000000 21.126760
0 0.001795 0.308266 700.000000 21.806854
0 0.001781 0.395086 800.000000 22.284122
10 0.000094 0.058239 100.000000 12.987013
10 0.000094 0.030921 200.000000 16.129032
10 0.000102 0.030423 300.000000 18.181818
10 0.000140 0.035978 400.000000 19.704433
10 0.000929 0.154873 500.000000 20.833334
10 0.001384 0.232175 600.000000 21.582733
10 0.001797 0.320600 700.000000 22.222221
10 0.001782 0.408861 800.000000 22.662889
20 0.000000 0.054134 100.000000 13.888889
20 0.000055 0.026621 200.000000 16.949152
20 0.000091 0.026994 300.000000 18.867924
20 0.000297 0.040607 400.000000 20.304569
20 0.000928 0.156949 500.000000 21.367521
20 0.001412 0.239335 600.000000 22.140221
20 0.001795 0.332715 700.000000 22.653721
20 0.001780 0.417758 800.000000 23.121387
30 0.000000 0.043693 100.000000 14.925373
30 0.000000 0.021137 200.000000 17.857143
30 0.000082 0.023557 300.000000 19.607843
30 0.000383 0.052740 400.000000 21.052631
30 0.000926 0.159361 500.000000 22.026432
30 0.001517 0.252665 600.000000 22.641510
30 0.001806 0.341836 700.000000 23.178808
30 0.001781 0.431626 800.000000 23.529411
40 0.000000 0.025981 100.000000 16.129032
40 0.000000 0.014081 200.000000 18.867924
40 0.000088 0.020746 300.000000 20.408163
40 0.000604 0.075172 400.000000 21.739130
40 0.000945 0.171721 500.000000 22.624434
40 0.001648 0.266591 600.000000 23.166023
40 0.001867 0.355301 700.000000 23.648649
40 0.001782 0.445106 800.000000 23.952095
50 0.000000 0.012927 100.000000 17.241379
50 0.000033 0.015273 200.000000 19.801981
50 0.000101 0.022159 300.000000 21.126760
50 0.000762 0.103175 400.000000 22.471910
50 0.000960 0.181412 500.000000 23.148148
50 0.001772 0.283869 600.000000 23.715416
50 0.001871 0.374980 700.000000 24.054983
50 0.001812 0.460987 800.000000 24.316109
60 0.000076 0.008522 100.000000 18.518518
60 0.000055 0.019924 200.000000 20.618557
60 0.000118 0.024784 300.000000 21.897810
60 0.000890 0.142899 400.000000 22.988506
60 0.001011 0.198309 500.000000 23.696682
60 0.001829 0.310075 600.000000 24.096386
60 0.001879 0.395455 700.000000 24.475525
60 0.001883 0.476915 800.000000 24.691359
70 0.000060 0.012342 100.000000 19.230770
70 0.000074 0.022029 200.000000 21.276596
70 0.000126 0.027433 300.000000 22.556391
70 0.001089 0.176484 400.000000 23.529411
70 0.001211 0.226447 500.000000 24.154589
70 0.001955 0.333162 600.000000 24.489796
70 0.001886 0.419333 700.000000 24.822695
70 0.001943 0.495469 800.000000 25.000000
80 0.000028 0.015936 100.000000 20.408163
80 0.000077 0.024176 200.000000 21.978022
80 0.000137 0.028269 300.000000 23.255814
80 0.001122 0.188864 400.000000 24.096386
80 0.001463 0.257083 500.000000 24.509804
80 0.002068 0.355278 600.000000 24.896265
80 0.002011 0.443009 700.000000 25.089605
80 0.001994 0.519149 800.000000 25.236593
90 0.000000 0.022132 100.000000 21.276596
90 0.000080 0.026977 200.000000 22.471910
90 0.000215 0.037599 300.000000 23.809525
90 0.001132 0.195629 400.000000 24.539877
90 0.001673 0.286628 500.000000 24.875622
90 0.002075 0.381772 600.000000 25.210085
90 0.002018 0.472703 700.000000 25.362318
90 0.002066 0.542485 800.000000 25.477707
100 0.000000 0.028082 100.000000 21.739130
100 0.000102 0.029079 200.000000 22.988506
100 0.000495 0.093793 300.000000 24.390244
100 0.001163 0.214850 400.000000 24.844721
100 0.001947 0.315226 500.000000 25.252525
100 0.002166 0.413292 600.000000 25.423729
100 0.002026 0.506094 700.000000 25.547445
100 0.002103 0.561359 800.000000 25.723473
110 0.000000 0.029862 100.000000 22.222221
110 0.000086 0.027044 200.000000 23.809525
110 0.001094 0.161596 300.000000 24.793388
110 0.001209 0.234666 400.000000 25.157232
110 0.002090 0.353183 500.000000 25.510204
110 0.002169 0.446565 600.000000 25.641026
110 0.002072 0.528537 700.000000 25.830257
110 0.002089 0.586362 800.000000 25.889967
120 0.000000 0.026916 100.000000 22.727272
120 0.000111 0.027811 200.000000 24.096386
120 0.001297 0.220090 300.000000 25.210085
120 0.001480 0.275557 400.000000 25.477707
120 0.002318 0.393630 500.000000 25.641026
120 0.002178 0.481318 600.000000 25.862068
120 0.002202 0.558599 700.000000 25.925926
120 0.002099 0.625846 800.000000 25.974026
130 0.000000 0.027040 100.000000 23.255814
130 0.000137 0.026823 200.000000 24.691359
130 0.001452 0.245632 300.000000 25.423729
130 0.001808 0.317889 400.000000 25.806452
130 0.002458 0.427579 500.000000 25.906736
130 0.002327 0.518261 600.000000 25.974026
130 0.002261 0.590154 700.000000 26.119404
130 0.002110 0.662196 800.000000 26.143791
140 0.000000 0.025245 100.000000 23.809525
140 0.000663 0.091249 200.000000 25.000000
140 0.001471 0.254091 300.000000 25.641026
140 0.002213 0.361473 400.000000 25.974026
140 0.002484 0.467672 500.000000 26.041666
140 0.002337 0.561948 600.000000 26.086956
140 0.002359 0.620625 700.000000 26.217228
140 0.002125 0.697612 800.000000 26.229507
150 0.000047 0.024734 100.000000 23.809525
150 0.001413 0.189783 200.000000 25.641026
150 0.001527 0.285323 300.000000 25.862068
150 0.002603 0.413111 400.000000 26.143791
150 0.002576 0.510914 500.000000 26.178011
150 0.002379 0.599972 600.000000 26.200872
150 0.002349 0.649452 700.000000 26.315790
150 0.002287 0.721159 800.000000 26.315790
160 0.000127 0.024720 100.000000 24.390244
160 0.001717 0.290398 200.000000 25.974026
160 0.001843 0.341520 300.000000 26.086956
160 0.002857 0.464936 400.000000 26.315790
160 0.002587 0.557431 500.000000 26.315790
160 0.002489 0.636367 600.000000 26.315790
160 0.002379 0.691807 700.000000 26.415094
160 0.002274 0.744613 800.000000 26.402639
170 0.000179 0.024426 100.000000 25.641026
170 0.002109 0.352700 200.000000 25.974026
170 0.002349 0.405690 300.000000 26.315790
170 0.003034 0.514149 400.000000 26.490067
170 0.002762 0.600023 500.000000 26.455027
170 0.002614 0.673216 600.000000 26.431719
170 0.002390 0.742500 700.000000 26.415094
170 0.002312 0.766706 800.000000 26.490067
180 0.001060 0.129218 100.000000 25.641026
180 0.002130 0.363865 200.000000 26.315790
180 0.002903 0.470488 300.000000 26.315790
180 0.003045 0.567961 400.000000 26.490067
180 0.002775 0.657337 500.000000 26.455027
180 0.002659 0.710536 600.000000 26.548672
180 0.002408 0.783288 700.000000 26.515152
180 0.002316 0.793592 800.000000 26.490067
190 0.002661 0.357179 100.000000 26.315790
190 0.002208 0.412586 200.000000 26.315790
190 0.003415 0.540081 300.000000 26.548672
190 0.003179 0.627624 400.000000 26.490067
190 0.002808 0.704007 500.000000 26.595745
190 0.002713 0.747965 600.000000 26.548672
190 0.002590 0.814667 700.000000 26.515152
190 0.002375 0.819546 800.000000 26.490067
200 0.003600 0.608730 100.000000 25.641026
200 0.002793 0.507939 200.000000 26.315790
200 0.003814 0.617717 300.000000 26.548672
200 0.003190 0.690957 400.000000 26.490067
200 0.002970 0.756710 500.000000 26.455027
200 0.002749 0.808333 600.000000 26.431719
200 0.002565 0.843574 700.000000 26.515152
200 0.002480 0.850618 800.000000 26.402639
210 0.004029 0.685174 100.000000 25.641026
210 0.003673 0.614281 200.000000 26.315790
210 0.003985 0.694757 300.000000 26.315790
210 0.003406 0.750763 400.000000 26.490067
210 0.003098 0.808507 500.000000 26.455027
210 0.002758 0.866225 600.000000 26.431719
210 0.002614 0.874503 700.000000 26.415094
210 0.002583 0.881231 800.000000 26.402639
220 0.002591 0.565101 100.000000 25.641026
220 0.003560 0.615260 200.000000 26.315790
220 0.003664 0.677214 300.000000 26.315790
220 0.003048 0.730918 400.000000 26.315790
220 0.002860 0.767482 500.000000 26.455027
220 0.002554 0.829529 600.000000 26.431719
220 0.002405 0.833327 700.000000 26.415094
220 0.002398 0.867155 800.000000 26.402639
230 0.001588 0.375074 100.000000 25.641026
230 0.003593 0.589009 200.000000 26.315790
230 0.003258 0.619469 300.000000 26.315790
230 0.002885 0.674411 400.000000 26.315790
230 0.002698 0.719351 500.000000 26.455027
230 0.002473 0.773448 600.000000 26.431719
230 0.002337 0.786953 700.000000 26.415094
230 0.002244 0.847083 800.000000 26.315790
240 0.002199 0.363913 100.000000 25.641026
240 0.003711 0.571415 200.000000 26.315790
240 0.002979 0.572475 300.000000 26.315790
240 0.002832 0.636237 400.000000 26.315790
240 0.002516 0.697637 500.000000 26.315790
240 0.002360 0.733150 600.000000 26.431719
240 0.002275 0.761475 700.000000 26.315790
240 0.002123 0.829224 800.000000 26.315790
250 0.003647 0.539496 100.000000 25.641026
250 0.003966 0.625139 200.000000 25.974026
250 0.003209 0.628627 300.000000 26.315790
250 0.002911 0.683293 400.000000 26.315790
250 0.002524 0.740748 500.000000 26.315790
250 0.002389 0.765647 600.000000 26.315790
250 0.002378 0.792416 700.000000 26.315790
250 0.002113 0.870744 800.000000 26.229507
260 0.005158 0.676841 100.000000 25.641026
260 0.004181 0.670205 200.000000 25.974026
260 0.003185 0.671962 300.000000 26.315790
260 0.002999 0.721707 400.000000 26.315790
260 0.002552 0.773512 500.000000 26.315790
260 0.002422 0.789668 600.000000 26.315790
260 0.002364 0.830640 700.000000 26.315790
260 0.002099 0.908104 800.000000 26.143791
270 0.005948 0.843536 100.000000 25.641026
270 0.004066 0.691224 200.000000 25.974026
270 0.003344 0.705237 300.000000 26.315790
270 0.002962 0.750714 400.000000 26.315790
270 0.002647 0.788780 500.000000 26.315790
270 0.002535 0.804420 600.000000 26.315790
270 0.002326 0.863281 700.000000 26.217228
270 0.002067 0.930144 800.000000 26.143791
280 0.005662 0.784585 100.000000 25.641026
280 0.003437 0.607415 200.000000 25.974026
280 0.003032 0.635736 300.000000 26.315790
280 0.002563 0.686295 400.000000 26.315790
280 0.002362 0.724221 500.000000 26.315790
280 0.002280 0.755292 600.000000 26.315790
280 0.002091 0.816463 700.000000 26.217228
280 0.001866 0.873688 800.000000 26.143791
290 0.004150 0.612079 100.000000 25.641026
290 0.002933 0.511477 200.000000 25.974026
290 0.002739 0.571311 300.000000 26.315790
290 0.002215 0.619072 400.000000 26.315790
290 0.002104 0.675000 500.000000 26.315790
290 0.002141 0.721483 600.000000 26.200872
290 0.001872 0.771351 700.000000 26.119404
290 0.001677 0.819050 800.000000 26.058632
300 0.002737 0.440777 100.000000 25.641026
300 0.001998 0.386788 200.000000 25.974026
300 0.002170 0.518932 300.000000 26.315790
300 0.001909 0.542875 400.000000 26.315790
300 0.001795 0.626521 500.000000 26.315790
300 0.001825 0.668836 600.000000 26.200872
300 0.001600 0.698411 700.000000 26.119404
300 0.001440 0.734383 800.000000 26.058632
310 0.002135 0.249831 100.000000 25.641026
310 0.002064 0.361797 200.000000 25.974026
310 0.001964 0.479391 300.000000 26.315790
310 0.001841 0.531261 400.000000 26.315790
310 0.001844 0.623740 500.000000 26.178011
310 0.001724 0.647623 600.000000 26.200872
310 0.001517 0.676824 700.000000 26.022305
310 0.001365 0.707646 800.000000 26.058632
320 0.001754 0.203274 100.000000 25.641026
320 0.001812 0.348536 200.000000 25.974026
320 0.001565 0.421831 300.000000 26.086956
320 0.001609 0.527789 400.000000 26.315790
320 0.001689 0.619574 500.000000 26.178011
320 0.001512 0.615871 600.000000 26.086956
320 0.001339 0.629141 700.000000 26.022305
320 0.001206 0.651740 800.000000 26.058632
330 0.001762 0.207673 100.000000 25.641026
330 0.002123 0.438576 200.000000 25.974026
330 0.001595 0.457258 300.000000 26.086956
330 0.001605 0.597000 400.000000 26.143791
330 0.001756 0.646260 500.000000 26.178011
330 0.001506 0.638969 600.000000 26.086956
330 0.001336 0.652061 700.000000 26.022305
330 0.001203 0.673899 800.000000 26.058632
340 0.001442 0.268713 100.000000 25.641026
340 0.001803 0.529763 200.000000 25.974026
340 0.001674 0.513238 300.000000 26.086956
340 0.001588 0.640285 400.000000 26.143791
340 0.001647 0.651577 500.000000 26.178011
340 0.001416 0.639334 600.000000 25.974026
340 0.001261 0.647160 700.000000 25.925926
340 0.001137 0.662342 800.000000 26.058632
350 0.002113 0.463849 100.000000 25.641026
350 0.001885 0.560731 200.000000 25.974026
350 0.001750 0.603422 300.000000 26.086956
350 0.001779 0.702050 400.000000 26.143791
350 0.001643 0.677824 500.000000 26.041666
350 0.001416 0.662690 600.000000 25.974026
350 0.001256 0.669831 700.000000 25.925926
350 0.001134 0.681268 800.000000 26.143791
360 0.001906 0.474674 100.000000 25.641026
360 0.001481 0.492360 200.000000 25.974026
360 0.001569 0.639101 300.000000 26.086956
360 0.001773 0.717688 400.000000 26.143791
360 0.001471 0.651825 500.000000 26.041666
360 0.001277 0.629623 600.000000 25.974026
360 0.001132 0.628421 700.000000 26.022305
360 0.001028 0.638027 800.000000 26.143791
370 0.002143 0.724856 100.000000 25.641026
370 0.001588 0.563858 200.000000 25.974026
370 0.001562 0.726806 300.000000 26.086956
370 0.001765 0.737652 400.000000 26.143791
370 0.001463 0.674639 500.000000 25.906736
370 0.001271 0.652349 600.000000 25.862068
370 0.001128 0.648328 700.000000 26.022305
370 0.001027 0.656313 800.000000 26.143791
380 0.002205 0.770343 100.000000 25.641026
380 0.001792 0.611390 200.000000 25.974026
380 0.001700 0.752287 300.000000 26.086956
380 0.001680 0.713414 400.000000 25.974026
380 0.001394 0.652746 500.000000 25.906736
380 0.001215 0.632465 600.000000 25.862068
380 0.001081 0.629976 700.000000 26.022305
380 0.000989 0.636956 800.000000 26.143791
390 0.001292 0.571695 100.000000 25.641026
390 0.001432 0.641392 200.000000 25.974026
390 0.001544 0.759660 300.000000 26.086956
390 0.001427 0.664764 400.000000 25.974026
390 0.001201 0.602128 500.000000 25.773195
390 0.001047 0.576130 600.000000 25.862068
390 0.000940 0.569648 700.000000 26.022305
390 0.000868 0.571150 800.000000 26.229507
400 0.001083 0.475162 100.000000 25.641026
400 0.001422 0.727754 200.000000 25.974026
400 0.001722 0.788411 300.000000 25.862068
400 0.001356 0.649175 400.000000 25.806452
400 0.001146 0.587839 500.000000 25.773195
400 0.001000 0.563014 600.000000 25.862068
400 0.000899 0.554133 700.000000 26.119404
400 0.000831 0.556500 800.000000 26.229507
410 0.000716 0.360710 100.000000 25.641026
410 0.001179 0.709756 200.000000 25.974026
410 0.001464 0.700143 300.000000 25.862068
410 0.001160 0.574162 400.000000 25.806452
410 0.000991 0.517975 500.000000 25.773195
410 0.000872 0.494357 600.000000 25.974026
410 0.000794 0.488135 700.000000 26.119404
410 0.000737 0.490630 800.000000 26.229507
420 0.001333 0.479072 100.000000 25.641026
420 0.001723 0.771002 200.000000 25.641026
420 0.001495 0.660153 300.000000 25.862068
420 0.001185 0.551658 400.000000 25.806452
420 0.001011 0.506863 500.000000 25.773195
420 0.000888 0.490374 600.000000 25.974026
420 0.000813 0.487922 700.000000 26.119404
420 0.000745 0.492479 800.000000 26.229507
430 0.001569 0.767915 100.000000 25.641026
430 0.001760 0.890135 200.000000 25.641026
430 0.001480 0.675201 300.000000 25.641026
430 0.001183 0.567025 400.000000 25.641026
430 0.001000 0.520710 500.000000 25.773195
430 0.000883 0.502860 600.000000 25.974026
430 0.000809 0.499251 700.000000 26.119404
430 0.000740 0.503244 800.000000 26.143791
440 0.001720 0.997234 100.000000 25.641026
440 0.002033 0.927555 200.000000 25.641026
440 0.001436 0.670235 300.000000 25.641026
440 0.001154 0.566062 400.000000 25.641026
440 0.000976 0.520853 500.000000 25.773195
440 0.000865 0.503116 600.000000 25.974026
440 0.000791 0.498395 700.000000 26.119404
440 0.000724 0.500339 800.000000 26.143791
450 0.001609 1.113429 100.000000 25.000000
450 0.001796 0.846265 200.000000 25.641026
450 0.001279 0.615102 300.000000 25.641026
450 0.001039 0.520984 400.000000 25.641026
450 0.000888 0.481797 500.000000 25.773195
450 0.000794 0.464046 600.000000 26.086956
450 0.000728 0.462196 700.000000 26.119404
450 0.000670 0.464925 800.000000 26.058632
460 0.001694 1.070870 100.000000 25.000000
460 0.001535 0.706896 200.000000 25.316456
460 0.001112 0.519544 300.000000 25.423729
460 0.000911 0.444576 400.000000 25.641026
460 0.000785 0.413915 500.000000 25.906736
460 0.000717 0.403679 600.000000 26.086956
460 0.000653 0.404693 700.000000 26.119404
460 0.000645 0.411911 800.000000 25.974026
470 0.002046 0.979417 100.000000 25.000000
470 0.001422 0.572446 200.000000 25.316456
470 0.001047 0.434094 300.000000 25.423729
470 0.000852 0.383255 400.000000 25.641026
470 0.000742 0.366171 500.000000 25.906736
470 0.000680 0.363394 600.000000 26.086956
470 0.000620 0.368224 700.000000 26.119404
470 0.000605 0.380368 800.000000 25.889967
480 0.002383 0.803625 100.000000 25.000000
480 0.001313 0.447895 200.000000 25.316456
480 0.000980 0.355759 300.000000 25.423729
480 0.000803 0.328508 400.000000 25.641026
480 0.000703 0.321287 500.000000 26.041666
480 0.000647 0.327201 600.000000 26.086956
480 0.000591 0.334892 700.000000 26.119404
480 0.000580 0.349030 800.000000 25.806452
490 0.001994 0.534792 100.000000 25.000000
490 0.001117 0.319858 200.000000 25.316456
490 0.000851 0.271719 300.000000 25.423729
490 0.000707 0.262113 400.000000 25.806452
490 0.000633 0.266407 500.000000 26.041666
490 0.000580 0.275644 600.000000 26.200872
490 0.000537 0.288196 700.000000 26.022305
490 0.000535 0.302800 800.000000 25.723473
500 0.001204 0.281721 100.000000 25.000000
500 0.000744 0.184399 200.000000 25.000000
500 0.000597 0.169299 300.000000 25.423729
500 0.000521 0.173351 400.000000 25.806452
500 0.000494 0.183573 500.000000 26.041666
500 0.000457 0.196268 600.000000 26.200872
500 0.000463 0.212766 700.000000 25.925926
500 0.000499 0.231496 800.000000 25.559105
510 0.000619 0.074443 100.000000 25.000000
510 0.000469 0.077890 200.000000 25.000000
510 0.000403 0.091204 300.000000 25.423729
510 0.000378 0.104177 400.000000 25.974026
510 0.000380 0.119326 500.000000 26.178011
510 0.000363 0.135577 600.000000 26.086956
510 0.000383 0.151366 700.000000 25.925926
510 0.000528 0.182165 800.000000 25.396826
520 0.000230 0.028484 100.000000 24.390244
520 0.000286 0.040999 200.000000 25.000000
520 0.000284 0.055257 300.000000 25.641026
520 0.000296 0.069983 400.000000 25.974026
520 0.000310 0.085429 500.000000 26.178011
520 0.000304 0.100911 600.000000 26.086956
520 0.000333 0.120296 700.000000 25.735294
520 0.000649 0.173917 800.000000 25.236593
530 0.000226 0.027006 100.000000 24.390244
530 0.000288 0.041276 200.000000 25.000000
530 0.000289 0.055723 300.000000 25.641026
530 0.000308 0.070512 400.000000 25.974026
530 0.000309 0.086128 500.000000 26.178011
530 0.000284 0.102306 600.000000 25.974026
530 0.000343 0.124010 700.000000 25.641026
530 0.000666 0.184985 800.000000 25.078369
540 0.000263 0.027031 100.000000 24.390244
540 0.000285 0.041296 200.000000 25.316456
540 0.000292 0.055689 300.000000 25.862068
540 0.000318 0.070713 400.000000 26.143791
540 0.000309 0.086934 500.000000 26.178011
540 0.000339 0.106173 600.000000 25.974026
540 0.000417 0.137463 700.000000 25.547445
540 0.000670 0.193627 800.000000 24.844721
550 0.000292 0.027289 100.000000 24.390244
550 0.000283 0.042560 200.000000 25.316456
550 0.000292 0.056131 300.000000 26.086956
550 0.000316 0.071566 400.000000 26.315790
550 0.000309 0.087923 500.000000 26.178011
550 0.000341 0.110136 600.000000 25.862068
550 0.000517 0.159130 700.000000 25.362318
550 0.000672 0.202744 800.000000 24.464832
560 0.000305 0.028397 100.000000 24.390244
560 0.000293 0.043210 200.000000 25.641026
560 0.000307 0.057746 300.000000 26.086956
560 0.000320 0.073573 400.000000 26.315790
560 0.000312 0.089028 500.000000 26.178011
560 0.000345 0.112216 600.000000 25.751074
560 0.000712 0.184740 700.000000 25.179855
560 0.000671 0.210203 800.000000 24.024025
570 0.000302 0.028901 100.000000 25.000000
570 0.000297 0.043117 200.000000 25.974026
570 0.000319 0.057744 300.000000 26.315790
570 0.000320 0.074564 400.000000 26.315790
570 0.000286 0.091326 500.000000 26.178011
570 0.000360 0.120061 600.000000 25.641026
570 0.000725 0.196053 700.000000 25.000000
570 0.000671 0.214248 800.000000 23.598820
580 0.000274 0.028154 100.000000 25.000000
580 0.000293 0.041903 200.000000 25.974026
580 0.000327 0.056669 300.000000 26.315790
580 0.000311 0.072233 400.000000 26.490067
580 0.000349 0.097574 500.000000 26.041666
580 0.000439 0.137886 600.000000 25.531916
580 0.000725 0.203588 700.000000 24.734982
580 0.000666 0.208679 800.000000 23.121387
590 0.000237 0.026838 100.000000 25.000000
590 0.000278 0.038876 200.000000 26.315790
590 0.000314 0.054515 300.000000 26.548672
590 0.000305 0.070905 400.000000 26.315790
590 0.000346 0.100767 500.000000 25.906736
590 0.000553 0.167758 600.000000 25.316456
590 0.000724 0.211551 700.000000 24.305555
590 0.000659 0.195850 800.000000 22.662889
600 0.000244 0.026726 100.000000 25.641026
600 0.000296 0.040144 200.000000 26.315790
600 0.000317 0.055988 300.000000 26.548672
600 0.000307 0.071290 400.000000 26.315790
600 0.000348 0.102542 500.000000 25.773195
600 0.000794 0.203821 600.000000 25.104603
600 0.000722 0.218540 700.000000 23.809525
600 0.000648 0.178361 800.000000 22.222221
610 0.000270 0.026341 100.000000 25.641026
610 0.000314 0.038916 200.000000 26.666666
610 0.000314 0.056215 300.000000 26.548672
610 0.000391 0.076825 400.000000 26.143791
610 0.000366 0.116398 500.000000 25.641026
610 0.000793 0.213852 600.000000 24.793388
610 0.000723 0.221379 700.000000 23.178808
610 0.000624 0.156377 800.000000 21.798365
620 0.000287 0.025172 100.000000 26.315790
620 0.000338 0.040563 200.000000 26.666666
620 0.000315 0.057430 300.000000 26.548672
620 0.000361 0.094525 400.000000 25.974026
620 0.000479 0.153376 500.000000 25.380711
620 0.000799 0.223169 600.000000 24.390244
620 0.000718 0.214398 700.000000 22.580645
620 0.000612 0.135226 800.000000 21.447721
630 0.000301 0.026188 100.000000 26.315790
630 0.000338 0.042517 200.000000 26.666666
630 0.000320 0.059152 300.000000 26.315790
630 0.000366 0.101159 400.000000 25.806452
630 0.000634 0.199016 500.000000 25.000000
630 0.000800 0.232454 600.000000 23.904383
630 0.000712 0.200178 700.000000 22.082020
630 0.000609 0.116064 800.000000 21.164021
640 0.000325 0.025686 100.000000 26.315790
640 0.000337 0.042970 200.000000 26.666666
640 0.000320 0.058836 300.000000 26.086956
640 0.000367 0.101909 400.000000 25.477707
640 0.000893 0.238116 500.000000 24.752476
640 0.000803 0.240302 600.000000 23.166023
640 0.000690 0.177932 700.000000 21.538462
640 0.000601 0.095270 800.000000 20.725389
650 0.000364 0.025408 100.000000 26.315790
650 0.000327 0.043893 200.000000 26.315790
650 0.000423 0.075944 300.000000 25.862068
650 0.000409 0.140877 400.000000 25.157232
650 0.000898 0.247232 500.000000 24.271845
650 0.000791 0.237334 600.000000 22.471910
650 0.000668 0.153657 700.000000 21.084337
650 0.000584 0.080602 800.000000 20.304569
660 0.000373 0.027848 100.000000 26.315790
660 0.000321 0.044264 200.000000 26.315790
660 0.000385 0.109331 300.000000 25.641026
660 0.000618 0.196746 400.000000 24.844721
660 0.000901 0.256502 500.000000 23.809525
660 0.000787 0.226126 600.000000 21.818182
660 0.000654 0.132941 700.000000 20.771513
660 0.000592 0.079412 800.000000 19.851116
670 0.000371 0.029787 100.000000 25.641026
670 0.000320 0.043668 200.000000 25.974026
670 0.000383 0.109895 300.000000 25.210085
670 0.000838 0.260196 400.000000 24.390244
670 0.000896 0.265048 500.000000 23.041475
670 0.000777 0.205567 600.000000 21.201414
670 0.000648 0.111233 700.000000 20.348837
670 0.000608 0.091083 800.000000 19.417477
680 0.000326 0.028934 100.000000 25.641026
680 0.000302 0.045048 200.000000 25.641026
680 0.000387 0.123852 300.000000 24.793388
680 0.001037 0.292415 400.000000 23.952095
680 0.000893 0.269550 500.000000 22.222221
680 0.000740 0.180721 600.000000 20.689655
680 0.000633 0.093171 700.000000 19.886364
680 0.000626 0.107508 800.000000 19.093079
690 0.000265 0.025611 100.000000 25.641026
690 0.000428 0.107220 200.000000 25.316456
690 0.000513 0.196988 300.000000 24.390244
690 0.001032 0.299912 400.000000 23.529411
690 0.000877 0.260563 500.000000 21.459227
690 0.000712 0.155240 600.000000 20.202021
690 0.000620 0.086430 700.000000 19.444445
700 0.000260 0.025143 100.000000 25.000000
700 0.000391 0.143056 200.000000 24.691359
700 0.000777 0.275756 300.000000 24.000000
700 0.001036 0.308957 400.000000 22.857143
700 0.000868 0.243310 500.000000 20.746887
700 0.000700 0.135044 600.000000 19.867550
700 0.000626 0.094576 700.000000 18.970190
710 0.000267 0.023547 100.000000 25.000000
710 0.000392 0.143577 200.000000 24.390244
710 0.001235 0.357502 300.000000 23.622047
710 0.001031 0.316495 400.000000 21.978022
710 0.000856 0.220290 500.000000 20.161291
710 0.000695 0.116683 600.000000 19.480520
710 0.000654 0.111051 700.000000 18.567638
720 0.000160 0.111361 100.000000 24.390244
720 0.000444 0.196510 200.000000 23.809525
720 0.001282 0.383477 300.000000 23.076923
720 0.001034 0.318193 400.000000 21.164021
720 0.000818 0.194370 500.000000 19.607843
720 0.000676 0.102971 600.000000 18.987341
730 0.000497 0.229800 100.000000 23.809525
730 0.000699 0.298992 200.000000 23.529411
730 0.001292 0.392491 300.000000 22.556391
730 0.001028 0.306768 400.000000 20.304569
730 0.000798 0.172626 500.000000 19.230770
730 0.000681 0.103718 600.000000 18.461538
740 0.000504 0.270249 100.000000 23.809525
740 0.001057 0.425971 200.000000 22.988506
740 0.001299 0.403395 300.000000 21.739130
740 0.001022 0.287561 400.000000 19.704433
740 0.000790 0.152848 500.000000 18.867924
740 0.000690 0.116391 600.000000 18.072289
750 0.000510 0.269521 100.000000 23.255814
750 0.001799 0.553840 200.000000 22.471910
750 0.001291 0.409918 300.000000 20.833334
750 0.000999 0.260191 400.000000 19.047619
750 0.000779 0.136150 500.000000 18.518518
750 0.000723 0.133415 600.000000 17.751480
760 0.000720 0.279693 100.000000 22.727272
760 0.001855 0.520069 200.000000 21.978022
760 0.001336 0.382705 300.000000 20.000000
760 0.000986 0.213927 400.000000 18.604650
760 0.000787 0.103095 500.000000 18.050541
770 0.000902 0.368102 100.000000 22.222221
770 0.001704 0.467261 200.000000 21.505377
770 0.001215 0.323184 300.000000 19.230770
770 0.000880 0.160593 400.000000 18.181818
770 0.000724 0.090101 500.000000 17.605635
780 0.001600 0.569738 100.000000 21.739130
780 0.001705 0.457183 200.000000 20.833334
780 0.001205 0.289079 300.000000 18.518518
780 0.000867 0.131887 400.000000 17.857143
780 0.000727 0.095979 500.000000 17.241379
790 0.003003 0.792946 100.000000 21.276596
790 0.001701 0.466600 200.000000 19.801981
790 0.001178 0.261677 300.000000 17.964071
790 0.000860 0.115088 400.000000 17.543859
790 0.000768 0.113901 500.000000 16.891891
800 0.003079 0.814821 100.000000 20.833334
800 0.001688 0.447129 200.000000 18.867924
800 0.001112 0.218204 300.000000 17.441860
800 0.000829 0.094116 400.000000 17.167381
800 0.000784 0.122635 500.000000 16.666666
810 0.002906 0.622762 100.000000 20.408163
810 0.001574 0.340986 200.000000 18.018019
810 0.001011 0.139779 300.000000 17.142857
810 0.000767 0.053020 400.000000 16.736403
820 0.002196 0.413757 100.000000 19.607843
820 0.001189 0.206560 200.000000 17.241379
820 0.000754 0.064873 300.000000 16.853933
820 0.000616 0.041656 400.000000 16.393442
830 0.001577 0.212736 100.000000 18.518518
830 0.000866 0.097186 200.000000 16.666666
830 0.000545 0.021203 300.000000 16.574585
830 0.000488 0.024928 400.000000 16.129032
840 0.000308 0.024419 100.000000 17.543859
840 0.000205 0.034147 200.000000 16.129032
840 0.000143 0.022672 300.000000 16.304348
840 0.000238 0.009385 400.000000 15.873015
850 0.000249 0.035938 100.000000 16.393442
850 0.000135 0.026115 200.000000 15.873015
850 0.000114 0.020265 300.000000 15.957447
860 0.000200 0.032846 100.000000 15.625000
860 0.000097 0.019807 200.000000 15.625000
860 0.000114 0.016515 300.000000 15.625000
870 0.000182 0.028017 100.000000 14.925373
870 0.000079 0.015883 200.000000 15.503876
870 0.000124 0.013443 300.000000 15.384615
880 0.000158 0.023200 100.000000 14.705882
880 0.000074 0.013878 200.000000 15.503876
880 0.000144 0.011692 300.000000 15.306123
890 0.000139 0.018883 100.000000 14.705882
890 0.000075 0.013231 200.000000 15.625000
890 0.000192 0.011114 300.000000 15.306123
900 0.000141 0.023745 100.000000 14.925373
900 0.000128 0.021414 200.000000 15.625000
900 0.000233 0.016408 300.000000 15.306123
910 0.000174 0.024321 100.000000 14.925373
910 0.000141 0.021061 200.000000 15.503876
920 0.000196 0.024549 100.000000 15.151515
920 0.000150 0.020019 200.000000 15.503876
930 0.000213 0.023741 100.000000 15.625000
930 0.000149 0.018936 200.000000 15.384615
940 0.000195 0.022603 100.000000 15.873015
940 0.000153 0.018736 200.000000 15.384615
950 0.000171 0.022543 100.000000 16.129032
950 0.000189 0.018605 200.000000 15.384615
960 0.000000 0.030320 100.000000 16.129032
960 0.000247 0.023327 200.000000 15.384615
970 0.000000 0.025985 100.000000 15.873015
970 0.000326 0.025488 200.000000 15.384615
980 0.000000 0.024119 100.000000 15.625000
990 0.000109 0.022977 100.000000 15.151515
1000 0.000184 0.022221 100.000000 14.705882
1010 0.000313 0.023093 100.000000 14.492754
1020 0.000469 0.029836 100.000000 14.285714
1030 0.000599 0.038819 100.000000 14.705882
