0 0.000092 0.015248 100.000000 5.780347
0 0.000179 0.015920 200.000000 6.369427
0 0.000207 0.020237 300.000000 6.726458
0 0.000226 0.021359 400.000000 6.908463
0 0.000875 0.041477 500.000000 6.297229
0 0.000739 0.073073 600.000000 6.741573
10 0.000077 0.015034 100.000000 6.097561
10 0.000200 0.015326 200.000000 6.451613
10 0.000210 0.020219 300.000000 6.849315
10 0.000225 0.021628 400.000000 7.017544
10 0.000874 0.041684 500.000000 6.369427
10 0.000738 0.073670 600.000000 6.802721
20 0.000000 0.011665 100.000000 6.369427
20 0.000223 0.012078 200.000000 6.493506
20 0.000201 0.017968 300.000000 6.960557
20 0.000217 0.021199 400.000000 7.117438
20 0.000869 0.042382 500.000000 6.435007
20 0.000737 0.074486 600.000000 6.857143
30 0.000000 0.008417 100.000000 6.622517
30 0.000224 0.007902 200.000000 6.535948
30 0.000181 0.014514 300.000000 7.042253
30 0.000199 0.020100 400.000000 7.220217
30 0.000856 0.042785 500.000000 6.501951
30 0.000724 0.075586 600.000000 6.888634
40 0.000000 0.008621 100.000000 6.849315
40 0.000235 0.007719 200.000000 6.578948
40 0.000197 0.014262 300.000000 7.075472
40 0.000197 0.020720 400.000000 7.299270
40 0.000852 0.043848 500.000000 6.561680
40 0.000733 0.076446 600.000000 6.912442
50 0.000000 0.009769 100.000000 7.042253
50 0.000223 0.008543 200.000000 6.600660
50 0.000238 0.015117 300.000000 7.058824
50 0.000203 0.022087 400.000000 7.366483
50 0.000853 0.045919 500.000000 6.605020
50 0.000737 0.077129 600.000000 6.896552
60 0.000000 0.009551 100.000000 7.092198
60 0.000210 0.007728 200.000000 6.622517
60 0.000225 0.014491 300.000000 6.993007
60 0.000204 0.023514 400.000000 7.407407
60 0.000853 0.048497 500.000000 6.640106
60 0.000733 0.076964 600.000000 6.880734
70 0.000005 0.008768 100.000000 7.142857
70 0.000191 0.007045 200.000000 6.644518
70 0.000222 0.013515 300.000000 6.944445
70 0.000200 0.025026 400.000000 7.421150
70 0.000852 0.051857 500.000000 6.666667
70 0.000731 0.077038 600.000000 6.872852
80 0.000090 0.008446 100.000000 7.142857
80 0.000188 0.007250 200.000000 6.688963
80 0.000219 0.013392 300.000000 6.928406
80 0.000198 0.026509 400.000000 7.434944
80 0.000848 0.055752 500.000000 6.684492
80 0.000727 0.077272 600.000000 6.864988
90 0.000133 0.008086 100.000000 7.142857
90 0.000190 0.007467 200.000000 6.711410
90 0.000224 0.013460 300.000000 6.944445
90 0.000198 0.027758 400.000000 7.434944
90 0.000847 0.059266 500.000000 6.711410
90 0.000726 0.078066 600.000000 6.857143
100 0.000127 0.007174 100.000000 7.092198
100 0.000193 0.007937 200.000000 6.756757
100 0.000236 0.014532 300.000000 6.960557
100 0.001036 0.039226 400.000000 7.299270
100 0.000847 0.063393 500.000000 6.729475
100 0.000727 0.079349 600.000000 6.833713
110 0.000180 0.007712 100.000000 7.092198
110 0.000196 0.008928 200.000000 6.802721
110 0.000233 0.015651 300.000000 6.993007
110 0.001049 0.043911 400.000000 6.220840
110 0.000846 0.067076 500.000000 6.756757
110 0.000723 0.080804 600.000000 6.810442
120 0.000170 0.009173 100.000000 7.142857
120 0.000200 0.010004 200.000000 6.896552
120 0.000241 0.017278 300.000000 7.025761
120 0.001056 0.045897 400.000000 6.211180
120 0.000849 0.070492 500.000000 6.793478
120 0.000724 0.082398 600.000000 6.779661
130 0.000161 0.009526 100.000000 7.352941
130 0.000215 0.011210 200.000000 6.993007
130 0.000250 0.018904 300.000000 7.092198
130 0.001063 0.047208 400.000000 6.240250
130 0.000855 0.073507 500.000000 6.839945
130 0.000730 0.083850 600.000000 6.726458
140 0.000163 0.013475 100.000000 7.575758
140 0.000246 0.014167 200.000000 7.142857
140 0.000276 0.021218 300.000000 7.177033
140 0.001081 0.049376 400.000000 6.299212
140 0.000870 0.076518 500.000000 6.896552
140 0.000741 0.085564 600.000000 6.666667
150 0.000133 0.009165 100.000000 7.751938
150 0.000228 0.014906 200.000000 7.246377
150 0.000265 0.022268 300.000000 7.263923
150 0.001076 0.049486 400.000000 6.339144
150 0.000866 0.079248 500.000000 6.934813
150 0.000736 0.087270 600.000000 6.593407
160 0.000124 0.006608 100.000000 7.692307
160 0.000217 0.016557 200.000000 7.299270
160 0.000252 0.023903 300.000000 7.317073
160 0.001068 0.050452 400.000000 6.379585
160 0.000864 0.082578 500.000000 6.963789
160 0.000734 0.089331 600.000000 6.535948
170 0.000192 0.003399 100.000000 7.142857
170 0.000228 0.018026 200.000000 7.272727
170 0.000248 0.026031 300.000000 7.352941
170 0.001067 0.051827 400.000000 6.420546
170 0.000865 0.086365 500.000000 6.963789
180 0.000402 0.003089 100.000000 6.369427
180 0.000248 0.019616 200.000000 7.220217
180 0.000252 0.028160 300.000000 7.407407
180 0.001068 0.054559 400.000000 6.451613
180 0.000870 0.090332 500.000000 6.925208
190 0.000403 0.002777 100.000000 6.172840
190 0.000313 0.020594 200.000000 7.067138
190 0.000257 0.030601 300.000000 7.444169
190 0.001070 0.057480 400.000000 6.493506
190 0.000886 0.091741 500.000000 6.868132
200 0.000382 0.005284 100.000000 6.134969
200 0.000319 0.021301 200.000000 6.872852
200 0.000261 0.032875 300.000000 7.481297
200 0.001072 0.061667 400.000000 6.514658
200 0.000882 0.091460 500.000000 6.821282
210 0.000359 0.008314 100.000000 6.172840
210 0.000322 0.021961 200.000000 6.802721
210 0.000260 0.035169 300.000000 7.500000
210 0.001073 0.065491 400.000000 6.546645
210 0.000881 0.091478 500.000000 6.802721
220 0.000366 0.011616 100.000000 6.211180
220 0.000322 0.022904 200.000000 6.802721
220 0.000263 0.037602 300.000000 7.518797
220 0.001077 0.069837 400.000000 6.568144
220 0.000884 0.091385 500.000000 6.793478
230 0.000364 0.014453 100.000000 6.289308
230 0.000333 0.023351 200.000000 6.825939
230 0.000265 0.038920 300.000000 7.518797
230 0.001077 0.073786 400.000000 6.600660
230 0.000884 0.092198 500.000000 6.784261
240 0.000367 0.016775 100.000000 6.410256
240 0.000348 0.024371 200.000000 6.872852
240 0.001410 0.053482 300.000000 7.334963
240 0.001077 0.077788 400.000000 6.633499
240 0.000884 0.093256 500.000000 6.765900
250 0.000374 0.019862 100.000000 6.493506
250 0.000347 0.026524 200.000000 6.920415
250 0.001429 0.061135 300.000000 5.952381
250 0.001082 0.082209 400.000000 6.666667
250 0.000885 0.094604 500.000000 6.747638
260 0.000385 0.023370 100.000000 6.578948
260 0.000354 0.029136 200.000000 6.944445
260 0.001439 0.063197 300.000000 5.928854
260 0.001082 0.086729 400.000000 6.700168
260 0.000885 0.096753 500.000000 6.693440
270 0.000390 0.026362 100.000000 6.666667
270 0.000367 0.031808 200.000000 6.968641
270 0.001439 0.064233 300.000000 5.940594
270 0.001084 0.091938 400.000000 6.722689
270 0.000885 0.099324 500.000000 6.510417
280 0.000379 0.030090 100.000000 6.756757
280 0.000366 0.034247 200.000000 7.017544
280 0.001437 0.064988 300.000000 5.976096
280 0.001084 0.096405 400.000000 6.756757
280 0.000880 0.102432 500.000000 6.377551
290 0.000379 0.033106 100.000000 6.849315
290 0.000362 0.036316 200.000000 7.117438
290 0.001434 0.066274 300.000000 6.024096
290 0.001087 0.100507 400.000000 6.791172
290 0.000883 0.104467 500.000000 6.321113
300 0.000354 0.031891 100.000000 7.092198
300 0.000343 0.036223 200.000000 7.246377
300 0.001426 0.065882 300.000000 6.109980
300 0.001082 0.102790 400.000000 6.837607
310 0.000325 0.027122 100.000000 7.407407
310 0.000321 0.033056 200.000000 7.462687
310 0.001415 0.063835 300.000000 6.211180
310 0.001075 0.102773 400.000000 6.908463
320 0.000241 0.019503 100.000000 7.751938
320 0.000280 0.027534 200.000000 7.692307
320 0.001393 0.060514 300.000000 6.315790
320 0.001056 0.101359 400.000000 6.993007
330 0.000087 0.007986 100.000000 8.130081
330 0.000215 0.018981 200.000000 7.905138
330 0.001360 0.056454 300.000000 6.410256
330 0.001033 0.099354 400.000000 7.054674
340 0.000000 0.002778 100.000000 8.264462
340 0.000179 0.014831 200.000000 8.097166
340 0.001338 0.055549 300.000000 6.507592
340 0.001023 0.099230 400.000000 7.079646
350 0.000227 0.005325 100.000000 8.130081
350 0.000200 0.018677 200.000000 8.230453
350 0.001342 0.060689 300.000000 6.578948
350 0.001038 0.102250 400.000000 7.042253
360 0.000267 0.006662 100.000000 7.751938
360 0.000214 0.020802 200.000000 8.333333
360 0.001345 0.066203 300.000000 6.622517
360 0.001034 0.103001 400.000000 6.993007
370 0.000299 0.009958 100.000000 7.518797
370 0.000227 0.024898 200.000000 8.368201
370 0.001348 0.073815 300.000000 6.651885
370 0.001035 0.104827 400.000000 6.968641
380 0.000288 0.010449 100.000000 7.407407
380 0.000227 0.026603 200.000000 8.333333
380 0.001344 0.080924 300.000000 6.666667
380 0.001033 0.106369 400.000000 6.932409
390 0.000343 0.012127 100.000000 7.352941
390 0.000656 0.033770 200.000000 8.196721
390 0.001342 0.087696 300.000000 6.681514
390 0.001032 0.108634 400.000000 6.884682
400 0.000354 0.013671 100.000000 7.299270
400 0.001967 0.055142 200.000000 5.747127
400 0.001336 0.094521 300.000000 6.696429
400 0.001024 0.112170 400.000000 6.814310
410 0.000335 0.015536 100.000000 7.246377
410 0.001999 0.060709 200.000000 5.617978
410 0.001334 0.101548 300.000000 6.711410
410 0.001021 0.116144 400.000000 6.700168
420 0.000345 0.017271 100.000000 7.194244
420 0.001990 0.063446 200.000000 5.617978
420 0.001331 0.109363 300.000000 6.711410
420 0.001015 0.120634 400.000000 6.400000
430 0.000363 0.019690 100.000000 7.246377
430 0.001983 0.068288 200.000000 5.633803
430 0.001333 0.116943 300.000000 6.726458
430 0.001020 0.126105 400.000000 6.230530
440 0.000327 0.021321 100.000000 7.352941
440 0.001968 0.072351 200.000000 5.698006
440 0.001326 0.122545 300.000000 6.741573
450 0.000280 0.020000 100.000000 7.575758
450 0.001947 0.075054 200.000000 5.763689
450 0.001316 0.125449 300.000000 6.741573
460 0.000241 0.017027 100.000000 7.874016
460 0.001930 0.075499 200.000000 5.865103
460 0.001318 0.126344 300.000000 6.726458
470 0.000075 0.010614 100.000000 8.196721
470 0.001888 0.074789 200.000000 5.952381
470 0.001301 0.123963 300.000000 6.726458
480 0.000000 0.009621 100.000000 8.547009
480 0.001880 0.077470 200.000000 6.060606
480 0.001288 0.123934 300.000000 6.741573
490 0.000065 0.010123 100.000000 8.928572
490 0.001885 0.082633 200.000000 6.172840
490 0.001286 0.125478 300.000000 6.756757
500 0.000000 0.009751 100.000000 9.259259
500 0.001882 0.088870 200.000000 6.250000
500 0.001283 0.126758 300.000000 6.787330
510 0.000000 0.010530 100.000000 9.433962
510 0.001881 0.097186 200.000000 6.309148
510 0.001280 0.129469 300.000000 6.787330
520 0.000036 0.009808 100.000000 9.345795
520 0.001874 0.106214 200.000000 6.349206
520 0.001278 0.134024 300.000000 6.741573
530 0.003690 0.048611 100.000000 8.196721
530 0.001859 0.114236 200.000000 6.369427
530 0.001267 0.137738 300.000000 6.681514
540 0.003730 0.067045 100.000000 4.608295
540 0.001859 0.123647 200.000000 6.410256
540 0.001262 0.143766 300.000000 6.607930
550 0.003704 0.075043 100.000000 4.566210
550 0.001850 0.133766 200.000000 6.451613
550 0.001257 0.150422 300.000000 6.410256
560 0.003687 0.085042 100.000000 4.566210
560 0.001841 0.143644 200.000000 6.472492
560 0.001247 0.156800 300.000000 6.072875
570 0.003656 0.098855 100.000000 4.587156
570 0.001842 0.154821 200.000000 6.472492
570 0.001243 0.164463 300.000000 5.870842
580 0.003646 0.114673 100.000000 4.629630
580 0.001843 0.168219 200.000000 6.349206
590 0.003630 0.133946 100.000000 4.651163
590 0.001874 0.177247 200.000000 6.134969
600 0.003621 0.155775 100.000000 4.672897
600 0.001853 0.181963 200.000000 5.988024
610 0.003619 0.176541 100.000000 4.694836
610 0.001847 0.186886 200.000000 5.934718
620 0.003609 0.195163 100.000000 4.739336
620 0.001847 0.192686 200.000000 5.899705
630 0.003594 0.210980 100.000000 4.807693
630 0.001841 0.197417 200.000000 5.899705
640 0.000000 0.013427 100.000000 4.950495
640 0.000069 0.013103 200.000000 5.952381
650 0.000000 0.027831 100.000000 5.154639
650 0.000220 0.028357 200.000000 6.079027
660 0.000000 0.027605 100.000000 5.434783
660 0.000225 0.028075 200.000000 6.230530
670 0.000000 0.028502 100.000000 5.714286
670 0.000242 0.028257 200.000000 6.430868
680 0.000000 0.028606 100.000000 6.060606
680 0.000258 0.028438 200.000000 6.644518
690 0.000000 0.028730 100.000000 6.451613
690 0.000272 0.028452 200.000000 6.872852
700 0.000118 0.028657 100.000000 6.896552
700 0.000284 0.028379 200.000000 7.117438
710 0.000211 0.028781 100.000000 7.407407
710 0.000298 0.028391 200.000000 7.380074
720 0.000265 0.027143 100.000000 8.000000
720 0.000308 0.027975 200.000000 7.633588
730 0.000319 0.025365 100.000000 8.695652
730 0.000320 0.027185 200.000000 7.936508
740 0.000333 0.023463 100.000000 9.345795
740 0.000315 0.025728 200.000000 8.163265
750 0.000257 0.016437 100.000000 10.101010
750 0.000271 0.019759 200.000000 8.333333
760 0.000170 0.009800 100.000000 10.526316
760 0.000222 0.014004 200.000000 8.333333
770 0.000141 0.007859 100.000000 10.869565
770 0.000203 0.013725 200.000000 7.843137
780 0.000135 0.008638 100.000000 10.869565
780 0.000178 0.015217 200.000000 7.092198
790 0.000158 0.010483 100.000000 10.526316
800 0.000303 0.010033 100.000000 9.433962
810 0.000309 0.005616 100.000000 8.403361
820 0.000283 0.004246 100.000000 8.000000
830 0.000269 0.006011 100.000000 7.692307
840 0.000263 0.010179 100.000000 7.352941
850 0.000205 0.014619 100.000000 6.993007
860 0.000198 0.018782 100.000000 6.134969
870 0.000123 0.022740 100.000000 5.208333
880 0.000064 0.028485 100.000000 4.830918
