0 0.000000 0.009094 100.000000 8.474576
0 0.000135 0.011870 200.000000 9.433962
0 0.000131 0.019896 300.000000 10.416667
0 0.000096 0.025032 400.000000 10.471204
0 0.000074 0.029571 500.000000 10.416667
0 0.000077 0.030772 600.000000 10.416667
0 0.000068 0.032475 700.000000 10.279001
0 0.000076 0.033218 800.000000 10.282776
10 0.000000 0.005936 100.000000 9.009009
10 0.000115 0.009623 200.000000 9.756098
10 0.000119 0.019156 300.000000 10.714286
10 0.000080 0.024765 400.000000 10.666667
10 0.000060 0.028119 500.000000 10.570825
10 0.000065 0.028628 600.000000 10.544815
10 0.000057 0.030004 700.000000 10.370370
10 0.000070 0.030889 800.000000 10.376135
20 0.000000 0.005620 100.000000 9.523809
20 0.000112 0.009305 200.000000 10.000000
20 0.000125 0.019642 300.000000 10.948905
20 0.000074 0.025367 400.000000 10.810811
20 0.000060 0.028580 500.000000 10.706638
20 0.000064 0.028879 600.000000 10.657193
20 0.000059 0.030309 700.000000 10.447762
20 0.000070 0.030987 800.000000 10.471204
30 0.000000 0.005383 100.000000 10.101010
30 0.000118 0.009132 200.000000 10.256411
30 0.000121 0.019848 300.000000 11.194030
30 0.000071 0.025804 400.000000 10.928962
30 0.000058 0.028622 500.000000 10.822511
30 0.000061 0.028595 600.000000 10.752688
30 0.000056 0.030193 700.000000 10.510510
30 0.000070 0.030637 800.000000 10.554090
40 0.000000 0.004991 100.000000 10.638298
40 0.000122 0.009654 200.000000 10.471204
40 0.000131 0.020321 300.000000 11.406844
40 0.000073 0.026123 400.000000 11.019283
40 0.000057 0.029130 500.000000 10.917030
40 0.000061 0.028669 600.000000 10.830325
40 0.000058 0.030625 700.000000 10.542169
40 0.000071 0.030876 800.000000 10.624170
50 0.000000 0.004227 100.000000 10.989011
50 0.000147 0.011260 200.000000 10.638298
50 0.000146 0.021256 300.000000 11.538462
50 0.000074 0.026743 400.000000 11.080333
50 0.000060 0.029716 500.000000 10.989011
50 0.000061 0.029275 600.000000 10.889292
50 0.000058 0.031348 700.000000 10.558069
50 0.000072 0.031320 800.000000 10.680908
60 0.000000 0.004467 100.000000 11.363636
60 0.000147 0.012558 200.000000 10.810811
60 0.000144 0.022170 300.000000 11.627907
60 0.000066 0.027571 400.000000 11.080333
60 0.000056 0.029928 500.000000 11.013216
60 0.000060 0.028993 600.000000 10.909091
60 0.000059 0.031147 700.000000 10.558069
60 0.000070 0.031183 800.000000 10.738256
70 0.000000 0.004243 100.000000 11.494253
70 0.000156 0.015091 200.000000 10.928962
70 0.000141 0.023930 300.000000 11.627907
70 0.000055 0.028661 400.000000 11.080333
70 0.000062 0.030029 500.000000 10.964912
70 0.000056 0.028982 600.000000 10.909091
70 0.000064 0.030951 700.000000 10.558069
70 0.000071 0.031242 800.000000 10.767160
80 0.000000 0.003968 100.000000 11.494253
80 0.000149 0.018264 200.000000 11.049724
80 0.000129 0.025720 300.000000 11.583012
80 0.000055 0.029853 400.000000 11.049724
80 0.000060 0.030336 500.000000 10.940919
80 0.000054 0.029602 600.000000 10.889292
80 0.000065 0.031544 700.000000 10.558069
80 0.000071 0.031959 800.000000 10.796222
90 0.000000 0.003382 100.000000 11.494253
90 0.000145 0.020132 200.000000 11.235955
90 0.000117 0.027026 300.000000 11.538462
90 0.000058 0.030441 400.000000 11.049724
90 0.000060 0.030776 500.000000 10.917030
90 0.000055 0.030048 600.000000 10.849910
90 0.000068 0.031793 700.000000 10.558069
90 0.000074 0.032398 800.000000 10.825439
100 0.000135 0.004009 100.000000 11.235955
100 0.000146 0.022259 200.000000 11.428572
100 0.000111 0.028559 300.000000 11.450381
100 0.000060 0.031415 400.000000 11.019283
100 0.000061 0.031332 500.000000 10.917030
100 0.000052 0.030824 600.000000 10.771993
100 0.000070 0.032383 700.000000 10.558069
100 0.000075 0.032923 800.000000 10.854816
110 0.000113 0.007061 100.000000 10.752688
110 0.000149 0.024594 200.000000 11.560694
110 0.000105 0.030075 300.000000 11.406844
110 0.000061 0.032410 400.000000 11.019283
110 0.000059 0.031933 500.000000 10.917030
110 0.000053 0.031863 600.000000 10.695188
110 0.000071 0.032875 700.000000 10.574018
110 0.000080 0.033496 800.000000 10.854816
120 0.000151 0.008090 100.000000 10.416667
120 0.000158 0.025894 200.000000 11.695907
120 0.000094 0.031359 300.000000 11.278195
120 0.000064 0.032612 400.000000 11.019283
120 0.000061 0.031666 500.000000 10.893247
120 0.000052 0.032082 600.000000 10.619469
120 0.000072 0.032682 700.000000 10.590015
120 0.000080 0.033756 800.000000 10.825439
130 0.000213 0.012005 100.000000 10.204082
130 0.000180 0.027832 200.000000 11.764706
130 0.000090 0.032625 300.000000 11.152416
130 0.000065 0.033611 400.000000 10.958904
130 0.000062 0.031939 500.000000 10.845987
130 0.000061 0.033155 600.000000 10.526316
130 0.000077 0.032917 700.000000 10.590015
130 0.000090 0.034623 800.000000 10.796222
140 0.000250 0.017703 100.000000 10.101010
140 0.000197 0.030272 200.000000 11.695907
140 0.000086 0.033098 300.000000 11.029411
140 0.000061 0.034135 400.000000 10.928962
140 0.000061 0.032221 500.000000 10.822511
140 0.000062 0.033805 600.000000 10.452962
140 0.000077 0.033190 700.000000 10.606061
140 0.000097 0.035494 800.000000 10.767160
150 0.000287 0.023205 100.000000 10.204082
150 0.000210 0.032427 200.000000 11.627907
150 0.000087 0.034900 300.000000 10.909091
150 0.000075 0.035284 400.000000 10.869565
150 0.000066 0.033243 500.000000 10.799136
150 0.000073 0.035009 600.000000 10.398614
150 0.000081 0.034106 700.000000 10.638298
150 0.000101 0.037193 800.000000 10.752688
160 0.000325 0.027571 100.000000 10.309278
160 0.000209 0.034270 200.000000 11.560694
160 0.000088 0.035682 300.000000 10.869565
160 0.000078 0.035155 400.000000 10.781672
160 0.000064 0.033561 500.000000 10.752688
160 0.000076 0.035038 600.000000 10.380623
160 0.000083 0.034265 700.000000 10.670732
160 0.000102 0.037937 800.000000 10.752688
170 0.000262 0.033135 100.000000 10.638298
170 0.000171 0.035604 200.000000 11.494253
170 0.000070 0.035088 300.000000 10.830325
170 0.000064 0.033269 400.000000 10.752688
170 0.000052 0.031602 500.000000 10.729613
170 0.000068 0.032786 600.000000 10.380623
170 0.000078 0.032717 700.000000 10.703364
170 0.000098 0.036842 800.000000 10.767160
180 0.000151 0.035103 100.000000 10.989011
180 0.000113 0.034741 200.000000 11.428572
180 0.000026 0.032043 300.000000 10.869565
180 0.000028 0.029513 400.000000 10.752688
180 0.000026 0.027729 500.000000 10.683761
180 0.000058 0.028925 600.000000 10.398614
180 0.000069 0.029474 700.000000 10.736197
180 0.000089 0.034008 800.000000 10.767160
190 0.000036 0.035989 100.000000 11.494253
190 0.000059 0.032960 200.000000 11.494253
190 0.000000 0.028934 300.000000 10.909091
190 0.000000 0.026233 400.000000 10.810811
190 0.000000 0.024749 500.000000 10.638298
190 0.000048 0.025934 600.000000 10.434783
190 0.000062 0.026746 700.000000 10.785825
190 0.000079 0.031682 800.000000 10.752688
200 0.000084 0.035569 100.000000 12.195122
200 0.000048 0.032882 200.000000 11.560694
200 0.000000 0.028568 300.000000 11.029411
200 0.000000 0.025450 400.000000 10.869565
200 0.000000 0.024298 500.000000 10.638298
200 0.000046 0.025224 600.000000 10.507881
200 0.000065 0.026421 700.000000 10.835914
200 0.000077 0.031677 800.000000 10.723861
210 0.000064 0.036468 100.000000 12.820513
210 0.000000 0.031761 200.000000 11.695907
210 0.000000 0.026643 300.000000 11.111111
210 0.000000 0.023111 400.000000 10.928962
210 0.000000 0.022359 500.000000 10.615711
210 0.000039 0.023323 600.000000 10.563380
210 0.000064 0.024959 700.000000 10.852714
210 0.000070 0.030116 800.000000 10.709505
220 0.000089 0.036218 100.000000 13.333333
220 0.000000 0.030606 200.000000 11.695907
220 0.000000 0.025084 300.000000 11.194030
220 0.000000 0.021554 400.000000 10.989011
220 0.000000 0.021403 500.000000 10.593221
220 0.000039 0.022180 600.000000 10.600707
220 0.000065 0.024313 700.000000 10.852714
220 0.000070 0.029148 800.000000 10.666667
230 0.000000 0.036950 100.000000 13.698630
230 0.000000 0.027550 200.000000 11.560694
230 0.000000 0.021728 300.000000 11.194030
230 0.000000 0.018015 400.000000 10.989011
230 0.000000 0.018333 500.000000 10.548523
230 0.000029 0.019145 600.000000 10.657193
230 0.000066 0.022051 700.000000 10.852714
230 0.000063 0.025790 800.000000 10.582010
240 0.000000 0.038267 100.000000 13.513514
240 0.000000 0.024789 200.000000 11.428572
240 0.000000 0.018445 300.000000 11.152416
240 0.000000 0.014821 400.000000 10.958904
240 0.000000 0.015507 500.000000 10.460251
240 0.000000 0.016493 600.000000 10.676157
240 0.000066 0.019699 700.000000 10.835914
240 0.000053 0.022298 800.000000 10.498688
250 0.000000 0.036091 100.000000 13.157895
250 0.000000 0.021819 200.000000 11.173184
250 0.000000 0.015209 300.000000 10.989011
250 0.000000 0.012106 400.000000 10.869565
250 0.000000 0.013207 500.000000 10.395010
250 0.000000 0.014752 600.000000 10.695188
250 0.000062 0.018133 700.000000 10.819165
250 0.000050 0.019954 800.000000 10.430247
260 0.000000 0.031270 100.000000 12.500000
260 0.000000 0.017413 200.000000 10.928962
260 0.000000 0.011986 300.000000 10.791367
260 0.000000 0.010219 400.000000 10.752688
260 0.000000 0.011621 500.000000 10.309278
260 0.000000 0.013606 600.000000 10.676157
260 0.000062 0.017064 700.000000 10.769231
260 0.000049 0.018203 800.000000 10.376135
270 0.000000 0.027579 100.000000 11.627907
270 0.000000 0.015121 200.000000 10.695188
270 0.000000 0.010703 300.000000 10.600707
270 0.000000 0.009499 400.000000 10.526316
270 0.000000 0.011132 500.000000 10.245902
270 0.000019 0.013629 600.000000 10.657193
270 0.000064 0.017551 700.000000 10.703364
270 0.000050 0.017879 800.000000 10.322580
280 0.000000 0.022721 100.000000 10.869565
280 0.000000 0.012473 200.000000 10.471204
280 0.000000 0.008910 300.000000 10.452962
280 0.000000 0.008854 400.000000 10.282776
280 0.000000 0.010256 500.000000 10.183299
280 0.000025 0.013043 600.000000 10.600707
280 0.000049 0.017311 700.000000 10.542169
280 0.000050 0.017168 800.000000 10.243278
290 0.000000 0.017543 100.000000 10.416667
290 0.000000 0.009311 200.000000 10.309278
290 0.000000 0.007065 300.000000 10.344828
290 0.000000 0.008447 400.000000 10.101010
290 0.000000 0.009184 500.000000 10.162601
290 0.000025 0.012312 600.000000 10.526316
290 0.000045 0.016589 700.000000 10.385756
290 0.000048 0.016316 800.000000 10.191083
300 0.000000 0.013464 100.000000 9.900990
300 0.000000 0.007417 200.000000 10.204082
300 0.000000 0.006808 300.000000 10.273973
300 0.000000 0.008924 400.000000 9.950249
300 0.000000 0.008469 500.000000 10.162601
300 0.000045 0.011255 600.000000 10.471204
300 0.000036 0.014799 700.000000 10.248902
300 0.000047 0.015589 800.000000 10.139417
310 0.000000 0.012874 100.000000 9.708738
310 0.000000 0.006998 200.000000 10.152285
310 0.000000 0.007043 300.000000 10.238908
310 0.000000 0.008757 400.000000 9.876543
310 0.000000 0.007847 500.000000 10.204082
310 0.000051 0.010115 600.000000 10.452962
310 0.000023 0.012888 700.000000 10.159652
310 0.000042 0.015278 800.000000 10.050251
320 0.000000 0.011723 100.000000 9.615385
320 0.000000 0.006565 200.000000 10.101010
320 0.000000 0.007002 300.000000 10.238908
320 0.000000 0.008666 400.000000 9.828010
320 0.000000 0.007731 500.000000 10.245902
320 0.000052 0.009920 600.000000 10.452962
320 0.000028 0.012429 700.000000 10.115607
320 0.000039 0.015482 800.000000 9.962640
330 0.000000 0.009964 100.000000 9.523809
330 0.000000 0.006373 200.000000 10.050251
330 0.000000 0.006832 300.000000 10.238908
330 0.000000 0.008183 400.000000 9.852217
330 0.000000 0.007640 500.000000 10.309278
330 0.000051 0.009821 600.000000 10.489511
330 0.000026 0.012274 700.000000 10.115607
330 0.000042 0.015379 800.000000 9.925558
340 0.000000 0.007169 100.000000 9.615385
340 0.000000 0.004342 200.000000 10.000000
340 0.000000 0.006897 300.000000 10.238908
340 0.000000 0.007724 400.000000 9.852217
340 0.000000 0.008190 500.000000 10.373444
340 0.000057 0.011329 600.000000 10.507881
340 0.000034 0.013206 700.000000 10.115607
340 0.000053 0.015890 800.000000 9.913259
350 0.000000 0.005606 100.000000 9.708738
350 0.000000 0.003713 200.000000 10.050251
350 0.000000 0.007368 300.000000 10.204082
350 0.000000 0.007731 400.000000 9.900990
350 0.000000 0.009074 500.000000 10.438414
350 0.000062 0.012796 600.000000 10.526316
350 0.000042 0.013931 700.000000 10.130246
350 0.000059 0.016326 800.000000 9.925558
360 0.000000 0.004781 100.000000 9.803922
360 0.000000 0.003795 200.000000 10.101010
360 0.000000 0.007551 300.000000 10.135135
360 0.000000 0.007799 400.000000 9.950249
360 0.000000 0.009986 500.000000 10.482181
360 0.000058 0.014136 600.000000 10.507881
360 0.000047 0.014683 700.000000 10.130246
360 0.000067 0.016726 800.000000 9.937888
370 0.000000 0.004627 100.000000 9.900990
370 0.000000 0.003750 200.000000 10.152285
370 0.000000 0.007266 300.000000 10.033444
370 0.000000 0.007450 400.000000 10.000000
370 0.000002 0.010261 500.000000 10.504202
370 0.000047 0.014573 600.000000 10.452962
370 0.000047 0.014927 700.000000 10.130246
370 0.000067 0.017001 800.000000 9.950249
380 0.000000 0.003998 100.000000 10.000000
380 0.000000 0.004352 200.000000 10.204082
380 0.000000 0.008378 300.000000 9.966778
380 0.000000 0.008313 400.000000 10.050251
380 0.000031 0.011401 500.000000 10.526316
380 0.000053 0.016281 600.000000 10.380623
380 0.000053 0.015762 700.000000 10.144928
380 0.000070 0.017573 800.000000 9.962640
390 0.000000 0.003990 100.000000 10.204082
390 0.000000 0.005397 200.000000 10.309278
390 0.000000 0.009151 300.000000 9.933775
390 0.000000 0.009048 400.000000 10.101010
390 0.000047 0.012500 500.000000 10.526316
390 0.000056 0.017339 600.000000 10.344828
390 0.000058 0.016547 700.000000 10.144928
390 0.000072 0.018342 800.000000 9.975062
400 0.000000 0.004522 100.000000 10.309278
400 0.000000 0.006724 200.000000 10.362695
400 0.000000 0.009749 300.000000 9.900990
400 0.000000 0.009511 400.000000 10.204082
400 0.000066 0.013240 500.000000 10.548523
400 0.000055 0.017371 600.000000 10.273973
400 0.000063 0.017221 700.000000 10.144928
400 0.000074 0.018928 800.000000 10.000000
410 0.000000 0.006843 100.000000 10.416667
410 0.000000 0.007228 200.000000 10.416667
410 0.000000 0.009673 300.000000 9.868421
410 0.000000 0.009887 400.000000 10.282776
410 0.000071 0.013730 500.000000 10.570825
410 0.000052 0.017026 600.000000 10.221465
410 0.000064 0.017936 700.000000 10.086455
410 0.000075 0.019568 800.000000 10.025063
420 0.000080 0.006783 100.000000 10.526316
420 0.000000 0.008670 200.000000 10.471204
420 0.000000 0.010310 300.000000 9.868421
420 0.000000 0.010390 400.000000 10.362695
420 0.000077 0.014221 500.000000 10.615711
420 0.000058 0.016740 600.000000 10.186757
420 0.000061 0.018305 700.000000 10.014306
420 0.000077 0.019938 800.000000 10.062893
430 0.000090 0.006716 100.000000 10.416667
430 0.000000 0.009634 200.000000 10.526316
430 0.000000 0.010245 300.000000 9.868421
430 0.000029 0.011230 400.000000 10.443864
430 0.000082 0.015285 500.000000 10.638298
430 0.000062 0.017059 600.000000 10.186757
430 0.000069 0.018573 700.000000 9.971510
430 0.000080 0.020720 800.000000 10.088272
440 0.000054 0.005415 100.000000 10.309278
440 0.000000 0.009930 200.000000 10.526316
440 0.000000 0.010124 300.000000 9.900990
440 0.000033 0.011578 400.000000 10.526316
440 0.000083 0.015792 500.000000 10.683761
440 0.000063 0.017028 600.000000 10.186757
440 0.000076 0.018635 700.000000 9.943182
440 0.000080 0.021498 800.000000 10.126582
450 0.000037 0.005292 100.000000 10.309278
450 0.000000 0.009186 200.000000 10.416667
450 0.000000 0.009219 300.000000 9.933775
450 0.000027 0.011772 400.000000 10.582010
450 0.000081 0.015946 500.000000 10.706638
450 0.000061 0.016643 600.000000 10.186757
450 0.000078 0.018445 700.000000 9.943182
450 0.000079 0.022288 800.000000 10.152285
460 0.000000 0.006626 100.000000 10.309278
460 0.000000 0.009947 200.000000 10.256411
460 0.000000 0.009967 300.000000 9.933775
460 0.000029 0.012692 400.000000 10.638298
460 0.000077 0.017486 500.000000 10.638298
460 0.000066 0.017200 600.000000 10.169492
460 0.000084 0.018892 700.000000 9.943182
460 0.000078 0.023292 800.000000 10.178117
470 0.000000 0.008682 100.000000 10.309278
470 0.000000 0.011059 200.000000 10.050251
470 0.000000 0.010573 300.000000 9.966778
470 0.000042 0.013769 400.000000 10.638298
470 0.000070 0.018980 500.000000 10.526316
470 0.000066 0.018045 600.000000 10.152285
470 0.000088 0.019454 700.000000 9.929078
470 0.000080 0.024486 800.000000 10.204082
480 0.000000 0.006143 100.000000 10.309278
480 0.000000 0.010691 200.000000 9.852217
480 0.000000 0.010614 300.000000 10.000000
480 0.000044 0.014438 400.000000 10.610080
480 0.000066 0.019572 500.000000 10.416667
480 0.000067 0.018407 600.000000 10.135135
480 0.000085 0.020022 700.000000 9.929078
480 0.000079 0.025385 800.000000 10.243278
490 0.000000 0.009081 100.000000 10.204082
490 0.000000 0.011230 200.000000 9.708738
490 0.000000 0.011250 300.000000 10.067114
490 0.000067 0.015458 400.000000 10.582010
490 0.000066 0.020338 500.000000 10.288066
490 0.000074 0.019254 600.000000 10.101010
490 0.000088 0.021025 700.000000 9.929078
490 0.000082 0.026690 800.000000 10.269576
500 0.000000 0.008121 100.000000 10.309278
500 0.000000 0.010728 200.000000 9.615385
500 0.000000 0.011372 300.000000 10.135135
500 0.000082 0.015639 400.000000 10.582010
500 0.000057 0.019492 500.000000 10.183299
500 0.000083 0.019833 600.000000 10.050251
500 0.000089 0.021816 700.000000 9.943182
500 0.000084 0.027737 800.000000 10.309278
510 0.000000 0.010308 100.000000 10.309278
510 0.000000 0.011786 200.000000 9.523809
510 0.000000 0.012361 300.000000 10.204082
510 0.000103 0.017118 400.000000 10.582010
510 0.000072 0.020062 500.000000 10.101010
510 0.000085 0.021331 600.000000 9.950249
510 0.000095 0.023046 700.000000 9.971510
510 0.000087 0.029279 800.000000 10.335917
520 0.000000 0.009959 100.000000 10.416667
520 0.000000 0.010321 200.000000 9.523809
520 0.000000 0.012011 300.000000 10.344828
520 0.000085 0.016365 400.000000 10.638298
520 0.000067 0.018683 500.000000 10.101010
520 0.000078 0.020858 600.000000 9.884679
520 0.000094 0.023370 700.000000 10.000000
520 0.000085 0.029562 800.000000 10.389610
530 0.000000 0.010720 100.000000 10.416667
530 0.000000 0.010221 200.000000 9.569378
530 0.000000 0.012698 300.000000 10.452962
530 0.000092 0.016700 400.000000 10.695188
530 0.000070 0.018649 500.000000 10.121457
530 0.000087 0.020900 600.000000 9.852217
530 0.000093 0.024099 700.000000 10.043041
530 0.000086 0.030435 800.000000 10.430247
540 0.000000 0.010717 100.000000 10.526316
540 0.000000 0.010010 200.000000 9.661836
540 0.000028 0.013171 300.000000 10.563380
540 0.000095 0.017355 400.000000 10.752688
540 0.000073 0.018816 500.000000 10.121457
540 0.000093 0.020982 600.000000 9.852217
540 0.000095 0.024977 700.000000 10.086455
540 0.000088 0.031399 800.000000 10.484928
550 0.000000 0.010677 100.000000 10.309278
550 0.000000 0.009726 200.000000 9.708738
550 0.000043 0.013304 300.000000 10.676157
550 0.000096 0.017947 400.000000 10.752688
550 0.000079 0.018575 500.000000 10.121457
550 0.000096 0.021207 600.000000 9.868421
550 0.000094 0.025846 700.000000 10.130246
550 0.000088 0.032319 800.000000 10.526316
560 0.000000 0.010905 100.000000 9.803922
560 0.000000 0.010272 200.000000 9.708738
560 0.000061 0.014046 300.000000 10.714286
560 0.000087 0.019244 400.000000 10.638298
560 0.000086 0.019055 500.000000 10.101010
560 0.000103 0.021750 600.000000 9.852217
560 0.000093 0.027054 700.000000 10.159652
560 0.000088 0.033512 800.000000 10.554090
570 0.000000 0.010544 100.000000 9.523809
570 0.000000 0.010544 200.000000 9.756098
570 0.000083 0.014882 300.000000 10.676157
570 0.000090 0.020381 400.000000 10.498688
570 0.000088 0.019789 500.000000 10.080646
570 0.000105 0.022329 600.000000 9.852217
570 0.000093 0.028350 700.000000 10.189228
570 0.000090 0.034464 800.000000 10.596026
580 0.000000 0.010489 100.000000 9.259259
580 0.000000 0.010884 200.000000 9.852217
580 0.000080 0.015528 300.000000 10.638298
580 0.000082 0.020969 400.000000 10.362695
580 0.000090 0.020141 500.000000 10.060362
580 0.000104 0.022907 600.000000 9.852217
580 0.000092 0.029251 700.000000 10.233918
580 0.000089 0.035361 800.000000 10.624170
590 0.000000 0.011041 100.000000 9.009009
590 0.000019 0.011610 200.000000 9.950249
590 0.000106 0.016343 300.000000 10.638298
590 0.000086 0.020968 400.000000 10.204082
590 0.000097 0.021057 500.000000 10.020041
590 0.000104 0.023949 600.000000 9.852217
590 0.000093 0.030391 700.000000 10.263929
590 0.000088 0.036321 800.000000 10.652463
600 0.000000 0.010185 100.000000 8.849558
600 0.000037 0.011999 200.000000 10.050251
600 0.000122 0.016531 300.000000 10.600707
600 0.000086 0.020522 400.000000 10.075566
600 0.000103 0.022318 500.000000 9.940358
600 0.000107 0.025364 600.000000 9.868421
600 0.000094 0.031779 700.000000 10.294118
600 0.000090 0.037407 800.000000 10.695188
610 0.000000 0.009988 100.000000 8.695652
610 0.000035 0.012923 200.000000 10.152285
610 0.000121 0.017157 300.000000 10.638298
610 0.000086 0.020344 400.000000 10.000000
610 0.000099 0.023454 500.000000 9.803922
610 0.000109 0.026422 600.000000 9.900990
610 0.000095 0.033029 700.000000 10.339734
610 0.000090 0.038562 800.000000 10.723861
620 0.000000 0.010782 100.000000 8.695652
620 0.000070 0.014316 200.000000 10.309278
620 0.000124 0.018382 300.000000 10.676157
620 0.000093 0.020965 400.000000 9.975062
620 0.000102 0.024212 500.000000 9.727627
620 0.000109 0.027823 600.000000 9.933775
620 0.000100 0.034425 700.000000 10.385756
620 0.000091 0.039796 800.000000 10.767160
630 0.000000 0.010970 100.000000 8.771930
630 0.000084 0.015123 200.000000 10.471204
630 0.000129 0.018745 300.000000 10.752688
630 0.000094 0.021152 400.000000 10.000000
630 0.000111 0.024645 500.000000 9.708738
630 0.000110 0.028874 600.000000 9.983361
630 0.000101 0.035628 700.000000 10.447762
630 0.000092 0.040904 800.000000 10.810811
640 0.000000 0.012162 100.000000 8.928572
640 0.000098 0.016343 200.000000 10.638298
640 0.000133 0.019917 300.000000 10.830325
640 0.000103 0.021649 400.000000 10.025063
640 0.000118 0.025173 500.000000 9.727627
640 0.000113 0.030260 600.000000 10.033444
640 0.000103 0.037006 700.000000 10.494753
640 0.000095 0.041903 800.000000 10.869565
650 0.000000 0.013172 100.000000 9.174312
650 0.000109 0.017113 200.000000 10.869565
650 0.000129 0.021021 300.000000 10.869565
650 0.000108 0.021952 400.000000 10.075566
650 0.000123 0.025579 500.000000 9.765625
650 0.000112 0.031102 600.000000 10.101010
650 0.000103 0.037764 700.000000 10.574018
650 0.000096 0.042611 800.000000 10.928962
660 0.000096 0.014049 100.000000 9.433962
660 0.000128 0.018218 200.000000 11.111111
660 0.000124 0.022407 300.000000 10.869565
660 0.000116 0.022814 400.000000 10.126582
660 0.000129 0.026485 500.000000 9.823183
660 0.000113 0.032353 600.000000 10.186757
660 0.000105 0.039120 700.000000 10.638298
660 0.000098 0.043795 800.000000 11.004127
670 0.000038 0.014639 100.000000 9.803922
670 0.000135 0.019057 200.000000 11.235955
670 0.000123 0.023409 300.000000 10.830325
670 0.000116 0.023299 400.000000 10.178117
670 0.000132 0.026777 500.000000 9.881423
670 0.000113 0.033482 600.000000 10.256411
670 0.000106 0.039987 700.000000 10.719755
670 0.000098 0.044711 800.000000 11.065007
680 0.000050 0.014431 100.000000 10.101010
680 0.000129 0.018742 200.000000 11.363636
680 0.000119 0.023325 300.000000 10.791367
680 0.000118 0.023032 400.000000 10.230179
680 0.000127 0.026823 500.000000 9.920635
680 0.000112 0.034010 600.000000 10.327023
680 0.000106 0.040351 700.000000 10.785825
680 0.000099 0.044810 800.000000 11.142061
690 0.000131 0.013932 100.000000 10.526316
690 0.000144 0.018828 200.000000 11.494253
690 0.000124 0.023773 300.000000 10.714286
690 0.000121 0.023435 400.000000 10.256411
690 0.000129 0.027666 500.000000 9.960159
690 0.000114 0.034793 600.000000 10.416667
690 0.000107 0.041183 700.000000 10.852714
690 0.000100 0.045555 800.000000 11.204482
700 0.000157 0.012732 100.000000 10.869565
700 0.000163 0.016873 200.000000 11.560694
700 0.000110 0.021088 300.000000 10.600707
700 0.000122 0.022541 400.000000 10.282776
700 0.000125 0.027042 500.000000 10.020041
700 0.000110 0.034369 600.000000 10.489511
700 0.000103 0.040502 700.000000 10.920437
700 0.000097 0.044885 800.000000 11.267606
710 0.000155 0.011788 100.000000 11.363636
710 0.000171 0.015182 200.000000 11.695907
710 0.000102 0.019373 300.000000 10.526316
710 0.000123 0.022587 400.000000 10.230179
710 0.000122 0.027241 500.000000 10.080646
710 0.000108 0.034551 600.000000 10.563380
710 0.000100 0.040347 700.000000 10.989011
710 0.000097 0.044681 800.000000 11.331445
720 0.000147 0.011412 100.000000 11.764706
720 0.000177 0.015158 200.000000 11.834319
720 0.000105 0.019076 300.000000 10.489511
720 0.000121 0.023689 400.000000 10.126582
720 0.000126 0.028217 500.000000 10.121457
720 0.000109 0.035528 600.000000 10.619469
720 0.000101 0.041251 700.000000 11.041010
720 0.000099 0.045369 800.000000 11.396011
730 0.000141 0.009084 100.000000 12.195122
730 0.000151 0.012310 200.000000 11.904762
730 0.000094 0.016320 300.000000 10.452962
730 0.000106 0.021964 400.000000 10.000000
730 0.000118 0.027012 500.000000 10.183299
730 0.000104 0.034407 600.000000 10.695188
730 0.000098 0.039996 700.000000 11.093502
730 0.000095 0.044289 800.000000 11.444921
740 0.000130 0.007182 100.000000 12.658228
740 0.000142 0.010690 200.000000 11.976048
740 0.000088 0.014945 300.000000 10.416667
740 0.000109 0.020898 400.000000 9.950249
740 0.000112 0.026713 500.000000 10.224949
740 0.000101 0.034184 600.000000 10.733453
740 0.000093 0.039261 700.000000 11.146497
740 0.000092 0.043552 800.000000 11.494253
750 0.000104 0.006418 100.000000 12.987013
750 0.000136 0.010780 200.000000 11.976048
750 0.000079 0.014201 300.000000 10.416667
750 0.000109 0.020381 400.000000 9.925558
750 0.000108 0.027002 500.000000 10.266940
750 0.000099 0.034375 600.000000 10.791367
750 0.000091 0.039251 700.000000 11.182109
750 0.000092 0.043627 800.000000 11.544011
760 0.000113 0.006293 100.000000 13.157895
760 0.000115 0.011286 200.000000 11.834319
760 0.000084 0.013798 300.000000 10.344828
760 0.000114 0.020295 400.000000 9.900990
760 0.000102 0.027619 500.000000 10.288066
760 0.000096 0.034606 600.000000 10.830325
760 0.000090 0.039245 700.000000 11.217949
760 0.000091 0.043897 800.000000 11.577424
770 0.000158 0.006990 100.000000 12.987013
770 0.000099 0.012175 200.000000 11.363636
770 0.000088 0.014356 300.000000 10.273973
770 0.000120 0.020855 400.000000 9.852217
770 0.000102 0.028735 500.000000 10.330579
770 0.000096 0.035511 600.000000 10.849910
770 0.000090 0.039890 700.000000 11.254020
770 0.000093 0.044793 800.000000 11.611031
780 0.000136 0.007454 100.000000 12.658228
780 0.000081 0.013509 200.000000 10.928962
780 0.000091 0.015202 300.000000 10.169492
780 0.000113 0.021914 400.000000 9.828010
780 0.000100 0.030120 500.000000 10.351967
780 0.000097 0.036415 600.000000 10.869565
780 0.000092 0.040658 700.000000 11.272141
780 0.000095 0.045613 800.000000 11.627907
790 0.000157 0.006182 100.000000 12.048193
790 0.000019 0.012690 200.000000 10.416667
790 0.000092 0.015729 300.000000 10.033444
790 0.000109 0.022642 400.000000 9.779951
790 0.000097 0.030693 500.000000 10.373444
790 0.000093 0.036612 600.000000 10.889292
790 0.000090 0.040863 700.000000 11.290322
790 0.000096 0.045938 800.000000 11.644833
800 0.000215 0.006327 100.000000 11.764706
800 0.000000 0.011836 200.000000 9.950249
800 0.000095 0.017864 300.000000 9.740260
800 0.000112 0.024400 400.000000 9.756098
800 0.000097 0.032282 500.000000 10.373444
800 0.000092 0.037761 600.000000 10.889292
800 0.000093 0.041715 700.000000 11.308562
800 0.000097 0.047047 800.000000 11.611031
810 0.000165 0.006884 100.000000 11.363636
810 0.000000 0.012094 200.000000 9.661836
810 0.000085 0.019558 300.000000 9.375000
810 0.000113 0.025905 400.000000 9.732360
810 0.000099 0.033590 500.000000 10.395010
810 0.000094 0.038877 600.000000 10.889292
810 0.000095 0.043044 700.000000 11.308562
810 0.000090 0.048166 800.000000 11.510792
820 0.000155 0.007539 100.000000 11.111111
820 0.000000 0.012512 200.000000 9.478673
820 0.000102 0.020395 300.000000 9.202454
820 0.000111 0.027652 400.000000 9.708738
820 0.000103 0.035123 500.000000 10.395010
820 0.000093 0.039839 600.000000 10.909091
820 0.000096 0.044139 700.000000 11.326860
820 0.000064 0.047943 800.000000 11.251758
830 0.000148 0.010887 100.000000 10.752688
830 0.000000 0.012724 200.000000 9.345795
830 0.000107 0.020684 300.000000 9.118541
830 0.000107 0.028199 400.000000 9.732360
830 0.000100 0.035606 500.000000 10.416667
830 0.000094 0.040131 600.000000 10.909091
830 0.000097 0.044563 700.000000 11.345219
830 0.000067 0.045764 800.000000 11.111111
840 0.000000 0.012426 100.000000 10.204082
840 0.000000 0.013335 200.000000 9.259259
840 0.000113 0.020946 300.000000 9.090909
840 0.000097 0.028905 400.000000 9.756098
840 0.000094 0.035963 500.000000 10.438414
840 0.000090 0.039998 600.000000 10.948905
840 0.000096 0.044855 700.000000 11.382113
840 0.000071 0.043334 800.000000 11.034483
850 0.000000 0.012429 100.000000 9.708738
850 0.000000 0.013568 200.000000 9.216590
850 0.000106 0.021152 300.000000 9.090909
850 0.000092 0.029678 400.000000 9.803922
850 0.000094 0.035927 500.000000 10.504202
850 0.000091 0.040091 600.000000 10.989011
850 0.000097 0.045081 700.000000 11.419250
850 0.000073 0.041701 800.000000 10.973937
860 0.000000 0.011296 100.000000 9.433962
860 0.000000 0.012699 200.000000 9.216590
860 0.000100 0.020744 300.000000 9.118541
860 0.000092 0.029178 400.000000 9.900990
860 0.000093 0.035126 500.000000 10.570825
860 0.000090 0.039142 600.000000 11.070110
860 0.000097 0.044215 700.000000 11.494253
870 0.000000 0.009355 100.000000 9.009009
870 0.000000 0.013337 200.000000 9.174312
870 0.000096 0.021675 300.000000 9.146341
870 0.000094 0.029813 400.000000 9.975062
870 0.000092 0.035257 500.000000 10.638298
870 0.000091 0.039267 600.000000 11.131725
870 0.000100 0.044750 700.000000 11.532125
880 0.000000 0.009621 100.000000 8.620689
880 0.000037 0.015357 200.000000 9.009009
880 0.000099 0.023487 300.000000 9.174312
880 0.000094 0.031226 400.000000 10.025063
880 0.000094 0.036263 500.000000 10.683761
880 0.000093 0.040186 600.000000 11.194030
880 0.000100 0.045793 700.000000 11.570248
890 0.000000 0.012253 100.000000 8.403361
890 0.000029 0.018700 200.000000 8.733624
890 0.000113 0.025573 300.000000 9.202454
890 0.000098 0.032860 400.000000 10.101010
890 0.000097 0.037743 500.000000 10.729613
890 0.000098 0.041541 600.000000 11.235955
890 0.000102 0.046864 700.000000 11.570248
900 0.000000 0.014145 100.000000 8.264462
900 0.000076 0.020984 200.000000 8.510638
900 0.000119 0.027487 300.000000 9.259259
900 0.000113 0.034712 400.000000 10.152285
900 0.000102 0.039440 500.000000 10.775862
900 0.000103 0.043496 600.000000 11.278195
900 0.000088 0.048678 700.000000 11.419250
910 0.000000 0.016313 100.000000 8.130081
910 0.000113 0.023675 200.000000 8.403361
910 0.000127 0.029991 300.000000 9.287926
910 0.000113 0.037007 400.000000 10.204082
910 0.000104 0.041301 500.000000 10.822511
910 0.000105 0.045576 600.000000 11.320755
910 0.000073 0.049093 700.000000 11.217949
920 0.000000 0.017845 100.000000 8.130081
920 0.000132 0.026131 200.000000 8.403361
920 0.000133 0.032801 300.000000 9.345795
920 0.000120 0.039657 400.000000 10.256411
920 0.000110 0.043415 500.000000 10.893247
920 0.000111 0.047843 600.000000 11.406844
920 0.000077 0.049161 700.000000 11.128776
930 0.000000 0.019282 100.000000 8.264462
930 0.000161 0.027915 200.000000 8.474576
930 0.000135 0.034737 300.000000 9.463722
930 0.000125 0.041231 400.000000 10.389610
930 0.000112 0.045065 500.000000 10.989011
930 0.000115 0.049803 600.000000 11.494253
930 0.000081 0.048873 700.000000 11.128776
940 0.000097 0.020815 100.000000 8.403361
940 0.000177 0.029735 200.000000 8.583691
940 0.000143 0.037486 300.000000 9.615385
940 0.000130 0.043767 400.000000 10.526316
940 0.000118 0.047638 500.000000 11.111111
940 0.000121 0.052698 600.000000 11.605416
940 0.000091 0.049829 700.000000 11.146497
950 0.000005 0.016351 100.000000 8.620689
950 0.000154 0.025818 200.000000 8.733624
950 0.000132 0.034175 300.000000 9.771987
950 0.000121 0.039915 400.000000 10.666667
950 0.000111 0.043762 500.000000 11.235955
950 0.000116 0.048921 600.000000 11.718750
950 0.000086 0.045136 700.000000 11.146497
960 0.000047 0.015359 100.000000 8.849558
960 0.000147 0.025445 200.000000 8.849558
960 0.000127 0.034137 300.000000 9.933775
960 0.000121 0.039628 400.000000 10.781672
960 0.000111 0.043337 500.000000 11.363636
960 0.000115 0.048574 600.000000 11.834319
960 0.000086 0.043879 700.000000 11.146497
970 0.000069 0.013107 100.000000 9.009009
970 0.000142 0.024074 200.000000 9.009009
970 0.000125 0.032920 300.000000 10.101010
970 0.000117 0.038262 400.000000 10.928962
970 0.000111 0.042021 500.000000 11.494253
970 0.000118 0.047484 600.000000 11.952191
980 0.000099 0.011354 100.000000 9.259259
980 0.000135 0.022932 200.000000 9.174312
980 0.000121 0.031659 300.000000 10.273973
980 0.000113 0.036525 400.000000 11.080333
980 0.000108 0.040462 500.000000 11.627907
980 0.000115 0.046006 600.000000 12.072434
990 0.000179 0.014798 100.000000 9.345795
990 0.000148 0.025672 200.000000 9.345795
990 0.000128 0.033817 300.000000 10.452962
990 0.000117 0.038090 400.000000 11.267606
990 0.000113 0.041845 500.000000 11.792453
990 0.000116 0.047377 600.000000 12.195122
1000 0.000133 0.014852 100.000000 9.174312
1000 0.000151 0.023889 200.000000 9.523809
1000 0.000117 0.031652 300.000000 10.638298
1000 0.000108 0.035884 400.000000 11.396011
1000 0.000109 0.039497 500.000000 11.904762
1000 0.000113 0.045069 600.000000 12.269938
1010 0.000105 0.015198 100.000000 8.928572
1010 0.000147 0.022803 200.000000 9.661836
1010 0.000117 0.030375 300.000000 10.791367
1010 0.000103 0.034380 400.000000 11.527377
1010 0.000106 0.037898 500.000000 12.048193
1010 0.000107 0.043470 600.000000 12.295082
1020 0.000075 0.016374 100.000000 8.695652
1020 0.000134 0.023848 200.000000 9.756098
1020 0.000113 0.031176 300.000000 10.909091
1020 0.000102 0.034792 400.000000 11.627907
1020 0.000105 0.038607 500.000000 12.135922
1020 0.000090 0.043869 600.000000 12.170385
1030 0.000123 0.018042 100.000000 8.620689
1030 0.000135 0.024648 200.000000 9.900990
1030 0.000115 0.031580 300.000000 11.070110
1030 0.000101 0.034967 400.000000 11.730206
1030 0.000107 0.039007 500.000000 12.224939
1030 0.000073 0.042929 600.000000 11.952191
1040 0.000118 0.018554 100.000000 8.620689
1040 0.000126 0.024794 200.000000 10.000000
1040 0.000108 0.031249 300.000000 11.194030
1040 0.000097 0.034179 400.000000 11.834319
1040 0.000104 0.038377 500.000000 12.345679
1040 0.000072 0.040468 600.000000 11.834319
1050 0.000144 0.019810 100.000000 8.620689
1050 0.000109 0.025559 200.000000 10.152285
1050 0.000100 0.031670 300.000000 11.278195
1050 0.000095 0.034226 400.000000 11.940298
1050 0.000106 0.038901 500.000000 12.437811
1050 0.000075 0.038517 600.000000 11.764706
1060 0.000147 0.020523 100.000000 8.695652
1060 0.000108 0.027199 200.000000 10.309278
1060 0.000102 0.032067 300.000000 11.450381
1060 0.000096 0.034805 400.000000 12.048193
1060 0.000108 0.039769 500.000000 12.531328
1060 0.000080 0.037319 600.000000 11.718750
1070 0.000111 0.019389 100.000000 8.771930
1070 0.000104 0.026553 200.000000 10.471204
1070 0.000100 0.030449 300.000000 11.583012
1070 0.000096 0.033273 400.000000 12.158054
1070 0.000108 0.038308 500.000000 12.626263
1070 0.000083 0.034861 600.000000 11.627907
1080 0.000109 0.020373 100.000000 8.849558
1080 0.000102 0.026897 200.000000 10.695188
1080 0.000099 0.030273 300.000000 11.718750
1080 0.000100 0.032906 400.000000 12.307693
1080 0.000112 0.038248 500.000000 12.755102
1090 0.000021 0.020378 100.000000 9.009009
1090 0.000085 0.026133 200.000000 10.869565
1090 0.000088 0.028351 300.000000 11.904762
1090 0.000095 0.031217 400.000000 12.461060
1090 0.000109 0.036809 500.000000 12.853471
1100 0.000089 0.019859 100.000000 9.345795
1100 0.000087 0.025436 200.000000 11.173184
1100 0.000089 0.027709 300.000000 12.096774
1100 0.000098 0.030686 400.000000 12.658228
1100 0.000109 0.036573 500.000000 12.987013
1110 0.000136 0.019868 100.000000 9.803922
1110 0.000095 0.025561 200.000000 11.560694
1110 0.000087 0.027873 300.000000 12.396694
1110 0.000102 0.031015 400.000000 12.861736
1110 0.000110 0.036677 500.000000 13.157895
1120 0.000140 0.018508 100.000000 10.309278
1120 0.000086 0.024623 200.000000 11.976048
1120 0.000081 0.026963 300.000000 12.658228
1120 0.000099 0.029847 400.000000 13.114754
1120 0.000105 0.035371 500.000000 13.262600
1130 0.000115 0.015574 100.000000 10.869565
1130 0.000070 0.022298 200.000000 12.345679
1130 0.000075 0.024631 300.000000 12.931034
1130 0.000093 0.027905 400.000000 13.333333
1130 0.000090 0.033539 500.000000 13.262600
1140 0.000060 0.013433 100.000000 11.235955
1140 0.000067 0.020212 200.000000 12.658228
1140 0.000065 0.022259 300.000000 13.157895
1140 0.000087 0.025791 400.000000 13.559322
1140 0.000068 0.030929 500.000000 13.054831
1150 0.000083 0.011451 100.000000 11.627907
1150 0.000047 0.018245 200.000000 12.903226
1150 0.000055 0.019740 300.000000 13.333333
1150 0.000083 0.023804 400.000000 13.698630
1150 0.000058 0.027797 500.000000 12.820513
1160 0.000000 0.011267 100.000000 11.904762
1160 0.000040 0.017641 200.000000 13.157895
1160 0.000057 0.019211 300.000000 13.513514
1160 0.000086 0.024168 400.000000 13.840831
1160 0.000058 0.026165 500.000000 12.690355
1170 0.000000 0.011692 100.000000 12.345679
1170 0.000040 0.016967 200.000000 13.333333
1170 0.000056 0.018721 300.000000 13.698630
1170 0.000087 0.024324 400.000000 13.986014
1170 0.000066 0.024382 500.000000 12.594459
1180 0.000000 0.014860 100.000000 12.658228
1180 0.000034 0.016849 200.000000 13.605442
1180 0.000056 0.018555 300.000000 13.824884
1180 0.000091 0.024301 400.000000 14.084507
1180 0.000067 0.023070 500.000000 12.468828
1190 0.000000 0.016921 100.000000 13.157895
1190 0.000059 0.017790 200.000000 13.793103
1190 0.000074 0.019491 300.000000 14.018692
1190 0.000100 0.025676 400.000000 14.234876
1200 0.000000 0.017131 100.000000 13.513514
1200 0.000055 0.016623 200.000000 13.986014
1200 0.000076 0.019139 300.000000 14.150944
1200 0.000102 0.025821 400.000000 14.285714
1210 0.000000 0.016036 100.000000 13.698630
1210 0.000000 0.015544 200.000000 14.084507
1210 0.000077 0.018569 300.000000 14.218010
1210 0.000096 0.025231 400.000000 14.285714
1220 0.000000 0.017154 100.000000 13.888889
1220 0.000000 0.014945 200.000000 14.184397
1220 0.000076 0.018159 300.000000 14.354067
1220 0.000087 0.024745 400.000000 13.986014
1230 0.000000 0.016616 100.000000 14.084507
1230 0.000000 0.014467 200.000000 14.285714
1230 0.000083 0.018231 300.000000 14.423077
1230 0.000075 0.023730 400.000000 13.333333
1240 0.000000 0.015630 100.000000 14.285714
1240 0.000000 0.013740 200.000000 14.285714
1240 0.000080 0.018348 300.000000 14.492754
1240 0.000058 0.021590 400.000000 12.861736
1250 0.000000 0.015116 100.000000 14.285714
1250 0.000000 0.014112 200.000000 14.388489
1250 0.000088 0.020112 300.000000 14.492754
1250 0.000065 0.019908 400.000000 12.578616
1260 0.000000 0.012495 100.000000 14.285714
1260 0.000000 0.012557 200.000000 14.388489
1260 0.000085 0.018556 300.000000 14.563107
1260 0.000067 0.017432 400.000000 12.232416
1270 0.000000 0.010087 100.000000 14.285714
1270 0.000000 0.011076 200.000000 14.388489
1270 0.000090 0.018103 300.000000 14.492754
1280 0.000000 0.008132 100.000000 14.084507
1280 0.000054 0.010629 200.000000 14.388489
1280 0.000091 0.018190 300.000000 14.423077
1290 0.000000 0.005755 100.000000 14.084507
1290 0.000060 0.009568 200.000000 14.388489
1290 0.000077 0.017052 300.000000 13.953488
1300 0.000000 0.004063 100.000000 14.084507
1300 0.000069 0.009431 200.000000 14.388489
1300 0.000075 0.016058 300.000000 12.931034
1310 0.000000 0.005081 100.000000 14.084507
1310 0.000063 0.011415 200.000000 14.492754
1310 0.000047 0.015405 300.000000 12.345679
1320 0.000000 0.005777 100.000000 14.084507
1320 0.000068 0.013221 200.000000 14.492754
1320 0.000051 0.013653 300.000000 12.000000
1330 0.000000 0.005408 100.000000 14.084507
1330 0.000077 0.013161 200.000000 14.492754
1330 0.000070 0.013410 300.000000 11.538462
1340 0.000000 0.006337 100.000000 14.285714
1340 0.000097 0.014794 200.000000 14.492754
1350 0.000073 0.006493 100.000000 14.285714
1350 0.000104 0.015491 200.000000 14.285714
1360 0.000087 0.006837 100.000000 14.285714
1360 0.000081 0.015114 200.000000 13.605442
1370 0.000070 0.008137 100.000000 14.492754
1370 0.000099 0.014724 200.000000 12.269938
1380 0.000000 0.009668 100.000000 14.492754
1380 0.000037 0.012639 200.000000 11.494253
1390 0.000093 0.012078 100.000000 14.492754
1390 0.000041 0.010649 200.000000 11.049724
1400 0.000073 0.012629 100.000000 14.492754
1400 0.000048 0.010858 200.000000 10.471204
1410 0.000121 0.013195 100.000000 14.492754
1420 0.000000 0.013043 100.000000 13.888889
1430 0.000000 0.010504 100.000000 12.195122
1440 0.000066 0.009139 100.000000 10.101010
1450 0.000014 0.006397 100.000000 9.259259
1460 0.000000 0.008014 100.000000 8.547009
