0 0.000000 0.008006 100.000000 7.633588
0 0.000093 0.011316 200.000000 7.782101
0 0.000101 0.015801 300.000000 7.772021
0 0.000094 0.018758 400.000000 8.146640
0 0.000108 0.023790 500.000000 8.051530
0 0.000123 0.029774 600.000000 7.957560
0 0.000119 0.037115 700.000000 8.505467
0 0.000110 0.031969 800.000000 8.519702
10 0.000000 0.006892 100.000000 8.130081
10 0.000111 0.010632 200.000000 8.000000
10 0.000109 0.016762 300.000000 7.936508
10 0.000105 0.020579 400.000000 8.281573
10 0.000114 0.025905 500.000000 8.064516
10 0.000130 0.032048 600.000000 8.042895
10 0.000124 0.039361 700.000000 8.599508
10 0.000115 0.033527 800.000000 8.592911
20 0.000000 0.004476 100.000000 8.547009
20 0.000084 0.007566 200.000000 8.163265
20 0.000096 0.015606 300.000000 8.064516
20 0.000103 0.020375 400.000000 8.403361
20 0.000116 0.025701 500.000000 7.974482
20 0.000129 0.031928 600.000000 8.130081
20 0.000124 0.039314 700.000000 8.674102
20 0.000114 0.032583 800.000000 8.658009
30 0.000000 0.001752 100.000000 8.928572
30 0.000065 0.005174 200.000000 8.230453
30 0.000087 0.013570 300.000000 8.152174
30 0.000096 0.018713 400.000000 8.474576
30 0.000118 0.023635 500.000000 7.898894
30 0.000125 0.030166 600.000000 8.196721
30 0.000120 0.037434 700.000000 8.739077
30 0.000111 0.029972 800.000000 8.686211
40 0.000000 0.001157 100.000000 9.009009
40 0.000064 0.004934 200.000000 8.230453
40 0.000090 0.013616 300.000000 8.174387
40 0.000097 0.019112 400.000000 8.528785
40 0.000120 0.023895 500.000000 7.861635
40 0.000124 0.030709 600.000000 8.241758
40 0.000121 0.037682 700.000000 8.793970
40 0.000111 0.028855 800.000000 8.629990
50 0.000000 0.002748 100.000000 9.090909
50 0.000094 0.006361 200.000000 8.196721
50 0.000098 0.015959 300.000000 8.196721
50 0.000105 0.021549 400.000000 8.547009
50 0.000130 0.026315 500.000000 7.861635
50 0.000130 0.033109 600.000000 8.287292
50 0.000128 0.040141 700.000000 8.816121
50 0.000114 0.029196 800.000000 8.333333
60 0.000000 0.003031 100.000000 9.090909
60 0.000113 0.006437 200.000000 8.163265
60 0.000099 0.015647 300.000000 8.219178
60 0.000104 0.021636 400.000000 8.547009
60 0.000130 0.026588 500.000000 7.861635
60 0.000130 0.033333 600.000000 8.333333
60 0.000127 0.040209 700.000000 8.805032
60 0.000112 0.027883 800.000000 8.281573
70 0.000000 0.002033 100.000000 9.174312
70 0.000102 0.005498 200.000000 8.163265
70 0.000102 0.014700 300.000000 8.264462
70 0.000099 0.020859 400.000000 8.528785
70 0.000128 0.026000 500.000000 7.886436
70 0.000129 0.032597 600.000000 8.391608
70 0.000111 0.038905 700.000000 8.739077
70 0.000110 0.026012 800.000000 8.281573
80 0.000000 0.001858 100.000000 9.174312
80 0.000093 0.006758 200.000000 8.130081
80 0.000097 0.015462 300.000000 8.287292
80 0.000108 0.021664 400.000000 8.492569
80 0.000126 0.026945 500.000000 7.911392
80 0.000129 0.033515 600.000000 8.438819
80 0.000110 0.038247 700.000000 8.695652
80 0.000108 0.025341 800.000000 8.290155
90 0.000101 0.001721 100.000000 8.928572
90 0.000118 0.007480 200.000000 8.032128
90 0.000101 0.016141 300.000000 8.264462
90 0.000116 0.022504 400.000000 8.438819
90 0.000131 0.027665 500.000000 7.923930
90 0.000130 0.034262 600.000000 8.474576
90 0.000116 0.036896 700.000000 8.663366
90 0.000111 0.024271 800.000000 8.281573
100 0.000040 0.001503 100.000000 8.695652
100 0.000122 0.009524 200.000000 7.936508
100 0.000105 0.017672 300.000000 8.264462
100 0.000118 0.024223 400.000000 8.368201
100 0.000138 0.029440 500.000000 7.923930
100 0.000130 0.035925 600.000000 8.522727
100 0.000120 0.036244 700.000000 8.641975
100 0.000114 0.023865 800.000000 8.273009
110 0.000000 0.002647 100.000000 8.403361
110 0.000110 0.011164 200.000000 7.874016
110 0.000102 0.018972 300.000000 8.264462
110 0.000121 0.025527 400.000000 8.316009
110 0.000143 0.030522 500.000000 7.949126
110 0.000132 0.037071 600.000000 8.559201
110 0.000124 0.034643 700.000000 8.641975
110 0.000115 0.022851 800.000000 8.273009
120 0.000000 0.002878 100.000000 8.064516
120 0.000095 0.013638 200.000000 7.843137
120 0.000108 0.020819 300.000000 8.264462
120 0.000127 0.027062 400.000000 8.264462
120 0.000144 0.032130 500.000000 7.974482
120 0.000134 0.038768 600.000000 8.608321
120 0.000123 0.033867 700.000000 8.641975
120 0.000117 0.022643 800.000000 8.273009
130 0.000000 0.001183 100.000000 7.812500
130 0.000104 0.013459 200.000000 7.782101
130 0.000111 0.020241 300.000000 8.287292
130 0.000122 0.025831 400.000000 8.113590
130 0.000145 0.031446 500.000000 8.000000
130 0.000131 0.038098 600.000000 8.658009
130 0.000121 0.031230 700.000000 8.652658
130 0.000115 0.020919 800.000000 8.255934
140 0.000072 0.001963 100.000000 7.575758
140 0.000109 0.014326 200.000000 7.782101
140 0.000114 0.021208 300.000000 8.310249
140 0.000140 0.025857 400.000000 7.677543
140 0.000142 0.032103 500.000000 8.038586
140 0.000134 0.038789 600.000000 8.695652
140 0.000122 0.029941 700.000000 8.641975
140 0.000117 0.019980 800.000000 8.188332
150 0.000096 0.002443 100.000000 7.462687
150 0.000123 0.015502 200.000000 7.751938
150 0.000118 0.022444 300.000000 8.333333
150 0.000145 0.026611 400.000000 7.604563
150 0.000142 0.033164 500.000000 8.090615
150 0.000138 0.039754 600.000000 8.733624
150 0.000121 0.028873 700.000000 8.536586
150 0.000116 0.019111 800.000000 7.655502
160 0.000099 0.003064 100.000000 7.352941
160 0.000114 0.016792 200.000000 7.782101
160 0.000121 0.023156 300.000000 8.356546
160 0.000149 0.027459 400.000000 7.575758
160 0.000144 0.033799 500.000000 8.130081
160 0.000138 0.040099 600.000000 8.759124
160 0.000120 0.027501 700.000000 8.206330
170 0.000202 0.004183 100.000000 7.299270
170 0.000129 0.016644 200.000000 7.812500
170 0.000125 0.023339 300.000000 8.333333
170 0.000152 0.027558 400.000000 7.590133
170 0.000146 0.033724 500.000000 8.183306
170 0.000131 0.040034 600.000000 8.708273
170 0.000118 0.025992 700.000000 8.158508
180 0.000194 0.005388 100.000000 7.246377
180 0.000142 0.018097 200.000000 7.812500
180 0.000130 0.024834 300.000000 8.264462
180 0.000154 0.029209 400.000000 7.604563
180 0.000149 0.035073 500.000000 8.237232
180 0.000124 0.040218 600.000000 8.633094
180 0.000119 0.025322 700.000000 8.149011
190 0.000177 0.006493 100.000000 7.194244
190 0.000125 0.018321 200.000000 7.874016
190 0.000133 0.025089 300.000000 8.264462
190 0.000147 0.029549 400.000000 7.633588
190 0.000145 0.034981 500.000000 8.305648
190 0.000120 0.038420 600.000000 8.595988
190 0.000117 0.023907 700.000000 8.158508
200 0.000183 0.008176 100.000000 7.194244
200 0.000127 0.019783 200.000000 7.905138
200 0.000134 0.026236 300.000000 8.264462
200 0.000153 0.030469 400.000000 7.677543
200 0.000146 0.035667 500.000000 8.375210
200 0.000126 0.037182 600.000000 8.595988
200 0.000117 0.022988 700.000000 8.177570
210 0.000164 0.010589 100.000000 7.246377
210 0.000118 0.020657 200.000000 8.000000
210 0.000133 0.026998 300.000000 8.241758
210 0.000156 0.030875 400.000000 7.722008
210 0.000144 0.036187 500.000000 8.445946
210 0.000131 0.036022 600.000000 8.608321
210 0.000119 0.022320 700.000000 8.196721
220 0.000141 0.011498 100.000000 7.299270
220 0.000112 0.020450 200.000000 8.064516
220 0.000138 0.026328 300.000000 8.241758
220 0.000156 0.030039 400.000000 7.782101
220 0.000139 0.035632 500.000000 8.517887
220 0.000128 0.033693 600.000000 8.633094
220 0.000118 0.020926 700.000000 8.215962
230 0.000153 0.013182 100.000000 7.352941
230 0.000116 0.020552 200.000000 8.163265
230 0.000140 0.026270 300.000000 8.264462
230 0.000158 0.029949 400.000000 7.827789
230 0.000141 0.035530 500.000000 8.591065
230 0.000130 0.031650 600.000000 8.670520
230 0.000118 0.019783 700.000000 8.244994
240 0.000076 0.013711 100.000000 7.462687
240 0.000117 0.020086 200.000000 8.298756
240 0.000138 0.025539 300.000000 8.287292
240 0.000154 0.029107 400.000000 7.905138
240 0.000140 0.034745 500.000000 8.680555
240 0.000128 0.029600 600.000000 8.720930
240 0.000117 0.018687 700.000000 8.274232
250 0.000035 0.014666 100.000000 7.633588
250 0.000123 0.020377 200.000000 8.438819
250 0.000135 0.025226 300.000000 8.287292
250 0.000156 0.029307 400.000000 7.984032
250 0.000139 0.034986 500.000000 8.771930
250 0.000126 0.028338 600.000000 8.759124
250 0.000116 0.018129 700.000000 8.303678
260 0.000000 0.014126 100.000000 7.751938
260 0.000108 0.018631 200.000000 8.547009
260 0.000124 0.022453 300.000000 8.021390
260 0.000147 0.027040 400.000000 8.064516
260 0.000133 0.033037 500.000000 8.849558
260 0.000120 0.025456 600.000000 8.810573
260 0.000112 0.016533 700.000000 8.313540
270 0.000000 0.013938 100.000000 7.874016
270 0.000091 0.017400 200.000000 8.658009
270 0.000135 0.020235 300.000000 7.692307
270 0.000141 0.025664 400.000000 8.130081
270 0.000131 0.031726 500.000000 8.928572
270 0.000116 0.023300 600.000000 8.823529
270 0.000109 0.015436 700.000000 8.264462
280 0.000046 0.013603 100.000000 7.936508
280 0.000097 0.015978 200.000000 8.771930
280 0.000138 0.018449 300.000000 7.614213
280 0.000137 0.024502 400.000000 8.213552
280 0.000128 0.030579 500.000000 8.992805
280 0.000112 0.021301 600.000000 8.771930
280 0.000105 0.014592 700.000000 7.795100
290 0.000000 0.013773 100.000000 8.064516
290 0.000094 0.015407 200.000000 8.849558
290 0.000140 0.017878 300.000000 7.614213
290 0.000136 0.023870 400.000000 8.298756
290 0.000129 0.030323 500.000000 9.057971
290 0.000108 0.020063 600.000000 8.403361
300 0.000000 0.009423 100.000000 8.196721
300 0.000072 0.012275 200.000000 8.928572
300 0.000127 0.015139 300.000000 7.633588
300 0.000128 0.021152 400.000000 8.368201
300 0.000123 0.027579 500.000000 9.074410
300 0.000099 0.017499 600.000000 8.321775
310 0.000000 0.008233 100.000000 8.333333
310 0.000064 0.011863 200.000000 8.888889
310 0.000126 0.015026 300.000000 7.672634
310 0.000125 0.020904 400.000000 8.456659
310 0.000109 0.027050 500.000000 9.009009
310 0.000097 0.016571 600.000000 8.310249
320 0.000000 0.006943 100.000000 8.474576
320 0.000050 0.010728 200.000000 8.849558
320 0.000120 0.014092 300.000000 7.731959
320 0.000122 0.020081 400.000000 8.547009
320 0.000095 0.025313 500.000000 8.944544
320 0.000094 0.015319 600.000000 8.321775
330 0.000000 0.006301 100.000000 8.620689
330 0.000063 0.009914 200.000000 8.849558
330 0.000116 0.013355 300.000000 7.772021
330 0.000119 0.019121 400.000000 8.620689
330 0.000097 0.023150 500.000000 8.912656
330 0.000092 0.014035 600.000000 8.333333
340 0.000000 0.006635 100.000000 8.695652
340 0.000061 0.009736 200.000000 8.849558
340 0.000114 0.012684 300.000000 7.832898
340 0.000114 0.018611 400.000000 8.714597
340 0.000102 0.021293 500.000000 8.912656
340 0.000093 0.013121 600.000000 8.356546
350 0.000000 0.007675 100.000000 8.849558
350 0.000064 0.011132 200.000000 8.771930
350 0.000122 0.013460 300.000000 7.894737
350 0.000115 0.019607 400.000000 8.810573
350 0.000107 0.020797 500.000000 8.928572
350 0.000097 0.012958 600.000000 8.368201
360 0.000000 0.008257 100.000000 8.928572
360 0.000086 0.011299 200.000000 8.771930
360 0.000135 0.013401 300.000000 7.936508
360 0.000118 0.019776 400.000000 8.888889
360 0.000111 0.018968 500.000000 8.944544
360 0.000099 0.012367 600.000000 8.391608
370 0.000000 0.010278 100.000000 9.090909
370 0.000106 0.012746 200.000000 8.733624
370 0.000141 0.014367 300.000000 8.000000
370 0.000120 0.020611 400.000000 8.988764
370 0.000114 0.017955 500.000000 8.976661
370 0.000102 0.012103 600.000000 8.403361
380 0.000053 0.012065 100.000000 9.259259
380 0.000109 0.013144 200.000000 8.620689
380 0.000146 0.015048 300.000000 8.086253
380 0.000123 0.021676 400.000000 9.070294
380 0.000116 0.017129 500.000000 9.009009
380 0.000106 0.012157 600.000000 8.415147
390 0.000075 0.012840 100.000000 9.433962
390 0.000116 0.010969 200.000000 7.843137
390 0.000142 0.014176 300.000000 8.152174
390 0.000122 0.020958 400.000000 9.174312
390 0.000112 0.015325 500.000000 9.025270
390 0.000104 0.011692 600.000000 8.379889
400 0.000000 0.014051 100.000000 9.615385
400 0.000132 0.009429 200.000000 7.462687
400 0.000135 0.014335 300.000000 8.241758
400 0.000122 0.021269 400.000000 9.237875
400 0.000112 0.014434 500.000000 9.009009
400 0.000106 0.011670 600.000000 8.230453
410 0.000059 0.015110 100.000000 9.708738
410 0.000135 0.009973 200.000000 7.380074
410 0.000130 0.013663 300.000000 8.310249
410 0.000124 0.020773 400.000000 9.302325
410 0.000105 0.012801 500.000000 8.635578
420 0.000079 0.011312 100.000000 9.615385
420 0.000143 0.008845 200.000000 7.352941
420 0.000136 0.014088 300.000000 8.379889
420 0.000128 0.021553 400.000000 9.302325
420 0.000103 0.012895 500.000000 8.319468
430 0.000065 0.010455 100.000000 9.345795
430 0.000144 0.009075 200.000000 7.352941
430 0.000134 0.014782 300.000000 8.474576
430 0.000106 0.022037 400.000000 9.132421
430 0.000103 0.013228 500.000000 8.278146
440 0.000028 0.011527 100.000000 9.090909
440 0.000139 0.010228 200.000000 7.380074
440 0.000131 0.016172 300.000000 8.547009
440 0.000099 0.021956 400.000000 9.009009
440 0.000100 0.013401 500.000000 8.264462
450 0.000097 0.011119 100.000000 8.928572
450 0.000139 0.010186 200.000000 7.407407
450 0.000133 0.016981 300.000000 8.645534
450 0.000116 0.021240 400.000000 8.948545
450 0.000104 0.013384 500.000000 8.264462
460 0.000077 0.010795 100.000000 8.695652
460 0.000155 0.009653 200.000000 7.434944
460 0.000131 0.017020 300.000000 8.746356
460 0.000121 0.019659 400.000000 8.928572
460 0.000108 0.013287 500.000000 8.264462
470 0.000135 0.009829 100.000000 8.474576
470 0.000169 0.008255 200.000000 7.462687
470 0.000128 0.016339 300.000000 8.823529
470 0.000124 0.016944 400.000000 8.928572
470 0.000108 0.012976 500.000000 8.264462
480 0.000116 0.009011 100.000000 8.196721
480 0.000159 0.007538 200.000000 7.518797
480 0.000125 0.015948 300.000000 8.928572
480 0.000121 0.014728 400.000000 8.928572
480 0.000108 0.013139 500.000000 8.250825
490 0.000093 0.006330 100.000000 7.575758
490 0.000157 0.007462 200.000000 7.575758
490 0.000122 0.016450 300.000000 9.009009
490 0.000118 0.013295 400.000000 8.908686
490 0.000108 0.013352 500.000000 8.223684
500 0.000171 0.003264 100.000000 6.172840
500 0.000149 0.007017 200.000000 7.633588
500 0.000123 0.016000 300.000000 9.090909
500 0.000115 0.012281 400.000000 8.869180
500 0.000106 0.013747 500.000000 8.077544
510 0.000157 0.003437 100.000000 5.917160
510 0.000144 0.008069 200.000000 7.692307
510 0.000127 0.016958 300.000000 9.146341
510 0.000108 0.011917 400.000000 8.547009
520 0.000163 0.003628 100.000000 5.882353
520 0.000140 0.008784 200.000000 7.812500
520 0.000132 0.018030 300.000000 9.146341
520 0.000102 0.012159 400.000000 8.032128
530 0.000174 0.003589 100.000000 5.952381
530 0.000145 0.009827 200.000000 7.968128
530 0.000123 0.019118 300.000000 9.090909
530 0.000104 0.012683 400.000000 8.016032
540 0.000168 0.004461 100.000000 6.060606
540 0.000143 0.009646 200.000000 8.130081
540 0.000088 0.018013 300.000000 8.982036
540 0.000099 0.012392 400.000000 8.032128
550 0.000158 0.005382 100.000000 6.134969
550 0.000127 0.008143 200.000000 8.298756
550 0.000090 0.015303 300.000000 8.928572
550 0.000085 0.011840 400.000000 8.064516
560 0.000126 0.005271 100.000000 6.250000
560 0.000114 0.007250 200.000000 8.438819
560 0.000093 0.013433 300.000000 8.928572
560 0.000084 0.011854 400.000000 8.080808
570 0.000165 0.003884 100.000000 6.410256
570 0.000114 0.008531 200.000000 8.658009
570 0.000118 0.013912 300.000000 8.955224
570 0.000094 0.012468 400.000000 8.130081
580 0.000152 0.006667 100.000000 6.535948
580 0.000100 0.007214 200.000000 8.849558
580 0.000105 0.011437 300.000000 9.009009
580 0.000089 0.012401 400.000000 8.163265
590 0.000190 0.007950 100.000000 6.666667
590 0.000104 0.007563 200.000000 9.049774
590 0.000107 0.010088 300.000000 9.063444
590 0.000087 0.012823 400.000000 8.196721
600 0.000150 0.007485 100.000000 6.849315
600 0.000090 0.007136 200.000000 9.259259
600 0.000105 0.009526 300.000000 9.146341
600 0.000090 0.013652 400.000000 8.230453
610 0.000174 0.005976 100.000000 7.092198
610 0.000097 0.008090 200.000000 9.523809
610 0.000106 0.009299 300.000000 9.259259
610 0.000092 0.014001 400.000000 8.281573
620 0.000162 0.003738 100.000000 7.462687
620 0.000093 0.009082 200.000000 9.852217
620 0.000110 0.009647 300.000000 9.404388
620 0.000099 0.014272 400.000000 8.368201
630 0.000177 0.003444 100.000000 7.936508
630 0.000100 0.009743 200.000000 10.256411
630 0.000110 0.009687 300.000000 9.646302
630 0.000096 0.014328 400.000000 8.474576
640 0.000169 0.004084 100.000000 8.547009
640 0.000101 0.009438 200.000000 10.752688
640 0.000105 0.009590 300.000000 9.900990
640 0.000093 0.014144 400.000000 8.620689
650 0.000114 0.005497 100.000000 9.174312
650 0.000073 0.006834 200.000000 11.299435
650 0.000090 0.008552 300.000000 10.135135
650 0.000079 0.013510 400.000000 8.714597
660 0.000079 0.005566 100.000000 9.803922
660 0.000070 0.006875 200.000000 11.764706
660 0.000087 0.008810 300.000000 10.309278
660 0.000080 0.013662 400.000000 8.733624
670 0.000078 0.004445 100.000000 10.416667
670 0.000070 0.007866 200.000000 12.195122
670 0.000093 0.009062 300.000000 10.380623
670 0.000081 0.013620 400.000000 8.474576
680 0.000025 0.005989 100.000000 10.989011
680 0.000080 0.008334 200.000000 12.500000
680 0.000067 0.009354 300.000000 9.646302
690 0.000017 0.005162 100.000000 11.494253
690 0.000081 0.008454 200.000000 12.578616
690 0.000050 0.010218 300.000000 9.090909
700 0.000000 0.006274 100.000000 11.904762
700 0.000043 0.009302 200.000000 12.048193
700 0.000046 0.011065 300.000000 9.009009
710 0.000000 0.005059 100.000000 12.345679
710 0.000000 0.010234 200.000000 11.428572
710 0.000029 0.011878 300.000000 8.955224
720 0.000000 0.003691 100.000000 12.820513
720 0.000080 0.009715 200.000000 11.173184
720 0.000047 0.011901 300.000000 8.902077
730 0.000000 0.002178 100.000000 13.333333
730 0.000058 0.007004 200.000000 11.049724
730 0.000030 0.010967 300.000000 8.875740
740 0.000000 0.002485 100.000000 13.698630
740 0.000060 0.005149 200.000000 10.928962
740 0.000000 0.010822 300.000000 8.823529
750 0.000000 0.001353 100.000000 14.084507
750 0.000056 0.005690 200.000000 10.810811
750 0.000032 0.011628 300.000000 8.746356
760 0.000000 0.001359 100.000000 14.285714
760 0.000078 0.006657 200.000000 10.526316
760 0.000048 0.012545 300.000000 8.426967
770 0.000000 0.004056 100.000000 14.084507
770 0.000049 0.007836 200.000000 8.928572
780 0.000000 0.005729 100.000000 12.500000
780 0.000000 0.010668 200.000000 8.032128
790 0.000076 0.007577 100.000000 10.309278
790 0.000000 0.012420 200.000000 7.782101
800 0.000212 0.009279 100.000000 9.523809
800 0.000068 0.014316 200.000000 7.633588
810 0.000226 0.008903 100.000000 9.009009
810 0.000091 0.016301 200.000000 7.462687
820 0.000229 0.010442 100.000000 8.620689
820 0.000098 0.018423 200.000000 7.272727
830 0.000245 0.013024 100.000000 8.130081
830 0.000108 0.019659 200.000000 6.825939
840 0.000118 0.015395 100.000000 6.211180
850 0.000036 0.019963 100.000000 5.813953
860 0.000095 0.021076 100.000000 5.882353
870 0.000000 0.019212 100.000000 6.024096
880 0.000000 0.015997 100.000000 6.134969
890 0.000000 0.011186 100.000000 6.211180
900 0.000000 0.008431 100.000000 6.289308
910 0.000000 0.007563 100.000000 6.329114
920 0.000000 0.008072 100.000000 6.329114
930 0.000000 0.007595 100.000000 6.289308
940 0.000000 0.007752 100.000000 6.172840
950 0.000000 0.005068 100.000000 5.882353
960 0.000000 0.002711 100.000000 5.128205
970 0.000000 0.003134 100.000000 4.405286
