-0.000000 -0.000000 0.000000 0.000000
0.285863 2.971282 0.268389 3.090906
0.965129 5.864052 0.935101 6.210888
2.035232 8.610548 2.031932 9.162242
3.511292 11.251860 3.494595 11.859306
5.277620 13.553230 5.342599 14.292121
7.334788 15.565280 7.495223 16.424142
9.631009 17.251580 9.912651 18.223357
12.143850 18.602650 12.560498 19.670509
14.841400 19.648650 15.512137 20.847441
17.697640 20.433940 18.809052 21.824418
20.680720 20.948830 22.255385 22.602637
23.916920 21.209200 25.882325 23.018462
27.181170 21.205240 29.680823 23.091630
30.545830 21.016600 33.554880 22.957233
33.974890 20.703820 37.416809 22.671053
37.546610 20.263470 41.355538 22.264700
41.312710 19.730810 45.418360 21.764508
45.274640 19.121980 49.630156 21.178079
49.419810 18.458070 53.995607 20.532106
53.746780 17.753180 58.494003 19.852713
58.261900 17.032510 63.165637 19.160063
63.123260 16.276810 68.024682 18.456266
67.997070 15.525970 73.037946 17.736068
72.994320 14.769160 78.154798 17.024630
78.140230 13.999470 83.409051 16.294371
83.411740 13.211260 88.759997 15.559101
88.813020 12.391030 94.242614 14.787077
94.347900 11.532730 99.807055 14.000476
99.992780 10.604900 105.493096 13.146884
105.711000 9.578389 111.213409 12.204476
111.707500 8.417470 117.036639 11.171199
117.585200 7.177515 122.958756 10.022496
123.526500 5.814772 128.896362 8.757215
129.525000 4.334961 134.869926 7.377332
135.581000 2.743391 140.891245 5.884952
141.699900 1.073069 146.968695 4.332292
147.878500 -0.700603 153.075155 2.699966
154.109600 -2.585442 159.226896 0.984244
160.385800 -4.574985 165.396754 -0.824222
166.917800 -6.727674 171.619894 -2.719481
173.294800 -8.916474 177.898652 -4.724880
179.723300 -11.193760 184.209678 -6.822851
186.196500 -13.551180 190.488818 -8.965860
192.716600 -16.009120 196.870377 -11.212904
199.270300 -18.565980 203.308028 -13.556864
205.833700 -21.214680 209.758611 -15.968243
212.407500 -23.960140 216.231046 -18.451236
218.985900 -26.765720 222.721960 -21.013713
225.561100 -29.633810 229.244433 -23.656924
232.335900 -32.668650 235.711104 -26.329674
238.880800 -35.667260 242.106611 -29.020154
245.387400 -38.736510 248.569861 -31.842134
251.846200 -41.883500 255.012846 -34.750916
258.281900 -45.110820 261.446289 -37.747860
264.698200 -48.425580 267.913207 -40.850384
271.114800 -51.837160 274.300858 -43.989393
277.573000 -55.359710 280.792898 -47.246406
284.079600 -58.989250 287.285779 -50.581655
290.640900 -62.737900 293.817657 -54.026395
297.476800 -66.706130 300.379954 -57.534740
304.155400 -70.649610 307.015011 -61.150744
310.888500 -74.701620 313.645751 -64.840553
317.634100 -78.911620 320.522211 -68.761660
324.382100 -83.270620 327.323922 -72.783288
331.097100 -87.732360 334.089234 -76.882944
337.766200 -92.302860 340.860824 -81.093793
344.395600 -96.977430 347.573789 -85.379433
350.998200 -101.723500 354.187581 -89.702439
357.543800 -106.558800 360.923583 -94.181940
364.044900 -111.466700 367.569017 -98.690780
370.683100 -116.604900 374.180519 -103.272418
377.047800 -121.615200 375.269936 -104.386944
383.336000 -126.728900 375.793110 -105.113940
389.607000 -131.844500 376.816658 -105.669981
395.773000 -137.027500 376.032823 -106.578486
401.895000 -142.262600 376.125838 -106.879633
407.951800 -147.559300 377.392433 -107.887176
413.986100 -152.884900 376.219368 -107.752336
419.986400 -158.216800 378.582169 -109.136875
425.959900 -163.574200 379.476195 -110.013784
432.096000 -169.127700 384.490332 -112.036036
438.021200 -174.485100 391.844557 -114.750495
443.999600 -179.790100 399.180419 -117.385649
450.008300 -185.052000 406.562475 -119.951836
456.076700 -190.236400 413.974045 -122.385272
462.144500 -195.415000 418.516242 -123.868922
468.226700 -200.555900 423.890641 -125.572420
474.321700 -205.683800 431.393320 -127.825585
480.437500 -210.781200 433.821007 -128.642430
486.565900 -215.855700 438.213111 -129.863306
492.705700 -220.926100 438.727026 -130.053125
499.042800 -226.150500 439.630033 -130.646847
505.183500 -231.221600 439.395679 -130.928817
511.315300 -236.290500 442.099793 -131.414964
517.450200 -241.358200 443.682855 -131.753296
523.590700 -246.425800 445.736465 -131.905891
529.731400 -251.486800 449.600205 -131.929315
535.879200 -256.541400 449.566412 -132.221577
542.031800 -261.601200 452.242049 -132.291473
548.175200 -266.661100 452.697959 -132.402996
554.322600 -271.733900 453.199633 -132.497307
560.666800 -276.971400 452.505371 -132.556002
566.819700 -282.045500 456.435239 -131.755617
572.975400 -287.114400 457.261112 -131.943461
579.129600 -292.167000 460.289864 -131.040806
585.282500 -297.207600 462.896887 -130.465333
591.437200 -302.222800 468.653706 -128.033566
597.604200 -307.218600 474.458046 -125.542689
603.779500 -312.207400 479.501191 -123.298439
609.955600 -317.203100 485.223236 -120.766670
616.325900 -322.363100 487.704612 -119.977793
622.508900 -327.361200 493.189300 -117.086548
628.695800 -332.355200 498.673026 -114.163939
634.884400 -337.341800 504.089191 -111.235867
641.070100 -342.320300 509.508998 -108.275251
647.255400 -347.287300 514.920634 -105.275830
653.447800 -352.239900 520.292819 -102.253663
659.645900 -357.176500 522.032515 -101.692942
665.850200 -362.106400 524.227423 -100.098844
672.063900 -367.032600 527.009807 -98.324928
678.477200 -372.128600 531.827946 -94.781862
684.685400 -377.078700 536.622979 -91.246259
690.886500 -382.032700 541.410473 -87.697966
697.095900 -386.986800 545.334300 -84.732775
703.307500 -391.927200 548.376960 -82.413131
709.525800 -396.866300 548.565618 -82.614163
715.744400 -401.770900 548.923968 -82.634814
721.963900 -406.651700 550.246110 -81.547658
728.208200 -411.516200 552.035073 -79.791552
734.452600 -416.368700 552.335959 -79.980844
740.912400 -421.372600 553.667846 -78.576977
747.171200 -426.218500 555.573756 -76.376275
753.431100 -431.068100 558.480371 -72.745277
759.706900 -435.900000 558.857483 -72.785478
766.006400 -440.717100 558.789244 -72.569643
772.320800 -445.515000 558.843667 -72.647643
778.645900 -450.297300 558.967378 -72.702882
784.975700 -455.063700 558.937334 -72.682168
791.287500 -459.828500 560.130970 -70.949889
797.576400 -464.601500 562.727081 -66.648420
804.047000 -469.518200 565.635244 -61.721805
810.314700 -474.283000 568.539617 -56.737129
816.592400 -479.040800 571.441502 -51.700526
822.893900 -483.778100 574.305803 -46.624548
829.228400 -488.493800 577.152624 -41.484425
835.588600 -493.191900 579.482231 -37.046992
841.974000 -497.889500 580.810781 -34.200440
848.371800 -502.589000 582.406984 -30.755547
854.783100 -507.296100 582.262493 -31.074280
861.204500 -512.009300 582.367349 -30.601097
867.840000 -516.865200 582.387429 -31.715543
874.252000 -521.550500 582.008414 -32.234874
880.673500 -526.198500 581.867827 -32.778902
887.089900 -530.786600 581.736409 -33.302267
893.493700 -535.326000 581.513403 -33.878768
899.889200 -539.826700 581.344557 -34.695468
906.283100 -544.289400 581.180150 -35.112053
912.666300 -548.727200 581.095704 -35.878762
919.054600 -553.156300 580.739562 -35.756066
925.438800 -557.540800 580.651714 -35.874173
931.836500 -561.939900 580.624440 -36.175033
938.431100 -566.471500 580.870979 -35.963716
944.834000 -570.850400 580.739972 -37.295195
951.257600 -575.224900 580.933963 -36.411523
957.704100 -579.576700 581.088051 -36.937922
964.169300 -583.918800 581.051332 -37.153246
970.639800 -588.238000 580.967184 -35.228572
977.108000 -592.562200 580.900616 -34.717073
983.585800 -596.875300 580.967397 -34.505907
990.062200 -601.209900 581.177610 -34.346614
996.755700 -605.670300 581.189827 -31.014972
1003.237000 -609.971100 580.739466 -24.804113
1009.717000 -614.249000 580.275998 -18.572716
1016.179000 -618.502300 579.781369 -12.333369
1022.621000 -622.748700 579.262183 -6.110483
1029.040000 -626.972900 578.716875 0.107736
1035.453000 -631.152000 578.142450 6.306718
1041.857000 -635.298800 577.538901 12.501056
1048.261000 -639.437000 576.920963 18.646132
1054.664000 -643.531400 576.250097 24.829860
1061.292000 -647.747000 575.571158 30.966771
1067.717000 -651.783100 574.861166 37.152712
1074.131000 -655.824400 574.125822 43.337397
1080.547000 -659.872300 573.377757 49.517025
1086.959000 -663.900600 572.613915 55.744169
1093.387000 -667.911600 571.798681 61.928398
1099.845000 -671.898000 570.978077 68.124930
1106.293000 -675.863800 570.134772 74.320219
1112.759000 -679.809900 569.255131 80.553174
1119.239000 -683.729800 568.350375 86.809133
1125.749000 -687.648400 567.404824 93.114018
1132.489000 -691.677400 566.424193 99.406677
1139.048000 -695.573700 565.389067 105.728989
1145.639000 -699.461800 564.308667 112.122198
1152.246000 -703.341100 563.207821 118.512138
1158.866000 -707.228500 562.101653 124.900104
1165.499000 -711.119600 560.975629 131.303426
1172.154000 -715.032500 559.830158 137.753336
1178.838000 -718.957400 558.641317 144.245965
1185.557000 -722.895300 557.451475 150.775003
1192.307000 -726.842000 556.243167 157.295058
1199.309000 -730.927200 555.006207 163.824367
1206.124000 -734.876300 553.724544 170.395697
1212.967000 -738.814100 552.395197 177.000785
1219.836000 -742.752900 551.033131 183.626532
1226.746000 -746.669800 549.601205 190.301786
1233.698000 -750.563900 548.122406 196.940275
1240.683000 -754.449500 546.605985 203.626970
1247.706000 -758.338400 545.056090 210.309725
1254.767000 -762.223800 543.466897 217.106840
1261.860000 -766.109600 541.866323 223.918849
1268.979000 -769.987000 540.178876 230.734036
1276.380000 -773.995500 538.453071 237.554791
1283.567000 -777.869300 536.708517 244.402433
1290.762000 -781.731400 534.932499 251.237324
1297.968000 -785.583600 533.107290 258.064532
1305.178000 -789.419900 531.240558 264.933811
1312.389000 -793.242000 529.335385 271.799891
1319.609000 -797.051100 527.400140 278.671704
1326.843000 -800.832000 525.447200 285.527166
1334.077000 -804.604100 523.440824 292.383927
1341.314000 -808.372000 521.411676 299.229881
1348.553000 -812.124500 519.348267 306.076666
1355.792000 -815.869100 517.239078 312.891621
1363.253000 -819.710500 515.113580 319.687845
1370.460000 -823.406500 512.958734 326.469133
1377.652000 -827.077300 510.769375 333.271895
1384.849000 -830.727300 508.533474 340.066429
1392.055000 -834.355900 506.242383 346.845486
1399.267000 -837.965700 503.937057 353.565289
1406.468000 -841.554000 501.588121 360.293141
1413.649000 -845.111000 499.195177 366.994179
1420.814000 -848.641100 496.784889 373.643955
1428.218000 -852.259200 494.340048 380.301327
1435.390000 -855.753300 491.856735 386.953554
1442.561000 -859.230500 489.363223 393.537233
1449.719000 -862.684900 486.832187 400.121695
1456.864000 -866.107300 484.283239 406.699532
1463.982000 -869.503800 481.728551 413.247922
1471.077000 -872.874400 479.154602 419.782385
1478.143000 -876.216700 476.549933 426.317489
1485.173000 -879.521100 473.934985 432.833041
1492.162000 -882.801900 471.342058 439.314528
1499.332000 -886.159400 468.773124 445.691297
1506.237000 -889.388600 466.198123 452.052625
1513.118000 -892.591100 463.630112 458.374230
1519.976000 -895.764900 461.035886 464.701866
1526.814000 -898.912300 458.450171 470.986879
1533.615000 -902.028700 455.855535 477.232442
1540.400000 -905.118100 453.220403 483.485835
1547.145000 -908.171000 450.613418 489.679137
1553.856000 -911.196500 448.334414 494.896868
1560.530000 -914.191400 447.969932 494.686353
1567.155000 -917.183900 447.013430 498.069141
1573.960000 -920.277000 444.854367 502.595869
1580.522000 -923.278800 443.886870 504.482377
1587.062000 -926.288100 442.175070 507.583654
1593.559000 -929.316100 441.016531 510.144950
1599.995000 -932.378200 438.381108 516.091666
1606.368000 -935.473500 435.792308 521.975954
1612.673000 -938.608300 433.259026 527.842704
1618.916000 -941.764100 430.759025 533.701032
1625.094000 -944.938400 428.305340 539.482514
1631.219000 -948.097300 425.853029 545.218712
1637.487000 -951.349900 423.400056 550.910615
1643.509000 -954.478800 421.465435 555.477239
1649.498000 -957.575700 421.530391 555.788524
1655.453000 -960.608600 421.021882 557.237784
1661.382000 -963.591200 420.947065 557.687017
1667.327000 -966.502200 421.169121 557.570278
1673.265000 -969.361300 421.377412 557.780593
1679.200000 -972.170200 421.149725 558.308602
1685.116000 -974.959700 420.840668 559.079350
1691.001000 -977.736400 421.158851 558.974773
1697.045000 -980.587800 421.223718 559.028414
1702.874000 -983.328700 420.693297 560.011320
1708.682000 -986.039300 421.077402 559.867640
1714.462000 -988.717000 421.022097 559.908333
1720.243000 -991.348000 421.509915 559.843619
1725.998000 -993.937000 420.053230 561.410483
1731.711000 -996.484200 416.032064 565.944266
1737.344000 -998.988900 411.993950 570.479194
1742.881000 -1001.446000 408.041525 574.897233
1748.531000 -1003.917000 404.135885 579.250966
1753.930000 -1006.297000 400.271246 583.562024
1759.268000 -1008.666000 396.449293 587.849610
1764.497000 -1011.033000 392.719559 592.071147
1769.593000 -1013.373000 389.094221 596.192700
1774.558000 -1015.684000 385.543979 600.224519
1779.397000 -1017.973000 382.079076 604.173059
1784.077000 -1020.236000 378.723041 608.022194
1788.588000 -1022.485000 375.499622 611.764891
1793.052000 -1024.837000 372.433372 615.424784
1797.166000 -1027.218000 369.579738 618.986470
1801.074000 -1029.755000 366.922277 622.526508
1804.783000 -1032.456000 364.463286 626.043049
1808.283000 -1035.357000 362.237489 629.548456
1811.560000 -1038.466000 360.252409 633.041004
1814.589000 -1041.805000 358.520937 636.542449
1817.336000 -1045.350000 355.855769 639.316500
1819.854000 -1049.216000 354.706888 642.705077
1821.972000 -1053.144000 353.869210 646.016160
1823.740000 -1057.234000 353.359983 649.236848
1825.158000 -1061.448000 353.177863 652.338983
1826.213000 -1065.763000 353.327294 655.314472
1826.909000 -1070.151000 353.800113 658.138753
1827.248000 -1074.585000 354.586145 660.807346
1827.242000 -1079.044000 355.668616 663.297708
1826.894000 -1083.506000 357.042093 665.613534
1826.164000 -1088.097000 358.704723 667.711482
1825.082000 -1092.491000 360.673184 669.591587
1823.625000 -1096.792000 362.936747 671.222787
1821.793000 -1100.952000 365.498593 672.603980
1819.572000 -1104.931000 368.331266 673.696232
1817.021000 -1108.714000 371.414695 674.477532
1814.155000 -1112.247000 374.710697 674.947096
1810.985000 -1115.508000 378.216191 675.105819
1807.531000 -1118.474000 381.926211 674.955622
1803.680000 -1121.230000 385.814475 674.489863
1799.708000 -1123.585000 389.049351 674.046209
1795.521000 -1125.636000 393.315107 672.955429
1791.144000 -1127.400000 397.613174 671.625245
1786.606000 -1128.872000 402.036692 670.018531
1781.928000 -1130.089000 406.498824 668.185220
1777.137000 -1131.097000 410.984382 666.169646
1772.246000 -1131.937000 415.533068 663.992733
1767.261000 -1132.636000 420.113581 661.693636
1762.219000 -1133.240000 424.691843 659.324611
1757.154000 -1133.775000 429.248967 656.912900
1751.916000 -1134.267000 433.790238 654.469693
1746.828000 -1134.715000 438.339002 651.996066
1741.729000 -1135.143000 442.881213 649.510870
1736.624000 -1135.555000 447.399170 647.030622
1731.535000 -1135.949000 451.888290 644.555093
1726.509000 -1136.321000 456.297497 642.104360
1721.536000 -1136.665000 460.654803 639.649038
1716.630000 -1136.958000 464.936142 637.203307
1711.823000 -1137.141000 469.108413 634.750215
1706.978000 -1137.162000 473.158751 632.263156
1702.417000 -1136.957000 477.065810 629.713743
1697.988000 -1136.482000 480.808636 627.069376
1693.657000 -1135.656000 484.357526 624.322281
1689.415000 -1134.533000 487.717833 621.426283
1685.296000 -1133.029000 490.866126 618.402146
1681.386000 -1131.140000 493.799143 615.250159
1677.730000 -1128.856000 496.426948 611.997171
1674.251000 -1126.113000 498.716590 608.703829
1671.214000 -1123.116000 500.636944 605.393955
1668.529000 -1119.813000 502.181776 602.078116
1666.213000 -1116.252000 503.328511 598.805955
1664.247000 -1112.458000 504.136593 595.576115
1662.638000 -1108.494000 504.617989 592.434600
1661.377000 -1104.368000 504.765455 589.374255
1660.529000 -1100.157000 504.524100 586.483248
1660.121000 -1095.822000 503.873145 583.741582
1660.150000 -1091.329000 502.853207 581.253251
1660.619000 -1086.982000 501.408198 578.973528
1661.516000 -1082.672000 499.528329 576.923569
1662.830000 -1078.396000 497.351373 575.160708
1664.504000 -1074.176000 494.861283 573.572052
1666.476000 -1070.004000 492.156301 572.171317
1668.675000 -1065.860000 489.303677 570.912738
1671.071000 -1061.736000 486.240005 569.706397
1673.568000 -1057.580000 483.116090 568.538721
1676.142000 -1053.363000 479.945879 567.354590
1678.867000 -1048.967000 476.726411 566.174466
