0.000000 0.000000 0.000000 0.000000
-0.030692 2.885424 -0.003982 2.884281
-0.063682 5.734508 -0.000441 5.718076
-0.100041 8.530096 -0.022063 8.514007
-0.140054 11.300480 -0.046890 11.286157
-0.182799 14.030220 -0.085591 14.026357
-0.234268 16.729530 -0.138950 16.732060
-0.290909 19.397670 -0.210052 19.411612
-0.348491 22.018570 -0.285762 22.046018
-0.408083 24.581810 -0.364166 24.622864
-0.464730 27.047470 -0.450367 27.110765
-0.532964 29.419480 -0.539115 29.499547
-0.604568 31.712160 -0.637711 31.808027
-0.701256 33.920430 -0.746354 34.035837
-0.816071 36.036940 -0.869290 36.171186
-0.928995 38.061730 -0.995487 38.214131
-1.015800 39.985230 -1.100737 40.153414
-1.100037 41.835890 -1.195890 42.014961
-1.149320 43.536120 -1.254388 43.730172
-1.158244 45.054930 -1.271291 45.267844
-1.131371 46.417350 -1.247891 46.605567
-1.070098 47.531840 -1.193080 47.743839
-0.997410 48.423590 -1.127423 48.673223
-0.888826 49.202600 -1.026640 49.486053
-0.748692 49.953900 -0.917393 50.306795
-0.553768 50.673090 -0.728826 51.073084
-0.308831 51.383770 -0.487169 51.824294
0.006730 52.089220 -0.169234 52.554994
0.433989 52.759210 0.262412 53.243630
0.966452 53.425510 0.805893 53.927303
1.657292 54.106120 1.508027 54.628237
2.637066 54.763950 2.429577 55.290913
3.795130 55.307930 3.577196 55.882011
5.131660 55.688860 4.929487 56.354983
6.628641 55.865180 6.440677 56.591864
8.241931 55.933360 8.075141 56.716376
9.967148 55.942650 9.818773 56.749453
11.736130 55.924880 11.653661 56.740698
13.714110 55.842260 13.592337 56.704110
15.682620 55.740240 15.645453 56.652672
17.772010 55.632570 17.748466 56.596975
19.965600 55.550180 19.950768 56.563484
22.152880 55.469200 22.144687 56.537515
24.357170 55.443910 24.376596 56.556346
26.552160 55.430440 26.586058 56.587145
28.760980 55.467940 28.819064 56.632185
30.965440 55.505870 31.073000 56.699492
33.184390 55.569840 33.337413 56.799654
35.636370 55.676220 35.617662 56.923354
37.747990 55.785400 37.907404 57.072208
40.043500 55.934940 40.219757 57.257606
42.378570 56.099950 42.562058 57.462775
44.750860 56.302700 44.956255 57.709298
47.141770 56.562330 47.352076 58.013776
49.575330 56.880740 49.794486 58.380583
52.007490 57.253790 52.233850 58.806236
54.362720 57.655110 54.600474 59.261001
56.660530 58.075840 56.907513 59.741161
58.896640 58.523710 59.155619 60.242803
61.031490 58.976840 61.292780 60.743956
63.069800 59.422950 63.333966 61.229483
65.042990 59.855590 65.313068 61.706423
66.927510 60.250480 67.212653 62.155829
68.717400 60.627020 69.013087 62.567509
70.447830 60.983220 70.765089 62.963499
72.083620 61.296580 72.428600 63.306460
73.696410 61.606590 74.061998 63.651694
75.329590 61.893410 75.717130 63.982837
76.983590 62.238590 77.384094 64.372026
78.685240 62.638820 79.093175 64.823956
80.489520 63.138940 80.848027 65.354521
82.254040 63.684190 82.672086 65.964513
84.178800 64.341480 84.589144 66.668631
86.203180 65.091870 86.589049 67.456927
88.336260 65.930400 88.684724 68.323628
90.546280 66.872100 90.803211 69.271182
92.647230 67.867250 92.897933 70.285844
94.654200 68.874740 94.921301 71.321615
96.604660 69.867450 96.874719 72.341253
98.460940 70.840550 98.738432 73.346881
100.238900 71.773230 100.523680 74.311004
101.929900 72.691410 102.225720 75.248757
103.535500 73.576060 103.855792 76.149284
105.080700 74.435410 105.405120 77.039419
106.580200 75.292970 106.904650 77.926934
108.043800 76.178400 108.345085 78.845978
109.504100 77.113320 109.778298 79.813434
111.030900 78.122580 111.254338 80.866837
112.601100 79.198060 112.768008 81.980857
114.246300 80.376720 114.346247 83.204292
115.964200 81.679030 115.993394 84.544119
117.717300 83.101210 117.681823 86.007956
119.538000 84.633070 119.434963 87.587049
121.436400 86.229820 121.271623 89.246323
123.382100 87.915700 123.152673 90.998765
125.317800 89.692460 125.014133 92.828545
127.282100 91.534840 126.919350 94.735172
129.230000 93.400000 128.834981 96.660787
131.155400 95.339340 130.716048 98.644694
133.063000 97.351670 132.583597 100.708685
134.956300 99.418660 134.427692 102.820476
136.853400 101.506300 136.277280 104.956608
138.805500 103.667700 138.111064 107.105458
140.650500 105.678300 139.952511 109.246083
142.580000 107.717900 141.822099 111.351662
144.486900 109.697000 143.673996 113.405834
146.485100 111.715900 145.543957 115.422323
148.437000 113.603500 147.447289 117.382490
150.425200 115.408300 149.352896 119.285495
152.451800 117.189900 151.285887 121.172025
154.518400 118.948400 153.267030 123.028789
156.690800 120.686600 155.357431 124.882750
158.929100 122.376400 157.523401 126.684536
161.217800 124.006900 159.746768 128.431162
163.512800 125.538700 162.011516 130.125969
165.836400 127.042300 164.242053 131.707643
168.062000 128.463800 166.430338 133.223495
170.224800 129.828200 168.561343 134.668724
172.350300 131.119900 170.673053 136.038823
174.379800 132.359900 172.697542 137.352139
176.378700 133.572400 174.693684 138.627199
178.318300 134.718200 176.617130 139.846067
180.197900 135.803100 178.489116 140.997051
182.008200 136.826700 180.311791 142.091910
183.766400 137.780800 182.076945 143.117831
185.519600 138.687400 183.843150 144.096362
187.330000 139.583100 185.656458 145.070441
189.208600 140.458300 187.524936 146.020177
191.172500 141.310900 189.470599 146.946276
193.247700 142.133100 191.527775 147.850402
195.444900 142.948800 193.698835 148.752213
197.759000 143.757000 195.984626 149.647356
200.137800 144.533100 198.346741 150.518300
202.738200 145.339500 200.843648 151.391914
205.297000 146.113700 203.358037 152.272169
207.845000 146.849300 205.971236 153.136528
210.530600 147.566400 208.650980 153.958338
213.458500 148.315700 211.394208 154.763724
216.151500 148.992700 214.174498 155.566500
218.927400 149.669200 216.954970 156.347877
221.712000 150.324500 219.744274 157.103921
224.465800 150.960500 222.489823 157.839419
227.228100 151.582600 225.251234 158.561056
229.974900 152.167900 228.014909 159.248969
232.737900 152.721200 230.772640 159.894766
235.497000 153.247700 233.531400 160.513959
238.243500 153.736400 236.287575 161.112496
240.976400 154.188700 239.029592 161.672184
243.710400 154.600000 241.777560 162.190638
246.406300 154.971500 244.491016 162.672731
249.105300 155.287800 247.205668 163.093558
251.757000 155.561500 249.845509 163.476078
254.431200 155.809200 252.536577 163.837228
257.069800 156.017000 255.206318 164.157684
259.684100 156.150700 257.869843 164.401383
262.294400 156.242200 260.507490 164.586677
264.888700 156.282800 263.140265 164.726634
267.481000 156.285300 265.767040 164.824886
270.060800 156.269000 268.361887 164.909517
272.605900 156.255000 270.915223 164.985258
275.075700 156.254700 273.404282 165.072145
277.469600 156.283800 275.812468 165.182257
279.760900 156.353500 278.112494 165.328697
281.957700 156.443700 280.326833 165.488187
283.970200 156.553200 282.417222 165.665269
285.989200 156.684600 284.380138 165.856984
287.829500 156.820800 286.226613 166.056963
289.569000 156.964000 287.966722 166.263930
291.218300 157.102500 289.616617 166.470696
292.778900 157.246100 291.169919 166.675764
294.254600 157.389200 292.650803 166.884792
295.717600 157.538000 294.121784 167.089137
297.223600 157.686200 295.634870 167.293695
298.780100 157.809800 297.200791 167.474141
300.440700 157.937300 298.864283 167.666864
302.193900 158.061000 300.621859 167.854046
304.040200 158.187100 302.475492 168.039862
305.994600 158.324700 304.421878 168.247929
308.077900 158.452500 306.472592 168.450150
310.166900 158.579400 308.609257 168.651259
312.372100 158.689500 310.822856 168.834986
314.664800 158.785400 313.116646 169.002719
317.024200 158.892800 315.480682 169.186793
319.504900 159.015600 317.928641 169.387428
321.968700 159.147800 320.443413 169.604355
324.542800 159.301000 323.023856 169.845216
327.185300 159.476800 325.661774 170.108054
329.874800 159.677400 328.356265 170.410586
332.593600 159.906200 331.088034 170.747566
335.333800 160.155500 333.857514 171.090491
338.076000 160.415100 336.615499 171.444132
340.796800 160.664000 339.355551 171.809112
343.508300 160.901600 342.081875 172.167758
346.214100 161.139300 344.792713 172.525961
348.896200 161.385900 347.483519 172.875813
351.553700 161.626400 350.170935 173.224956
354.266900 161.880700 352.842234 173.603302
356.960200 162.150000 355.505200 174.023509
359.663200 162.460400 358.168867 174.489853
362.371200 162.804900 360.827380 175.000775
365.060800 163.230900 363.473177 175.586679
367.553800 163.717500 366.105187 176.253414
370.348700 164.381300 368.712981 176.985661
372.963900 165.044100 371.321830 177.757461
375.599200 165.731300 373.930481 178.562437
378.231100 166.470100 376.535317 179.409169
380.804900 167.261500 379.124526 180.298079
383.322700 168.075400 381.652033 181.211023
385.813900 168.917500 384.163377 182.160264
388.253100 169.759700 386.609073 183.097561
390.659600 170.598900 389.042070 184.037053
393.025400 171.408000 391.424671 184.937337
395.414700 172.188100 393.791009 185.809749
397.791500 172.967500 396.154238 186.685900
400.218700 173.778100 398.574968 187.587109
402.789900 174.620000 401.053402 188.509618
405.252700 175.433500 403.604364 189.458644
407.826500 176.273600 406.186445 190.414169
410.396400 177.149700 408.759003 191.389518
412.962700 177.995900 411.305136 192.358975
415.520700 178.811100 413.823739 193.313478
418.163400 179.676800 416.266259 194.249842
420.422700 180.403200 418.637637 195.148630
422.744700 181.133100 420.914854 195.999994
424.992500 181.856500 423.126587 196.828363
427.210300 182.556900 425.315877 197.633412
429.384000 183.232700 427.462849 198.414317
431.691200 183.958100 429.601983 199.185164
433.729300 184.607500 431.744871 199.964126
435.905600 185.295100 433.891865 200.746692
437.996100 185.991900 435.969424 201.523093
439.997500 186.676100 437.964612 202.280186
441.912000 187.324200 439.867339 203.016971
443.731700 187.941900 441.675955 203.717522
445.452600 188.535300 443.385550 204.389799
446.977600 189.065700 445.003970 205.031500
448.612700 189.639800 446.526249 205.641583
450.036900 190.148800 447.946041 206.218141
451.374500 190.620800 449.278543 206.753556
452.648100 191.070900 450.510727 207.253658
453.732500 191.449300 451.637593 207.700452
454.752900 191.810000 452.668172 208.101792
455.674800 192.145600 453.600180 208.469094
456.527700 192.432500 454.455384 208.796345
457.315700 192.715500 455.269855 209.114808
458.132700 193.010000 456.057932 209.430697
458.919000 193.308800 456.843352 209.752247
459.721200 193.658200 457.640107 210.115318
460.554600 194.063300 458.464204 210.536978
461.395800 194.530300 459.282629 211.026181
462.236200 195.072000 460.042730 211.562816
462.925300 195.511300 460.763633 212.071192
463.708400 195.901700 461.464708 212.477902
464.372200 196.169400 462.172450 212.812833
465.156500 196.446500 462.939222 213.112363
465.986400 196.701900 463.734716 213.383397
466.732600 196.902800 464.497070 213.630228
467.447300 197.111200 465.180660 213.869438
468.039400 197.328700 465.765152 214.125311
468.513900 197.540200 466.242784 214.385901
468.911800 197.686700 466.624657 214.583198
469.227500 197.880700 466.922195 214.823080
469.501800 198.033900 467.181361 215.024247
469.737700 198.161300 467.399712 215.203748
469.886200 198.298500 467.539818 215.369060
470.013600 198.404400 467.660500 215.486123
470.122500 198.499200 467.769590 215.587604
