-0.000000 0.000000 0.000000 0.000000
0.059552 0.427954 0.056493 0.434623
0.237981 0.973886 0.235527 0.981130
0.538546 1.628207 0.533373 1.621861
1.003793 2.290144 0.973845 2.243832
1.634883 2.945947 1.582633 2.892956
2.461237 3.573867 2.398826 3.533967
3.496792 4.193755 3.459582 4.176079
4.776317 4.781829 4.765201 4.772924
6.304938 5.319486 6.319670 5.311745
8.139100 5.883474 8.118587 5.860292
10.138770 6.453262 10.141140 6.425317
12.333930 7.002406 12.360338 6.968928
14.663490 7.511301 14.720895 7.471610
17.049860 7.930321 17.138451 7.883849
19.487290 8.223794 19.609228 8.171939
21.969070 8.303235 22.135719 8.234669
24.467550 8.125850 24.669499 8.034933
27.022420 7.668368 27.166261 7.563610
29.457670 6.987021 29.609719 6.862907
31.794470 6.148614 31.943101 6.009349
34.063610 5.130169 34.197766 4.976676
36.243660 3.961594 36.355265 3.803963
38.328320 2.758157 38.431692 2.594567
40.369350 1.482965 40.475344 1.311738
42.482770 0.131716 42.592183 -0.042679
44.763220 -1.240274 44.863206 -1.416228
47.286550 -2.676534 47.294453 -2.811896
49.853740 -4.139164 49.841267 -4.280546
52.508790 -5.666458 52.479291 -5.818232
55.197810 -7.206980 55.148426 -7.365536
57.878980 -8.733143 57.820084 -8.898211
60.546810 -10.230730 60.482647 -10.406884
63.176560 -11.707400 63.110636 -11.903376
65.830890 -13.273370 65.687639 -13.437059
68.329450 -14.809970 68.200574 -14.993807
70.789660 -16.374780 70.663031 -16.569655
73.211010 -17.939040 73.089562 -18.154060
75.580240 -19.503090 75.471456 -19.744297
77.962690 -21.043460 77.849228 -21.298250
80.337270 -22.541930 80.225772 -22.813017
82.690720 -24.033000 82.591419 -24.322182
85.168040 -25.483980 84.999047 -25.744720
87.610770 -26.783490 87.450561 -27.062822
90.068970 -27.976530 89.924639 -28.272788
92.574540 -29.064810 92.446822 -29.367932
95.086530 -30.046610 94.970436 -30.354694
97.610520 -30.999970 97.503732 -31.314015
100.154900 -31.910620 100.050509 -32.233544
102.699800 -32.740030 102.604091 -33.075787
105.337500 -33.569230 105.168172 -33.886134
107.909900 -34.310500 107.747657 -34.635612
110.495800 -35.002060 110.332377 -35.332087
113.092900 -35.637250 112.928805 -35.969232
115.701700 -36.221950 115.554190 -36.560139
118.312000 -36.795980 118.160044 -37.130902
120.919400 -37.311080 120.778222 -37.643493
123.612600 -37.822490 123.397898 -38.134241
126.200500 -38.317010 125.997402 -38.612953
128.758600 -38.797880 128.558064 -39.078898
131.292400 -39.261370 131.078561 -39.535057
133.787300 -39.702270 133.562886 -39.978529
136.245300 -40.155830 136.026103 -40.428943
138.675100 -40.573430 138.453996 -40.841899
141.069600 -40.920700 140.851020 -41.189681
143.518700 -41.193900 143.215119 -41.457038
145.849600 -41.352690 145.555846 -41.610558
148.128400 -41.397070 147.842218 -41.638990
150.395000 -41.344780 150.123599 -41.594823
152.626900 -41.250630 152.374892 -41.524340
154.870600 -41.179540 154.623012 -41.478681
157.172200 -41.136150 156.851771 -41.456689
159.384800 -41.130380 159.066263 -41.473449
161.552500 -41.150950 161.231641 -41.510939
163.694600 -41.191930 163.375541 -41.573739
165.792000 -41.177250 165.462687 -41.567524
167.843600 -41.044700 167.512622 -41.440394
169.845600 -40.823600 169.519467 -41.216413
171.765800 -40.509700 171.459633 -40.897216
173.628200 -40.114240 173.340204 -40.489526
175.488300 -39.644860 175.147322 -40.030617
177.253700 -39.179270 176.923330 -39.555652
179.058300 -38.642950 178.740052 -39.012978
180.841200 -38.137640 180.551788 -38.497335
182.647000 -37.594640 182.384496 -37.947351
184.486300 -37.005680 184.235876 -37.364713
186.306800 -36.350860 186.087890 -36.702925
188.152800 -35.605480 187.941899 -35.965142
190.059500 -34.740100 189.807336 -35.130891
191.969500 -33.865900 191.719603 -34.237357
193.930900 -32.987990 193.681513 -33.334388
195.979900 -32.100170 195.714311 -32.409496
198.032400 -31.192340 197.753919 -31.470103
200.075200 -30.299550 199.813662 -30.547789
202.121300 -29.397390 201.877132 -29.612068
204.234400 -28.486530 203.930355 -28.702921
206.299500 -27.684270 205.985215 -27.871574
208.403900 -26.954410 208.079114 -27.117353
210.512600 -26.255830 210.184670 -26.389883
212.647500 -25.552610 212.312185 -25.655288
214.813400 -24.853640 214.463857 -24.911312
217.003700 -24.131450 216.640206 -24.144636
219.207600 -23.337180 218.835573 -23.316743
221.478100 -22.461550 221.014224 -22.440709
223.691800 -21.582500 223.200119 -21.532817
225.903700 -20.689360 225.389841 -20.605352
228.080000 -19.766480 227.565464 -19.635745
230.220600 -18.821590 229.718877 -18.642658
232.371400 -17.831880 231.871505 -17.601021
234.550600 -16.834540 234.041323 -16.558622
236.689300 -15.829910 236.170691 -15.510475
238.819600 -14.789820 238.295306 -14.427047
241.046700 -13.677240 240.435681 -13.300969
243.210100 -12.576750 242.592976 -12.154735
245.316900 -11.470820 244.691981 -10.997727
247.473500 -10.355810 246.838531 -9.826762
249.642500 -9.241335 248.983283 -8.665313
251.796000 -8.104650 251.125629 -7.478185
253.942500 -6.958005 253.277626 -6.281457
256.073700 -5.780386 255.413409 -5.052491
258.248600 -4.533407 257.534946 -3.776317
260.334300 -3.265288 259.624933 -2.449235
262.362600 -1.879433 261.646344 -1.001130
264.312500 -0.416146 263.585919 0.525466
266.247800 1.056138 265.518884 2.056552
268.247300 2.425767 267.543808 3.497015
270.295100 3.732130 269.596839 4.847259
272.448400 5.029464 271.686739 6.154786
274.581200 6.268645 273.825135 7.440510
276.706900 7.480684 275.951850 8.705353
278.876600 8.696142 278.137308 9.980792
281.095100 9.923533 280.359916 11.266381
283.325600 11.202600 282.580252 12.591564
285.559100 12.523290 284.799094 13.960642
287.806200 13.884920 287.014305 15.381386
290.053400 15.362280 289.238588 16.919227
292.343100 16.944080 291.445661 18.511752
294.516100 18.486760 293.630963 20.160985
296.735000 20.090600 295.808367 21.884098
298.983900 21.798480 297.943814 23.695749
301.357000 23.619910 300.050102 25.570340
303.631300 25.464620 302.128790 27.473129
305.848900 27.397400 304.186549 29.444868
307.989800 29.349030 306.224218 31.441750
310.170100 31.390990 308.249783 33.462347
312.215400 33.408810 310.233302 35.533629
314.201800 35.448870 312.161091 37.619062
316.142500 37.509720 314.049907 39.725665
318.044300 39.611170 315.888566 41.874124
319.930600 41.702710 317.711702 44.018710
321.806100 43.785710 319.540324 46.171462
323.778500 45.954410 321.407885 48.336665
325.727200 48.027070 323.309637 50.468115
327.752400 50.081190 325.298613 52.585415
329.843100 52.108160 327.352376 54.678709
331.992000 54.071530 329.464206 56.709119
334.215200 56.020980 331.650576 58.732628
336.477500 57.964060 333.877864 60.746374
338.785300 59.887540 336.150592 62.746117
341.214300 61.849760 338.471383 64.727001
343.584100 63.732200 340.808204 66.688082
345.978000 65.579030 343.173760 68.619655
348.398300 67.414160 345.557605 70.545597
350.805400 69.219100 347.917309 72.452204
353.248600 71.021730 350.295903 74.354290
355.684300 72.821150 352.674328 76.258472
358.119600 74.621300 355.045523 78.157924
360.552900 76.417330 357.404513 80.047274
363.066000 78.271610 359.776555 81.941730
365.483500 80.053890 362.147837 83.814189
367.864700 81.824570 364.477263 85.665378
370.176800 83.573860 366.741445 87.499682
372.394800 85.275340 368.913471 89.287940
374.491500 86.925630 370.960830 91.010952
376.464100 88.470800 372.890215 92.630295
378.351300 89.904650 374.732039 94.135409
380.159600 91.269180 376.500363 95.567373
381.957000 92.576070 378.209455 96.915375
383.678100 93.760360 379.902268 98.181187
385.486300 94.913560 381.684201 99.414864
387.360000 96.015880 383.538140 100.587998
389.291500 97.068890 385.460457 101.713170
391.316700 98.151370 387.477779 102.867425
393.388400 99.239810 389.519049 104.017884
395.587200 100.325400 391.639148 105.145522
397.730400 101.320000 393.772607 106.224401
399.840900 102.272400 395.868023 107.250801
401.923100 103.129100 397.936087 108.174296
403.947100 103.887300 399.956841 109.000738
405.943800 104.572200 401.943124 109.754664
407.980900 105.087600 403.990546 110.350606
410.171800 105.477200 406.115733 110.813365
412.387900 105.780100 408.334033 111.204764
414.642600 106.046500 410.591900 111.559478
416.906300 106.284400 412.856098 111.884387
419.162900 106.492200 415.117457 112.169661
421.483500 106.711900 417.443592 112.471000
423.720100 106.930900 419.671904 112.775915
425.954300 107.174600 421.881001 113.102615
428.139400 107.410000 423.990587 113.406283
430.175900 107.659600 426.016650 113.713850
432.134800 107.894700 427.976955 114.010857
434.030100 107.993900 429.887043 114.162323
435.752800 107.994600 431.654397 114.199634
437.285800 107.916900 433.226788 114.157368
438.565100 107.756700 434.547278 114.021791
439.683200 107.590200 435.659968 113.891788
440.620300 107.393000 436.605240 113.724776
441.406400 107.274000 437.400974 113.628525
441.997500 107.164100 437.998052 113.525409
442.451600 107.095900 438.453473 113.450685
442.907400 107.024000 438.911199 113.367664
443.346600 106.999400 439.350650 113.330626
443.832600 106.974400 439.838803 113.292698
444.465300 106.975100 440.473895 113.289128
445.222200 106.932000 441.208498 113.242761
446.029100 106.940100 442.014684 113.248434
446.917000 107.020900 442.897261 113.327303
447.901000 107.197000 443.869542 113.510095
448.993500 107.432800 444.946958 113.758034
450.190600 107.806900 446.128005 114.138721
451.485600 108.383800 447.431182 114.642667
452.915300 109.063100 448.856563 115.282092
454.481500 109.772400 450.396298 116.053503
456.189600 110.666800 452.006498 116.990321
457.994400 111.642400 453.720887 118.060928
459.891200 112.727400 455.538086 119.244630
461.888300 113.901400 457.454140 120.516199
463.985200 115.163200 459.472649 121.869115
466.164500 116.494200 461.581822 123.300709
468.412600 117.893500 463.762815 124.804942
470.746800 119.365800 466.027772 126.388462
473.255300 120.932300 468.379109 128.023629
475.768300 122.509500 470.802598 129.713660
478.359200 124.152700 473.294227 131.481320
480.996200 125.849400 475.844325 133.310257
483.671800 127.570700 478.464750 135.163199
486.423300 129.243200 481.182603 136.962879
489.275200 130.788400 484.045018 138.642731
492.325600 132.214000 486.987191 140.155564
495.386800 133.430800 490.050663 141.477427
498.522700 134.395300 493.192369 142.576995
501.739900 135.046000 496.452682 143.391627
505.016100 135.409300 499.765130 143.907812
508.355500 135.539800 503.113748 144.209186
511.726200 135.461300 506.502454 144.296271
515.241300 135.280100 509.902701 144.283553
518.670000 135.078600 513.325954 144.252504
522.179600 134.828100 516.825248 144.179504
525.762000 134.560300 520.396092 144.100919
529.412500 134.276300 524.045495 144.007520
533.134000 133.993900 527.792697 143.917281
536.921100 133.671100 531.614320 143.794528
540.776500 133.312500 535.482099 143.642977
544.757600 132.880600 539.417427 143.449168
548.788600 132.406500 543.431083 143.209802
553.003800 131.876600 547.521034 142.926629
557.143300 131.305400 551.683367 142.599542
561.344800 130.685500 555.892386 142.234253
565.610700 130.032400 560.173813 141.833898
569.938100 129.350700 564.531504 141.414536
574.333100 128.652300 568.936947 140.977735
578.743600 127.942100 573.366814 140.524343
583.184800 127.249300 577.814251 140.077042
587.645800 126.560100 582.274024 139.627523
592.260900 125.858100 586.739485 139.198207
596.725400 125.191100 591.243389 138.786033
601.178600 124.536100 595.703198 138.396990
605.613300 123.850300 600.176990 137.988024
610.037300 123.176200 604.598366 137.610003
614.466700 122.531200 609.047973 137.258717
618.892900 121.890000 613.503243 136.917009
623.304800 121.242800 617.909046 136.563715
627.682800 120.604900 622.278104 136.241992
632.136800 119.988500 626.594335 135.951704
636.367300 119.386900 630.853577 135.651421
640.518500 118.801300 635.023307 135.358547
644.519900 118.233900 639.072343 135.078442
648.284500 117.678500 642.916290 134.801130
651.811300 117.157700 646.489726 134.539437
655.048800 116.695400 649.763260 134.316644
657.957800 116.298000 652.695663 134.142046
660.498900 115.948900 655.252030 133.989625
662.737600 115.607200 657.452057 133.830497
664.566900 115.163200 659.361254 133.533206
666.217000 114.538200 661.088270 133.008107
667.675200 113.706300 662.627403 132.254408
668.884100 112.625100 663.913235 131.281201
669.748100 111.396500 664.903327 130.085507
670.371700 110.020400 665.642182 128.718168
670.715900 108.517400 666.097147 127.239544
670.800300 106.897800 666.270751 125.602013
670.547000 105.166800 666.106298 123.886699
669.918100 103.470900 665.586260 122.143819
668.941700 101.778900 664.747145 120.395759
667.708800 100.097900 663.625462 118.649526
666.278700 98.403650 662.321743 116.854567
664.689000 96.706740 660.854983 115.051637
662.951700 95.050940 659.228674 113.276427
661.051800 93.502910 657.451847 111.599938
658.992400 92.100290 655.495200 110.067395
656.810500 90.793690 653.423268 108.630573
654.535200 89.447090 651.273179 107.151726
652.146200 88.022450 649.069428 105.614870
649.760400 86.587100 646.790204 104.002055
647.344800 85.079680 644.471988 102.302786
644.832200 83.525160 642.055524 100.536440
642.253600 81.931000 639.595035 98.728527
639.690500 80.312200 637.175245 96.909211
637.167400 78.652320 634.796678 95.061987
634.694000 76.994220 632.449997 93.210753
632.287100 75.361440 630.163072 91.400238
629.848000 73.699140 627.936218 89.639900
627.568300 72.130020 625.787634 87.913644
625.373600 70.582440 623.725659 86.222070
623.314700 69.095210 621.799081 84.608551
621.414100 67.694320 620.012827 83.098853
619.679400 66.426570 618.394765 81.732534
618.166900 65.281420 616.978999 80.506677
616.880900 64.320490 615.774787 79.471366
615.805400 63.503330 614.806373 78.609726
614.965300 62.908280 614.008086 77.937923
614.325500 62.440300 613.390546 77.395497
613.808100 62.049750 612.894144 76.962212
613.311700 61.675870 612.413577 76.548393
612.830700 61.305510 611.945582 76.130382
612.349800 60.940860 611.477088 75.723821
611.903400 60.604030 611.034641 75.336082
611.480300 60.284800 610.623436 74.975662
611.103200 59.989940 610.285314 74.668822
610.761200 59.737380 609.961106 74.392908
610.430600 59.463960 609.651276 74.100597
610.125000 59.217400 609.362211 73.839527
609.809400 58.965130 609.064249 73.570913
609.427400 58.666550 608.702927 73.248413
608.887500 58.230040 608.195418 72.772425
608.147500 57.632000 607.509750 72.124901
607.236600 56.857900 606.684130 71.297276
606.190500 55.921690 605.739450 70.282946
604.973300 54.782930 604.679064 69.100137
603.709100 53.510430 603.546302 67.738502
602.350500 52.105810 602.324995 66.233296
600.871800 50.581940 600.985733 64.606560
599.318500 48.929960 599.577658 62.844481
597.650100 47.152260 598.051464 60.947954
595.901700 45.254520 596.445184 58.923541
594.084300 43.250820 594.784089 56.789043
592.203400 41.121460 593.122003 54.585611
590.398700 39.060810 591.487824 52.357821
588.578300 37.007250 589.849117 50.142839
586.724900 34.934500 588.175084 47.926846
584.840100 32.858680 586.462100 45.699550
582.921800 30.775650 584.713047 43.462255
580.975900 28.688250 582.940332 41.220724
579.008400 26.572880 581.150386 38.952028
576.960100 24.364750 579.353877 36.658682
574.990100 22.220810 577.565609 34.352453
573.044000 20.058480 575.782926 32.014646
571.125000 17.915440 574.043767 29.705337
569.248600 15.792610 572.355233 27.420105
567.405100 13.672560 570.697786 25.137515
565.606000 11.590450 569.078726 22.901320
563.792000 9.571343 567.439847 20.727936
562.035600 7.618653 565.839420 18.606318
560.330900 5.717215 564.342316 16.618315
558.770800 4.023775 562.926258 14.790521
557.375900 2.528645 561.649395 13.168591
556.158400 1.201776 560.535691 11.725172
555.083500 0.020579 559.542106 10.442095
554.092900 -1.077998 558.624647 9.249445
553.160100 -2.102953 557.772665 8.137314
552.272400 -3.045505 556.958314 7.117694
551.454400 -3.923815 556.212246 6.168871
550.703000 -4.735798 555.534819 5.304402
550.046400 -5.434982 554.916465 4.530546
549.465900 -6.084458 554.386155 3.818961
548.987500 -6.645761 553.950523 3.212500
548.579700 -7.106833 553.584842 2.721113
548.256300 -7.494883 553.287147 2.307505
547.986800 -7.817248 553.036033 1.969804
547.768200 -8.084072 552.830270 1.690736
547.592500 -8.307371 552.665789 1.451834
547.434100 -8.487311 552.523553 1.259054
547.308500 -8.627009 552.409367 1.101197
547.209500 -8.744162 552.314868 0.971781
547.135000 -8.832791 552.240305 0.869467
547.090300 -8.894651 552.193313 0.802466
547.066800 -8.931374 552.165371 0.762421
547.037900 -8.964393 552.139941 0.728459
546.975600 -9.018060 552.102847 0.675889
546.904600 -9.090244 552.049546 0.601998
546.819300 -9.193559 551.977269 0.501448
546.713800 -9.325813 551.880570 0.366486
546.573900 -9.489052 551.754919 0.197305
546.408200 -9.684458 551.602539 -0.010910
546.219800 -9.912434 551.430833 -0.253097
546.011600 -10.157390 551.238672 -0.513902
545.782200 -10.412970 551.027065 -0.791109
545.568800 -10.660580 550.829187 -1.061130
545.387200 -10.882140 550.658970 -1.294685
545.238200 -11.068190 550.525127 -1.481204
