11
21
24
15
16
15
17
15
18
16
21
19
18
23
27
16
15
18
18
16
15
15
16
16
14
61
20
15
15
17
17
17
13
13
14
20
14
14
16
14
15
19
17
15
15
18
20
42
34
40
105
85
79
73
49
22
19
17
17
21
18
16
18
21
18
15
17
17
17
18
16
20
17
17
16
20
28
35
25
55
48
65
108
89
112
105
48
22
19
17
21
17
16
18
18
17
19
22
17
20
18
16
14
16
16
16
14
20
21
31
39
47
73
75
66
88
114
36
21
15
17
13
15
16
16
15
16
17
16
15
14
17
14
15
17
16
17
23
16
14
13
16
16
14
26
16
18
17
45
32
23
19
23
20
16
21
18
19
17
16
18
17
17
17
20
15
20
16
15
15
15
13
16
14
14
13
13
13
13
17
25
14
15
15
13
13
16
14
13
15
15
18
18
17
17
16
16
17
16
17
22
16
15
17
15
17
17
16
43
17
27
24
22
16
16
17
18
19
15
15
14
21
14
13
12
13
16
15
14
13
13
15
13
15
16
16
13
14
13
13
15
15
14
17
13
15
13
12
12
13
13
13
12
15
15
13
15
14
16
15
24
17
17
14
17
15
15
14
14
15
14
15
16
16
15
50
37
31
25
30
18
25
19
16
15
14
18
19
19
19
20
19
14
15
13
15
15
14
15
15
25
21
21
18
15
14
16
15
13
15
13
13
14
15
14
16
15
15
14
16
17
13
15
14
37
23
20
17
15
16
14
14
14
14
14
16
15
29
25
173
16
16
17
14
84
64
67
70
64
39
18
16
15
13
13
14
14
14
14
14
13
16
12
13
15
13
22
19
17
49
14
16
16
182
25
16
19
19
14
14
13
13
13
14
13
15
16
14
14
14
12
13
12
12
12
13
12
10
11
10
11
15
9
13
18
11
10
10
96
19
13
13
13
15
24
26
24
23
28
19
18
20
64
17
34
48
63
37
18
13
20
14
13
14
13
13
14
15
16
20
16
12
13
14
14
13
13
22
39
43
64
74
76
80
83
70
25
17
14
17
47
19
17
18
24
19
14
17
17
16
14
17
16
21
16
16
22
19
19
19
20
62
23
18
20
34
45
99
81
86
24
32
16
13
13
13
12
13
17
13
12
14
13
14
13
18
13
13
12
13
14
20
21
15
18
18
19
32
26
25
20
25
19
20
23
21
26
31
16
14
14
14
14
14
13
12
17
13
19
20
13
13
12
14
13
19
15
12
13
12
22
20
33
72
102
75
78
66
65
60
23
16
14
18
17
15
15
17
13
14
13
13
15
12
14
15
15
15
23
14
15
22
20
30
32
38
26
20
37
201
91
82
58
37
17
14
13
16
14
17
24
13
14
17
14
14
13
13
15
15
19
17
15
19
17
15
15
15
18
18
14
16
13
18
15
15
13
14
17
18
16
19
21
16
17
31
35
73
93
71
102
101
113
57
30
28
18
17
19
17
17
15
19
22
18
18
18
15
15
14
16
15
55
28
25
20
18
21
16
15
24
16
17
21
17
16
21
21
19
19
66
55
26
20
19
16
15
16
18
20
16
19
22
17
14
17
16
18
18
15
17
17
16
15
15
16
13
17
14
15
15
14
23
14
15
14
14
14
17
18
12
19
15
14
14
14
17
17
16
17
18
17
16
24
21
19
16
14
14
40
18
19
15
24
19
17
21
17
16
31
25
23
22
19
19
18
16
16
15
16
15
15
21
15
15
19
15
16
16
15
16
15
15
16
14
18
18
17
19
16
17
17
17
16
17
15
17
23
17
23
26
32
67
124
68
96
61
25
22
15
14
