0
10
10
14
13
12
10
6
7
16
21
11
14
13
9
18
14
13
13
12
11
5
16
8
5
7
6
6
6
7
6
6
13
8
7
8
10
8
11
6
8
7
8
10
5
12
11
11
12
13
8
13
6
8
7
14
12
8
5
23
10
9
9
12
8
8
10
7
9
11
18
7
15
11
12
8
13
6
8
10
9
6
7
11
5
13
23
19
7
9
10
7
8
7
10
26
18
11
5
9
6
9
13
9
10
15
17
16
12
8
9
7
10
5
11
9
8
7
10
9
14
10
10
12
9
18
6
8
10
8
12
8
9
9
8
10
11
7
8
9
11
8
8
14
9
7
9
11
5
11
7
6
6
7
7
7
7
11
9
8
7
6
8
6
11
9
10
8
13
9
10
10
17
5
8
8
11
7
6
10
13
9
7
10
10
8
12
5
7
23
9
6
7
8
6
10
5
15
11
19
33
12
8
5
13
10
8
11
9
9
8
8
5
7
6
7
5
13
10
10
11
9
10
24
31
16
15
10
13
12
7
23
13
9
8
12
7
24
11
17
20
10
14
13
34
19
19
9
14
6
20
26
7
24
8
23
15
14
14
7
13
10
13
6
7
16
18
9
15
9
24
18
10
14
20
14
18
11
11
19
12
12
19
16
18
15
18
16
16
24
15
25
14
20
14
18
29
32
26
27
17
30
19
32
24
13
27
12
22
15
25
13
16
14
10
14
30
21
18
16
15
13
16
13
12
24
11
26
13
11
8
14
12
13
10
9
9
6
8
14
8
7
7
8
10
14
12
10
10
9
8
9
10
18
9
8
12
13
12
7
10
8
8
8
15
8
7
8
13
15
10
10
8
6
9
15
6
10
7
10
7
10
9
12
9
14
10
12
16
9
7
8
8
7
8
8
8
7
7
8
7
11
11
7
13
8
9
11
11
13
7
10
7
12
11
9
11
8
8
8
8
8
8
10
6
8
10
9
11
8
10
7
8
8
9
10
9
8
6
9
7
8
7
9
7
10
12
9
13
8
14
22
15
13
9
15
12
12
12
21
7
12
23
12
13
14
12
13
13
13
9
19
10
8
13
7
10
8
7
9
8
9
6
13
12
11
8
6
8
7
8
11
9
10
10
8
14
12
12
7
7
8
10
9
8
10
8
9
9
7
11
11
11
9
9
13
9
7
10
12
10
7
7
9
7
10
6
10
10
8
9
10
10
8
8
9
10
10
11
8
10
10
9
9
11
10
14
10
9
10
6
15
5
8
7
8
9
14
14
9
8
9
12
7
12
7
9
9
10
7
7
8
7
8
9
7
7
7
8
6
6
6
16
14
13
7
8
12
10
8
9
6
8
7
5
8
9
11
9
10
9
8
10
7
8
7
13
9
9
7
5
11
10
8
13
7
6
8
11
5
7
8
8
7
11
9
10
8
9
6
10
15
13
10
11
9
14
10
10
9
11
13
10
14
8
8
7
8
8
10
9
8
10
10
8
9
15
8
9
8
7
6
8
10
9
11
8
9
7
12
9
45
10
10
7
8
11
13
8
14
17
15
12
10
22
41
11
24
37
9
16
22
29
74
96
100
48
69
79
29
23
44
95
26
14
21
14
15
12
27
14
11
17
19
23
18
23
22
17
8
12
8
7
16
15
27
20
7
6
14
5
11
6
8
6
9
10
8
6
6
10
9
7
8
10
10
9
13
15
8
14
9
11
25
13
13
22
18
17
16
16
18
10
11
17
44
21
30
18
15
17
8
10
11
13
14
8
14
11
7
10
9
11
12
9
7
22
11
7
17
11
14
31
18
31
24
10
8
15
9
8
7
11
9
8
10
10
10
15
8
10
12
8
11
12
8
8
9
8
10
7
9
13
8
6
15
9
18
17
11
11
14
81
14
43
18
17
9
14
12
11
13
10
8
9
10
12
15
13
7
22
7
5
9
13
8
8
5
5
8
10
8
11
6
7
7
11
10
9
9
9
7
9
8
9
14
13
5
8
24
18
20
11
8
6
15
6
11
13
5
7
9
9
9
5
7
9
7
10
8
6
12
9
13
8
12
4
9
15
8
12
20
10
12
78
30
16
7
9
9
14
11
14
16
11
11
12
7
12
12
14
14
13
5
8
6
16
17
9
11
6
8
10
10
12
9
12
5
8
6
12
18
8
8
10
10
8
11
10
12
9
12
6
9
11
10
9
7
7
6
7
12
7
6
11
5
8
10
11
7
8
6
7
8
7
10
5
7
7
6
8
6
10
19
10
6
8
15
8
9
10
10
7
9
11
9
10
10
11
9
11
11
16
13
13
12
8
7
17
10
12
16
16
12
10
16
9
8
6
6
8
8
7
6
4
5
5
8
9
24
45
23
8
11
8
10
13
13
8
22
25
18
13
12
11
8
30
9
14
15
5
65
14
21
13
9
9
19
8
33
11
12
11
15
18
9
114
13
10
11
7
7
13
8
8
8
10
14
12
9
11
28
9
8
12
15
18
8
10
12
9
