0
8
8
12
11
12
6
11
8
9
15
12
14
12
11
12
10
11
11
12
12
12
10
11
10
9
10
8
8
9
11
8
13
9
9
8
10
11
10
9
8
9
10
6
10
9
11
8
10
7
7
7
7
8
7
7
6
6
6
11
7
7
11
9
7
8
6
7
7
7
7
8
11
6
13
9
8
16
13
10
14
10
12
10
9
13
10
13
10
9
6
12
11
13
7
13
9
11
8
8
8
7
8
9
10
35
7
8
7
11
10
15
8
12
20
9
11
16
14
14
9
8
9
11
12
8
8
7
10
10
9
10
11
9
11
10
9
8
8
9
10
10
14
11
8
5
7
8
9
9
8
9
8
10
8
11
9
10
14
14
11
12
12
15
8
10
16
9
19
13
13
18
10
10
10
14
15
11
9
11
68
14
12
15
15
14
18
17
14
16
15
11
13
12
11
10
13
11
7
9
15
11
11
8
6
11
11
11
20
10
11
8
8
11
6
8
8
10
12
8
10
12
10
10
10
13
11
9
9
9
9
10
19
9
11
11
8
12
18
19
30
20
12
12
8
8
10
11
13
8
9
9
8
14
13
7
14
15
16
8
21
9
12
20
10
12
13
14
12
8
9
7
10
15
12
12
13
11
11
15
11
17
18
14
15
8
10
13
10
9
12
12
14
17
12
9
14
14
12
13
12
15
12
10
9
12
9
14
12
10
11
6
11
11
13
11
16
10
23
15
10
16
13
11
11
17
10
7
7
12
23
15
11
12
10
18
14
12
7
9
11
8
8
7
14
14
13
7
10
9
9
11
10
9
17
7
7
11
8
9
14
23
14
21
12
11
11
7
13
10
7
9
11
10
6
10
9
10
14
10
16
11
15
11
11
19
24
16
9
10
11
12
12
11
11
11
16
12
11
18
10
10
8
9
21
11
11
12
14
7
10
16
15
16
14
9
9
9
14
11
8
9
15
11
7
10
9
10
7
8
11
10
9
7
7
7
7
8
16
6
10
11
10
8
11
15
23
9
7
6
9
9
11
10
10
9
11
14
16
18
12
15
20
18
21
19
16
10
8
8
9
15
12
7
11
14
9
9
14
11
10
11
11
8
10
9
8
16
15
7
33
8
9
11
10
11
7
11
54
34
16
18
12
10
11
19
7
7
7
6
8
8
5
7
9
8
7
5
8
8
12
6
5
5
6
5
6
8
9
12
7
7
11
14
12
8
9
7
9
6
10
9
8
8
9
11
10
9
12
9
14
44
8
9
10
10
17
9
33
31
11
10
14
13
13
12
13
11
9
13
9
10
7
9
7
7
8
10
6
9
12
17
11
12
8
7
7
10
7
9
7
11
5
10
13
6
12
12
7
8
6
11
7
9
9
11
13
8
8
13
7
7
7
10
10
10
11
11
10
11
9
13
9
6
10
9
11
9
12
10
12
8
9
8
9
11
11
10
10
7
10
10
9
14
17
9
14
9
14
18
16
17
10
13
12
9
9
15
15
10
12
10
14
11
21
16
11
11
11
10
9
8
10
8
11
11
14
20
16
10
23
24
13
20
12
21
20
11
12
15
10
35
11
13
7
16
10
8
14
13
30
20
16
13
23
15
22
34
13
16
12
11
27
19
16
16
17
15
50
13
21
18
21
60
40
16
17
11
10
13
11
10
9
12
9
11
13
16
10
11
10
7
9
7
9
9
10
10
9
6
9
7
7
9
9
10
10
11
9
10
9
13
12
11
12
5
9
24
17
23
20
26
17
26
32
26
28
19
13
14
13
12
12
8
6
10
22
7
10
13
9
15
15
18
8
9
18
13
21
7
20
12
19
9
18
14
13
10
14
9
9
11
9
11
10
10
13
16
13
13
20
10
18
20
18
16
11
10
9
9
13
11
10
9
10
9
11
7
9
14
8
12
12
6
6
7
7
10
10
11
12
13
11
8
10
11
13
14
17
19
20
21
29
24
15
24
120
32
13
16
12
11
20
13
13
14
14
12
19
11
11
11
9
7
9
8
7
7
6
7
6
5
8
6
6
6
7
7
6
8
9
5
6
7
7
8
14
9
11
12
8
7
8
10
6
5
4
5
5
8
6
8
7
6
4
5
5
5
5
8
13
9
5
7
11
7
7
7
12
8
9
9
8
9
11
7
11
7
7
8
6
6
6
7
7
8
8
7
10
8
11
10
14
8
10
8
9
7
9
11
8
14
11
5
10
9
14
10
12
11
7
8
9
9
8
10
7
7
8
7
11
6
8
6
7
6
5
6
6
7
6
15
11
7
10
8
6
8
10
9
5
8
8
15
9
10
7
5
5
7
9
5
6
7
10
8
7
5
7
8
8
5
6
6
6
7
26
7
21
10
15
10
22
10
14
10
11
13
9
10
8
12
9
9
10
12
11
7
6
9
7
9
8
7
8
6
6
9
9
12
11
8
8
8
11
7
7
11
10
12
17
8
8
16
10
10
8
23
17
9
8
8
12
7
7
5
7
8
11
9
6
7
9
7
7
7
9
7
9
10
7
12
8
12
8
10
9
7
9
8
8
9
6
6
7
7
8
7
6
8
5
6
6
6
4
9
6
9
7
7
7
7
7
6
8
9
8
8
9
6
8
8
7
6
10
12
7
13
16
10
5
6
13
9
9
9
12
8
10
6
11
9
10
8
7
8
7
7
7
6
7
7
11
9
7
8
7
6
7
6
7
9
9
10
8
5
7
9
10
10
11
