-0  0 -0
 -0.0053061 -0.00261157    0.962431
-0.00340056 -0.00176022      1.9224
-0.00192903   -0.002341     2.88045
-9.14278e-05   -0.0041162      3.83711
 0.00222273 -0.00130294     4.78044
0.00224638 0.00137595    5.72089
-0.00181261  0.00266976     6.65329
-0.00829745  0.00255537     7.58644
-0.0155276 0.00217091     8.5159
-0.0229658 0.00173541    9.44605
-0.0313918 0.00333778    10.3688
-0.0381984 0.00709634    11.2898
-0.0476006  0.0102283    12.2058
-0.0593912  0.0126108    13.1208
-0.0711317   0.015776    14.0284
-0.0833212  0.0177672    14.9337
-0.0985435  0.0174302    15.8354
-0.117287 0.0152852   16.7365
-0.137975   0.01386   17.6333
-0.157772 0.0131345   18.5269
-0.179235 0.0119401   19.4143
-0.202608 0.0113581   20.2981
-0.224859 0.0116735   21.1767
-0.248167 0.0122525   22.0477
 -0.27327 0.0129836   22.9124
-0.299299 0.0150007   23.7725
-0.324636 0.0172052   24.6228
-0.351833 0.0191143   25.4639
-0.380465 0.0217823   26.2933
-0.410449 0.0250483   27.1071
-0.438563 0.0282536   27.9117
-0.468303 0.0295832   28.7068
-0.497619 0.0280081    29.493
-0.528709 0.0264388   30.2699
-0.559722 0.0274983   31.0397
-0.592208 0.0312718    31.804
-0.624433 0.0324978   32.5565
-0.659475 0.0339091      33.3
-0.696854   0.03619    34.031
-0.736726 0.0387783   34.7491
-0.777277 0.0421959   35.4595
-0.816919 0.0463545   36.1618
-0.857332 0.0504531   36.8535
-0.89968 0.052454  37.5356
-0.941361 0.0530898   38.2022
-0.978429 0.0563564   38.8543
 -1.01088 0.0612993   39.4991
  -1.0419 0.0646068   40.1426
-1.07529 0.064047  40.7763
 -1.10565 0.0637833   41.4017
 -1.13242 0.0663882   42.0079
 -1.15404 0.0712996    42.595
 -1.17141 0.0765132   43.1677
 -1.18631 0.0793398   43.7215
 -1.19522 0.0808387   44.2546
 -1.19904 0.0824408   44.7689
  -1.1996 0.0857789   45.2604
 -1.19794 0.0888916   45.7279
-1.18924 0.091016  46.1721
 -1.17548 0.0922651   46.5962
 -1.15533 0.0928332   46.9982
 -1.13673 0.0938415   47.3764
 -1.11877 0.0953397   47.7307
 -1.10049 0.0951243   48.0598
 -1.08002 0.0939624   48.3643
  -1.0513 0.0927916   48.6467
 -1.01735 0.0913249   48.9183
-0.981152 0.0910252   49.1836
-0.941495 0.0901676   49.4451
-0.901165 0.0888196   49.7069
-0.855255 0.0876374   49.9665
-0.803366 0.0872919   50.2249
-0.744176 0.0863047   50.4784
-0.679247 0.0854503     50.73
-0.610117 0.0843067   50.9788
-0.536296  0.082779   51.2265
-0.453706 0.0802513   51.4745
-0.362824 0.0756672   51.7204
-0.265708 0.0696875    51.966
-0.160242 0.0624595   52.2085
-0.042608 0.0537766   52.4472
0.0904322 0.0450459   52.6794
 0.235909 0.0372631   52.9067
 0.390712 0.0296613   53.1302
 0.556323 0.0220777   53.3547
 0.736363 0.0133337   53.5789
  0.933465 0.00353994    53.8074
    1.14593 -0.00933706     54.0395
    1.3769 -0.0245258    54.2742
  1.63412 -0.040407   54.5053
   1.91728 -0.0595177    54.7314
   2.22405 -0.0783166    54.9534
   2.55445 -0.0963291    55.1703
  2.90948 -0.115929   55.3776
  3.29302 -0.138643   55.5753
  3.70053 -0.161329   55.7629
  4.13255 -0.183587    55.937
  4.58074 -0.204004   56.0956
  5.04477 -0.224618   56.2293
  5.53377 -0.253766   56.3295
   6.0412 -0.283112   56.4051
  6.56191 -0.309019   56.4701
  7.09314 -0.331953   56.5298
 7.63947 -0.36388  56.5678
  8.1988 -0.39993  56.5944
  8.77134 -0.431862   56.6119
  9.35598 -0.458298   56.6211
  9.94742 -0.487087    56.626
  10.5485 -0.521012   56.6275
  11.1586 -0.556413   56.6251
  11.7807 -0.588924   56.6111
  12.4123 -0.621709   56.5934
  13.0558 -0.656357   56.5798
  13.7161 -0.691208   56.5692
  14.3925 -0.726743    56.556
  15.0771 -0.760843   56.5363
 15.7685 -0.79505  56.5127
  16.4628 -0.830093   56.4885
  17.1614 -0.862294   56.4701
  17.8737 -0.894638   56.4531
  18.5963 -0.929045   56.4384
  19.3323 -0.969643   56.4267
 20.0749 -1.01453  56.4161
 20.8107 -1.05728  56.4107
 21.5399 -1.09776  56.3935
 22.2743 -1.13761  56.3844
 23.0066 -1.17817  56.3924
 23.7508 -1.22173  56.4029
24.4901 -1.2711 56.4005
 25.2276 -1.31635  56.3985
 25.9648 -1.35907  56.4068
 26.6986 -1.40064  56.4233
 27.4496 -1.44714    56.44
28.1958  -1.495  56.451
  28.938 -1.54218  56.4613
 29.6835 -1.58705  56.4779
 30.4308 -1.63146  56.5012
 31.1821 -1.67678  56.5254
 31.9337 -1.72483  56.5487
 32.6809 -1.76812  56.5817
 33.4307 -1.81291  56.6192
 34.1854 -1.85874  56.6535
 34.9411 -1.90466  56.6936
  35.699 -1.95012  56.7386
   36.46 -1.99865  56.7863
 37.2231 -2.04641  56.8335
 37.9848 -2.09552   56.883
 38.7512 -2.14734  56.9335
 39.5232 -2.19719  56.9957
  40.298 -2.24952  57.0595
 41.0745 -2.30549  57.1174
41.8588 -2.3629 57.1804
 42.6462 -2.41652  57.2541
 43.4443 -2.47123  57.3278
  44.241 -2.53259   57.401
 45.0353 -2.59162  57.4863
 45.8278 -2.65221  57.5755
 46.6249 -2.71518  57.6677
 47.4231 -2.78314  57.7726
48.2334 -2.8551 57.8841
 49.0414 -2.92578  57.9962
   49.85 -2.99308  58.1155
 50.6639 -3.05747  58.2449
 51.4799 -3.11902  58.3821
 52.2866 -3.18331  58.5212
 53.0845 -3.24291  58.6634
  53.871 -3.30083  58.8086
 54.6493 -3.36112  58.9576
 55.4232 -3.42746  59.1116
 56.1955 -3.49361  59.2698
 56.9592 -3.55697  59.4211
 57.7176 -3.61627  59.5781
 58.4656 -3.67707  59.7413
 59.2047 -3.73321  59.9084
 59.9306 -3.78605  60.0704
 60.6445 -3.83639  60.2322
 61.3424 -3.88898  60.3966
 62.0332 -3.94333  60.5573
 62.7144 -3.99701  60.7157
63.3911 -4.0509 60.8713
 64.0586 -4.10644  61.0313
 64.7223 -4.16359  61.1863
 65.3779 -4.21976  61.3402
 66.0229 -4.27136   61.489
 66.6577 -4.32323  61.6366
 67.2777 -4.37461  61.7811
  67.885 -4.42658  61.9215
 68.4845 -4.47819  62.0553
 69.0817 -4.52644   62.184
 69.6733 -4.57219  62.3148
 70.2572 -4.62071  62.4433
  70.834 -4.67242  62.5682
  71.399 -4.72233  62.6835
 71.9521 -4.76562  62.7933
 72.4972 -4.80686  62.9005
   73.04 -4.84955  63.0108
 73.5829 -4.89444  63.1235
   74.13 -4.94126  63.2339
 74.6811 -4.98418  63.3371
  75.236 -5.02458   63.442
 75.7864 -5.06755  63.5535
 76.3407 -5.11443  63.6775
 76.8952 -5.15976  63.8029
 77.4584 -5.20218  63.9311
 78.0222 -5.24325  64.0673
  78.591 -5.28686  64.2114
 79.1652 -5.33495  64.3654
 79.7439 -5.37975   64.526
 80.3255 -5.42365  64.6986
80.9174 -5.4678 64.8794
 81.5149 -5.51594  65.0684
 82.1251 -5.56695  65.2651
 82.7432 -5.61805  65.4742
 83.3688 -5.66948  65.6918
 84.0061 -5.71873  65.9242
 84.6569 -5.77104  66.1632
 85.3168 -5.82301  66.4066
 85.9816 -5.87573  66.6638
 86.6568 -5.92333  66.9369
  87.345 -5.96769  67.2149
 88.0446 -6.00938  67.4996
88.7581 -6.0531 67.7927
 89.4725 -6.09865  68.0973
 90.1792 -6.14784  68.4098
 90.8852 -6.19282  68.7275
 91.5867 -6.23842  69.0466
 92.2873 -6.29215  69.3788
 92.976 -6.3509 69.7211
  93.656 -6.41197   70.065
 94.3306 -6.47215  70.3992
 94.9958 -6.53304  70.7344
 95.6519 -6.59494  71.0713
 96.3057 -6.65704  71.4068
 96.9518 -6.71799  71.7369
97.5902 -6.7779 72.0706
 98.2129 -6.83717  72.4004
 98.8264 -6.89265  72.7286
 99.4321 -6.94544  73.0509
  100.03 -6.99781  73.3685
 100.621 -7.05023  73.6826
101.199 -7.1031 73.9972
 101.772 -7.15353  74.3069
 102.331 -7.20184  74.6119
 102.886 -7.25284  74.9119
103.432 -7.3054 75.2121
103.968 -7.3553  75.508
 104.497 -7.40457  75.8049
 105.014 -7.45314  76.0991
 105.524 -7.50297  76.3919
 106.032 -7.55025  76.6855
 106.531 -7.59782    76.98
 107.027 -7.64695  77.2733
 107.514 -7.69726  77.5703
 107.995 -7.74816  77.8734
 108.472 -7.79923  78.1813
 108.947 -7.85162  78.4934
 109.425 -7.90402  78.8116
 109.912 -7.95743  79.1392
   110.4 -8.01247  79.4765
 110.893 -8.06762  79.8233
  111.39 -8.12366  80.1785
 111.895 -8.17589  80.5381
 112.399 -8.22465  80.9053
 112.908 -8.27423  81.2837
113.426 -8.3249 81.6713
 113.954 -8.37623  82.0718
 114.49 -8.4289 82.4872
  115.03 -8.48454   82.919
 115.585 -8.54145  83.3605
 116.147 -8.59715  83.8118
 116.712 -8.65357  84.2765
 117.275 -8.70966  84.7578
 117.848 -8.76374  85.2517
 118.426 -8.81842  85.7576
 119.015 -8.87734  86.2787
 119.612 -8.93752  86.8082
 120.218 -8.99697  87.3456
 120.834 -9.05794  87.8931
121.463   -9.12  88.451
 122.097 -9.18023  89.0198
 122.732 -9.24076  89.5959
 123.361 -9.30117  90.1822
 123.991 -9.36087  90.7789
 124.615 -9.41856   91.381
 125.242 -9.47621  91.9957
 125.882 -9.53535  92.6167
 126.526 -9.59128   93.251
 127.173 -9.64407  93.8892
 127.818 -9.69408   94.527
 128.463 -9.74198   95.162
 129.105 -9.79128  95.7929
129.737 -9.8445 96.4306
 130.369 -9.90012  97.0841
 131.004 -9.95941  97.7534
 131.641 -10.0227  98.4311
  132.27 -10.0826  99.1098
 132.893 -10.1417  99.7967
 133.511 -10.2021  100.491
 134.131 -10.2678  101.189
 134.757 -10.3335   101.89
 135.383 -10.3957  102.594
 136.005 -10.4549  103.298
 136.624 -10.5134  104.006
 137.245 -10.5703  104.719
 137.862 -10.6273  105.428
 138.479 -10.6848   106.14
 139.101 -10.7444  106.852
  139.72 -10.8037  107.559
 140.341 -10.8638  108.262
 140.97 -10.923 108.964
   141.6 -10.9807  109.663
 142.236 -11.0388  110.354
 142.863 -11.0998  111.035
 143.481 -11.1593  111.713
 144.104 -11.2204  112.384
 144.731 -11.2849  113.049
 145.359 -11.3535  113.715
 145.986 -11.4136  114.371
 146.615 -11.4719  115.019
 147.255 -11.5304  115.666
 147.893 -11.5895  116.301
 148.533 -11.6491  116.932
 149.174 -11.7088  117.558
 149.818 -11.7702  118.186
 150.463 -11.8331  118.811
 151.117 -11.8948  119.434
 151.777 -11.9575  120.058
 152.434 -12.0237  120.675
 153.102 -12.0893   121.29
 153.783 -12.1564  121.901
 154.482 -12.2239  122.516
 155.185 -12.2905  123.134
 155.894 -12.3523  123.737
156.613 -12.404 124.342
157.341 -12.456 124.938
  158.08 -12.5156   125.52
158.814 -12.576 126.095
 159.561 -12.6397  126.666
 160.315 -12.7111  127.232
 161.084 -12.7829  127.795
 161.839 -12.8502  128.346
162.586 -12.915 128.887
 163.331 -12.9794  129.409
 164.084 -13.0448  129.926
 164.828 -13.1091  130.437
 165.566 -13.1687  130.942
 166.301 -13.2254  131.439
 167.023 -13.2861  131.919
 167.742 -13.3453  132.395
 168.455 -13.4057  132.868
 169.172 -13.4667  133.337
 169.889 -13.5278  133.796
   170.6 -13.5841  134.245
171.303 -13.636 134.685
 171.996 -13.6874  135.122
 172.676 -13.7452  135.554
 173.345 -13.8054  135.977
 174.019 -13.8614  136.391
174.692 -13.916 136.808
 175.357 -13.9751   137.23
  176.01 -14.0311  137.645
 176.655 -14.0786  138.043
 177.295 -14.1207  138.426
 177.929 -14.1633  138.804
 178.558 -14.2086  139.181
 179.18 -14.256 139.553
 179.796 -14.3011  139.916
 180.409 -14.3455  140.272
 181.011 -14.3895  140.618
 181.608 -14.4345  140.959
 182.201 -14.4798  141.293
 182.786 -14.5252  141.619
 183.374 -14.5726  141.938
 183.966 -14.6206  142.254
 184.561 -14.6687   142.57
 185.161 -14.7171   142.89
185.767 -14.767 143.206
 186.383 -14.8186  143.515
 187.004 -14.8694  143.822
187.629 -14.921 144.131
 188.263 -14.9748  144.438
 188.905 -15.0321  144.739
 189.561 -15.0922   145.04
 190.224 -15.1541  145.339
 190.902 -15.2151  145.631
 191.593 -15.2771  145.923
 192.293 -15.3404  146.214
193.008 -15.404  146.51
 193.736 -15.4665  146.802
 194.483 -15.5251   147.09
 195.239 -15.5799  147.382
 196.008 -15.6333  147.674
 196.789 -15.6901  147.961
 197.572 -15.7486  148.243
 198.363 -15.8046  148.525
 199.164 -15.8724  148.803
 199.988 -15.9472  149.081
 200.832 -16.0242  149.361
 201.682 -16.1044  149.646
 202.522 -16.1829  149.927
 203.369 -16.2546  150.216
 204.221 -16.3313  150.497
 205.092 -16.4162  150.778
 205.976 -16.5017   151.06
 206.855 -16.5803  151.332
 207.746 -16.6574  151.603
 208.644 -16.7377  151.863
 209.548 -16.8224  152.116
210.465 -16.908 152.373
 211.387 -16.9919  152.629
 212.317 -17.0775  152.885
 213.244 -17.1603  153.142
 214.181 -17.2436  153.397
 215.111 -17.3268  153.652
216.045  -17.41 153.906
 216.979 -17.4934  154.154
 217.911 -17.5776    154.4
 218.843 -17.6642  154.644
  219.78 -17.7434  154.887
 220.712 -17.8286  155.122
 221.644 -17.9076  155.364
 222.558 -17.9878  155.595
 223.477 -18.0708  155.823
  224.39 -18.1578  156.052
 225.318 -18.2447  156.282
 226.244 -18.3287  156.506
227.173  -18.41 156.726
 228.096 -18.4861  156.944
 229.022 -18.5603  157.158
 229.946 -18.6353  157.364
 230.869 -18.7114  157.568
 231.793 -18.7872  157.766
 232.714 -18.8624  157.961
 233.637 -18.9382  158.155
234.559 -19.012 158.346
 235.478 -19.0853  158.533
 236.398 -19.1611  158.719
  237.31 -19.2386  158.901
 238.223 -19.3143  159.078
 239.136 -19.3914  159.251
 240.053 -19.4711  159.421
 240.977 -19.5519  159.586
 241.895 -19.6281  159.748
242.807 -19.702 159.904
 243.718 -19.7744  160.056
 244.626 -19.8471  160.206
 245.523 -19.9195   160.35
 246.436 -19.9886  160.479
 247.348 -20.0593   160.61
 248.252 -20.1371  160.739
 249.134 -20.2104  160.858
 250.014 -20.2842  160.973
 250.905 -20.3691  161.089
 251.805 -20.4577  161.203
 252.704 -20.5426  161.311
   253.6 -20.6241  161.415
 254.485 -20.7023  161.514
 255.373 -20.7765  161.608
 256.258 -20.8482  161.696
  257.14 -20.9221  161.774
  258.02 -20.9919  161.837
   258.9 -21.0576  161.897
 259.776 -21.1261  161.954
 260.654 -21.1968  162.005
 261.536 -21.2672  162.054
 262.411 -21.3372  162.091
  263.29 -21.4074  162.125
 264.161 -21.4743  162.158
 265.029 -21.5437  162.184
 265.909 -21.6164  162.203
 266.782 -21.6884  162.222
 267.656 -21.7593  162.244
 268.523 -21.8287  162.262
 269.386 -21.8976  162.279
 270.246 -21.9669  162.295
 271.097 -22.0365  162.308
 271.941 -22.1084  162.323
272.781  -22.18 162.341
  273.61 -22.2519  162.359
 274.433 -22.3234  162.379
 275.247 -22.3934  162.401
 276.051 -22.4604  162.428
 276.847 -22.5263  162.459
 277.633 -22.5907  162.493
   278.4 -22.6532  162.534
 279.158 -22.7129  162.576
 279.907 -22.7697  162.618
 280.651 -22.8271  162.661
 281.382 -22.8846  162.709
 282.099 -22.9414  162.761
 282.799 -22.9932  162.808
 283.481 -23.0443  162.858
 284.151 -23.0965   162.91
 284.802 -23.1493  162.965
 285.443 -23.1999  163.024
 286.071 -23.2499  163.084
 286.687 -23.3005  163.143
 287.292 -23.3526  163.202
 287.884 -23.3989  163.261
 288.461 -23.4455  163.325
 289.032 -23.4936  163.388
 289.592 -23.5424   163.45
 290.144 -23.5879  163.513
 290.683 -23.6335  163.575
 291.212 -23.6788  163.638
 291.732 -23.7241  163.701
 292.243 -23.7691  163.764
 292.745 -23.8125  163.827
 293.237 -23.8543  163.891
 293.726 -23.8974  163.954
 294.214 -23.9408  164.016
294.702 -23.985 164.078
 295.195 -24.0293   164.14
 295.693 -24.0711  164.204
 296.196 -24.1133  164.267
 296.704 -24.1582  164.325
 297.218 -24.2059  164.381
 297.738 -24.2571  164.431
 298.268 -24.3035  164.486
 298.809 -24.3471  164.547
 299.365 -24.3932  164.607
 299.933 -24.4481   164.66
300.513 -24.508 164.705
 301.097 -24.5633  164.758
 301.689 -24.6157  164.824
 302.293 -24.6693  164.887
 302.919 -24.7246  164.936
 303.553 -24.7788  164.984
304.195 -24.841  165.04
  304.85 -24.9037  165.105
305.513 -24.966 165.168
 306.188 -25.0251  165.228
 306.872 -25.0908  165.285
 307.572 -25.1602  165.347
 308.278 -25.2309  165.411
 308.994 -25.3027  165.471
 309.716 -25.3797  165.523
 310.445 -25.4548  165.576
 311.184 -25.5299  165.633
 311.936 -25.6109  165.681
   312.7 -25.6967  165.726
 313.467 -25.7805  165.773
  314.24 -25.8626  165.822
  315.02 -25.9439  165.873
  315.81 -26.0269  165.926
 316.615 -26.1119   165.98
 317.432 -26.1989  166.035
 318.252 -26.2871  166.094
 319.075 -26.3728  166.155
 319.913 -26.4578   166.22
 320.753 -26.5437  166.284
 321.603 -26.6312  166.351
 322.459 -26.7171  166.421
 323.321 -26.8026  166.492
  324.19 -26.8897  166.564
 325.067 -26.9763  166.639
 325.952 -27.0646  166.718
326.842 -27.154   166.8
 327.737 -27.2429  166.886
 328.642 -27.3341  166.977
 329.545 -27.4277  167.074
 330.454 -27.5226  167.174
 331.366 -27.6181  167.275
 332.282 -27.7144  167.378
  333.2  -27.81 167.481
 334.13 -27.905 167.584
 335.055 -27.9991  167.684
 335.979 -28.0924  167.786
 336.905 -28.1847  167.892
 337.824 -28.2793  168.004
 338.754 -28.3759  168.116
 339.669 -28.4695  168.228
340.584 -28.561 168.339
   341.5 -28.6553  168.448
 342.408 -28.7507  168.558
 343.319 -28.8461  168.667
 344.224 -28.9395  168.775
 345.131 -29.0336  168.882
 346.031 -29.1293  168.992
 346.934 -29.2233  169.101
 347.838 -29.3159  169.207
348.741 -29.407 169.311
 349.644 -29.5027  169.418
350.544 -29.596 169.523
351.439 -29.685 169.627
352.333 -29.777 169.736
 353.227 -29.8763  169.851
 354.118 -29.9772  169.969
 355.012 -30.0794  170.093
 355.902 -30.1773  170.222
 356.795 -30.2798  170.355
 357.686 -30.3808  170.495
 358.579 -30.4786   170.64
 359.469 -30.5735  170.789
 360.363 -30.6696  170.942
 361.253 -30.7656  171.101
  362.14 -30.8621  171.266
 363.031 -30.9585  171.443
 363.918 -31.0555  171.627
 364.803 -31.1546  171.821
 365.685 -31.2536  172.023
 366.565 -31.3529  172.235
 367.447 -31.4517  172.456
 368.323 -31.5522  172.682
369.194 -31.652 172.915
 370.067 -31.7517  173.154
 370.944 -31.8525  173.397
 371.818 -31.9524  173.645
 372.689 -32.0538  173.894
 373.563 -32.1559  174.148
 374.438 -32.2586  174.407
 375.311 -32.3604   174.67
 376.186 -32.4624  174.937
  377.06 -32.5649  175.209
 377.932 -32.6656  175.483
 378.804 -32.7643  175.762
 379.668 -32.8612  176.044
 380.527 -32.9582  176.329
 381.379 -33.0558  176.617
 382.224 -33.1525  176.909
 383.073 -33.2491  177.204
 383.919 -33.3478  177.503
 384.763 -33.4454  177.808
  385.59 -33.5413  178.109
 386.412 -33.6332  178.413
387.232 -33.726 178.712
 388.051 -33.8211  179.013
 388.875 -33.9186   179.32
 389.699 -34.0153  179.626
 390.508 -34.1069  179.924
 391.309 -34.1937  180.215
392.105 -34.279 180.502
 392.896 -34.3644  180.787
 393.698 -34.4475  181.067
 394.499 -34.5319  181.348
 395.293 -34.6208  181.631
 396.088 -34.7051  181.914
 396.881 -34.7873  182.194
 397.678 -34.8759  182.481
  398.49 -34.9668  182.771
 399.302 -35.0573  183.065
 400.118 -35.1466  183.359
 400.937 -35.2354  183.651
 401.765 -35.3268  183.948
 402.606 -35.4211  184.252
 403.458 -35.5193  184.558
  404.31 -35.6177  184.862
 405.175 -35.7152  185.169
 406.039 -35.8121  185.476
 406.904 -35.9127  185.783
 407.771 -36.0146  186.089
 408.636 -36.1144  186.395
   409.5 -36.2117  186.712
 410.36 -36.308 187.031
 411.225 -36.4011  187.345
 412.082 -36.4936  187.661
 412.927 -36.5834  187.972
 413.774 -36.6743  188.283
 414.621 -36.7684  188.591
 415.464 -36.8631  188.899
 416.296 -36.9556  189.206
 417.116 -37.0472  189.511
 417.928 -37.1365  189.812
 418.737 -37.2239  190.108
 419.533 -37.3101  190.398
420.321 -37.396 190.687
 421.099 -37.4789  190.971
421.862 -37.558 191.247
 422.616 -37.6397  191.518
  423.36 -37.7243  191.789
 424.106 -37.8076  192.058
424.847 -37.891 192.322
 425.588 -37.9779  192.588
 426.326 -38.0636  192.851
 427.053 -38.1463  193.107
 427.779 -38.2277   193.36
 428.498 -38.3059  193.613
 429.219 -38.3842  193.866
 429.943 -38.4652  194.118
 430.658 -38.5465  194.366
 431.375 -38.6289  194.616
 432.092 -38.7088   194.87
 432.814 -38.7909  195.123
 433.534 -38.8748  195.375
  434.26 -38.9586   195.63
  434.98 -39.0405  195.884
 435.699 -39.1217   196.14
 436.406 -39.2026  196.394
 437.102 -39.2832  196.647
 437.785 -39.3613  196.898
 438.463 -39.4378  197.146
 439.128 -39.5139  197.392
 439.785 -39.5911  197.637
 440.436 -39.6661   197.88
 441.072 -39.7383  198.119
 441.695 -39.8101  198.354
 442.312 -39.8808  198.586
 442.92 -39.948 198.812
 443.514 -40.0142  199.035
   444.1 -40.0796  199.257
 444.673 -40.1452  199.476
 445.234 -40.2088  199.692
 445.787 -40.2704  199.904
  446.33 -40.3306  200.113
 446.862 -40.3902  200.319
 447.384 -40.4499  200.523
447.898 -40.507 200.722
 448.402 -40.5624  200.915
 448.892 -40.6176  201.105
 449.369 -40.6734  201.292
449.838 -40.727 201.477
 450.294 -40.7789  201.656
 450.742 -40.8291  201.828
 451.18 -40.879 201.997
 451.607 -40.9306  202.164
 452.022 -40.9817  202.328
 452.424 -41.0306  202.483
452.813 -41.076 202.633
 453.191 -41.1189  202.777
 453.556 -41.1606  202.919
 453.913 -41.2012  203.056
454.261 -41.241 203.188
 454.595 -41.2801  203.314
454.918 -41.318 203.438
  455.23 -41.3537  203.559
 455.533 -41.3871  203.676
 455.827 -41.4193  203.787
 456.113 -41.4496  203.893
 456.394 -41.4794  203.998
  456.67 -41.5094  204.102
 456.944 -41.5395  204.205
 457.213 -41.5697  204.308
 457.478 -41.5992  204.411
 457.741 -41.6275  204.514
 458.003 -41.6554  204.617
 458.265 -41.6829  204.721
 458.528 -41.7111  204.827
 458.793 -41.7389  204.934
 459.068 -41.7699  205.052
 459.335 -41.8004  205.171
 459.605 -41.8315  205.297
  459.88 -41.8631  205.427
 460.158 -41.8943  205.565
 460.434 -41.9263  205.713
  460.71 -41.9588   205.87
 460.986 -41.9934   206.03
461.257 -42.029 206.194
 461.525 -42.0653  206.366
  461.78 -42.1016  206.545
 462.028 -42.1351  206.724
 462.272 -42.1669    206.9
 462.516 -42.2003  207.068
  462.77 -42.2356  207.229
 463.008 -42.2677  207.375
 463.253 -42.3003  207.513
 463.486 -42.3344  207.633
 463.719 -42.3679  207.743
 463.956 -42.4005  207.851
 464.196 -42.4324  207.957
 464.445 -42.4644  208.062
 464.703 -42.4974  208.163
 464.967 -42.5328  208.256
 465.235 -42.5689  208.343
 465.503 -42.6044   208.43
 465.766 -42.6376  208.519
  466.03 -42.6705  208.604
 466.289 -42.7026  208.684
466.538 -42.733 208.762
466.777 -42.762 208.838
 467.004 -42.7903  208.915
 467.223 -42.8179  208.992
 467.432 -42.8441  209.067
467.629 -42.869 209.149
 467.809 -42.8941  209.237
 467.977 -42.9182  209.324
 468.136 -42.9411  209.408
 468.289 -42.9609  209.491
 468.431 -42.9791  209.565
  468.56 -42.9981  209.623
 468.675 -43.0159  209.683
 468.782 -43.0311  209.756
 468.892 -43.0467  209.844
 468.987 -43.0592  209.923
 469.081 -43.0716  209.993
  469.17 -43.0839  210.059
 469.252 -43.0955  210.121
 469.329 -43.1059  210.183
 469.404 -43.1152  210.242
 469.477 -43.1237  210.299
 469.541 -43.1337  210.355
 469.588 -43.1447  210.409
 469.623 -43.1553  210.462
 469.657 -43.1634  210.509
 469.698 -43.1702  210.546
 469.746 -43.1755  210.577
 469.792 -43.1801  210.608
  469.83 -43.1848  210.642
 469.859 -43.1898  210.678
 469.882 -43.1941  210.713
 469.904 -43.1975  210.745
