0
8
11
15
8
9
18
20
13
13
14
11
13
10
13
9
13
8
10
12
13
8
15
8
10
7
11
10
11
11
7
12
13
17
13
16
16
11
12
14
10
25
12
16
16
28
18
23
20
15
12
11
8
20
12
14
14
10
29
16
17
27
30
18
21
9
16
11
13
27
9
16
20
14
12
13
9
13
8
11
11
11
10
13
20
12
15
21
19
13
18
19
12
14
24
32
13
23
30
19
14
14
15
18
27
16
16
13
19
16
17
23
21
23
27
17
13
22
18
14
32
24
31
26
17
20
13
18
14
22
17
18
17
11
14
13
23
21
16
18
16
16
31
17
11
28
18
42
28
42
28
53
16
28
27
17
24
20
13
23
16
17
24
24
25
21
29
23
26
22
15
29
11
13
14
9
18
9
4
8
5
7
9
7
7
8
9
9
7
7
6
6
8
7
10
8
33
11
6
5
6
6
5
5
6
5
4
6
6
9
5
6
5
5
6
7
12
9
10
7
8
6
7
6
13
12
11
7
11
8
8
11
10
12
14
7
8
14
20
19
7
8
11
14
10
9
7
10
8
10
12
7
8
10
8
400
15
11
10
10
16
21
17
25
21
24
23
12
24
17
29
17
26
31
37
35
19
14
29
24
24
19
19
15
20
15
13
21
14
10
14
18
18
11
13
16
17
31
27
32
66
20
32
12
21
20
14
20
22
16
34
21
24
21
10
45
18
12
12
15
14
17
14
8
14
12
37
22
28
16
9
11
14
41
12
13
12
9
12
11
11
13
11
13
20
16
16
15
20
13
13
21
27
10
14
16
21
15
19
18
20
18
12
21
12
23
20
15
17
14
11
11
12
18
10
18
13
10
11
11
16
11
9
18
11
13
12
12
10
13
9
12
7
12
15
7
14
14
12
14
13
16
16
13
15
12
15
13
11
15
19
8
18
18
14
16
14
11
20
19
39
17
19
13
28
19
15
15
13
15
15
13
22
18
18
10
22
17
18
16
14
35
15
15
18
27
20
45
16
16
16
17
15
21
13
11
26
12
11
18
10
16
30
84
15
23
11
13
24
14
17
12
23
20
9
25
13
30
10
15
12
14
18
7
12
10
12
10
17
7
10
10
15
17
12
23
9
8
11
9
12
11
16
16
30
14
22
11
25
26
13
18
25
15
20
17
8
37
8
26
10
10
10
21
15
11
12
38
18
11
16
10
7
7
6
10
18
10
11
8
14
9
8
7
10
10
8
13
12
7
17
9
16
9
14
11
10
12
12
11
16
19
10
17
10
13
9
6
9
12
6
10
10
15
10
10
7
8
12
11
12
16
8
6
12
8
11
9
11
12
8
9
9
13
14
14
12
14
13
13
9
7
8
7
7
12
10
15
11
9
9
11
15
11
9
8
10
8
10
5
8
7
6
7
12
10
10
6
12
9
12
9
11
11
12
7
6
8
7
13
11
9
9
7
12
8
10
9
9
5
9
13
7
10
12
11
9
9
10
12
14
9
10
12
11
9
8
6
12
21
20
12
8
14
11
12
8
11
8
12
15
13
13
13
14
10
12
19
13
13
13
22
13
10
14
10
8
11
20
15
16
43
31
21
44
20
27
11
11
14
9
17
10
15
12
11
12
11
10
9
8
11
7
8
10
11
10
11
12
9
11
12
12
13
11
8
11
13
18
18
73
9
17
16
15
20
13
11
15
12
14
13
16
11
8
10
8
7
9
10
10
11
7
8
7
6
8
7
7
8
9
8
9
11
15
9
19
26
13
16
11
9
8
10
9
11
17
11
10
14
8
10
8
9
17
21
9
10
8
7
7
8
9
7
7
9
5
9
9
10
8
8
10
8
9
12
8
12
11
6
8
9
8
7
8
7
6
9
14
11
11
8
23
13
13
13
11
6
11
11
19
14
10
10
13
6
12
12
17
13
16
10
11
18
18
9
11
11
18
10
9
9
11
8
11
9
10
13
9
12
8
10
16
10
11
15
14
16
10
11
11
12
12
9
9
9
10
8
8
6
14
8
14
9
7
8
7
9
15
8
7
8
7
14
10
11
11
11
10
12
9
10
10
15
10
15
11
15
17
15
10
8
8
12
9
11
11
18
12
14
16
13
10
11
11
16
19
13
9
16
16
13
13
15
16
20
24
10
15
15
13
12
9
12
16
10
19
25
21
11
14
15
23
30
41
19
28
19
22
8
20
13
16
24
10
10
14
14
11
11
7
9
8
9
8
6
9
7
7
6
8
8
11
14
14
11
12
11
6
8
8
6
6
7
8
10
5
5
8
6
7
7
9
9
11
10
10
9
7
9
16
14
12
11
10
9
11
10
12
9
7
7
6
7
9
11
7
7
5
6
6
6
5
6
6
6
7
7
7
8
5
8
6
7
6
5
9
8
6
7
7
10
38
12
7
4
11
8
8
8
12
25
12
9
8
9
15
11
13
13
8
6
8
8
9
8
11
9
8
10
14
14
15
11
13
9
12
14
11
16
5
13
7
28
36
46
10
10
9
9
12
22
16
31
17
20
26
18
9
22
12
18
12
7
9
8
11
8
8
9
6
10
6
7
7
7
7
6
6
20
6
17
10
8
10
6
8
8
6
10
7
14
8
11
14
16
12
21
22
10
10
9
8
11
19
12
13
12
9
9
11
8
9
24
13
9
10
15
14
16
16
20
17
11
11
10
9
13
16
11
10
10
8
8
10
7
11
7
7
10
12
10
11
10
15
7
11
10
5
8
12
7
8
6
14
27
13
5
4
9
11
6
11
9
9
7
12
9
9
14
12
7
9
16
9
8
10
10
11
12
10
15
10
13
12
11
7
12
9
9
11
10
9
12
12
12
12
8
10
9
11
8
9
10
11
12
6
9
19
8
8
11
9
9
6
7
9
6
11
17
7
9
7
8
8
6
8
5
10
6
12
12
9
10
14
11
13
12
13
23
15
9
15
14
10
12
9
9
8
11
15
22
12
14
10
7
10
13
11
9
11
9
5
10
7
7
12
11
9
6
11
10
11
13
14
11
13
19
10
6
10
9
8
8
14
8
9
8
6
6
8
17
7
6
5
9
9
5
9
12
16
8
7
9
7
9
14
10
11
7
7
6
9
7
11
7
8
7
6
4
7
7
8
11
8
8
7
12
14
14
29
13
10
16
10
10
14
14
12
12
21
17
13
14
5
10
8
6
5
6
7
7
7
12
11
5
13
11
11
12
7
17
11
19
12
8
8
7
9
11
7
11
17
11
17
18
14
10
17
14
10
7
10
21
12
7
6
7
6
12
13
8
11
6
6
8
5
13
5
7
13
17
13
17
27
15
12
24
13
9
12
24
17
12
11
25
11
28
11
15
6
9
10
9
17
12
10
9
8
7
10
13
13
15
12
14
12
15
10
8
7
10
12
12
11
10
11
13
12
15
23
16
15
17
13
15
16
15
17
14
17
16
10
10
9
13
11
11
16
16
19
23
27
24
18
18
14
15
15
9
9
10
8
13
7
10
8
12
13
10
9
17
11
12
12
9
9
14
17
16
13
8
16
15
13
13
23
10
14
11
15
16
12
16
13
10
20
11
11
13
16
12
14
21
13
14
12
11
12
10
11
