14
38
16
21
15
18
14
13
16
18
18
15
15
14
17
16
17
15
15
19
16
17
19
14
12
13
15
14
13
12
13
16
14
16
14
17
15
14
16
14
23
28
15
16
14
16
17
15
15
17
15
16
14
23
16
16
16
15
21
22
16
16
14
16
16
13
14
13
13
22
28
23
20
18
16
16
18
16
16
16
18
75
29
24
19
22
19
17
22
14
26
13
13
14
21
31
16
16
13
15
13
14
15
14
15
16
15
15
15
17
23
16
21
15
15
16
13
14
20
15
14
17
15
17
16
16
15
48
32
20
32
20
16
14
13
16
14
14
13
13
23
21
13
17
14
12
13
15
52
34
24
17
16
16
14
17
14
112
13
21
14
12
12
11
14
16
14
14
17
12
13
13
21
12
13
12
14
13
14
16
16
53
26
22
19
18
17
14
14
19
15
13
17
14
13
15
13
18
17
16
20
49
32
21
21
22
17
14
15
17
14
12
12
12
13
12
11
16
12
11
16
20
20
18
22
11
13
12
13
17
12
128
15
133
13
21
24
22
15
17
17
22
17
24
28
21
23
46
27
24
27
28
15
23
15
15
13
19
16
12
13
13
13
14
133
20
19
18
17
40
45
28
25
26
18
16
19
17
15
15
16
14
52
23
14
15
21
15
22
21
14
19
14
18
17
18
69
83
39
25
23
20
13
19
14
13
15
13
23
13
46
28
22
19
20
19
18
16
16
17
15
17
17
19
16
16
15
17
17
130
17
38
19
14
43
17
15
13
13
32
120
17
21
23
16
17
16
19
17
23
17
18
14
16
14
14
14
15
15
14
14
16
13
13
38
14
12
15
51
35
40
23
18
17
17
15
12
14
14
15
15
15
60
35
26
67
27
17
15
14
13
16
16
13
15
15
14
13
14
13
14
12
15
12
15
15
14
15
13
14
11
14
11
15
16
13
13
13
13
42
16
16
14
16
14
14
16
17
16
12
12
11
13
13
12
19
13
11
11
11
13
12
16
19
11
21
23
20
16
17
20
16
16
22
16
19
17
14
15
20
22
16
16
13
14
23
19
23
20
33
76
34
39
23
28
26
51
86
157
90
83
46
25
27
23
18
17
14
18
16
17
15
13
16
14
14
15
14
19
15
14
18
29
28
32
37
21
26
51
52
61
100
37
46
12
14
12
13
15
14
13
18
14
12
11
13
13
14
13
14
14
14
13
15
14
13
13
20
12
13
16
14
13
12
13
14
18
15
13
13
13
14
15
24
17
15
17
18
16
16
16
18
15
14
15
16
15
17
14
15
14
42
29
22
18
14
14
13
19
29
12
13
19
16
15
16
18
23
25
14
15
13
14
13
14
13
13
12
12
14
16
16
14
14
18
12
14
13
13
13
43
14
13
13
14
12
13
15
14
14
39
17
12
11
14
13
13
14
14
14
14
17
14
28
16
14
16
13
15
15
62
35
24
22
25
16
14
16
14
20
14
13
13
14
13
12
15
14
14
17
14
13
13
14
15
32
17
16
13
14
13
23
24
19
22
17
15
15
17
15
16
17
25
36
50
36
20
22
32
37
44
35
29
66
82
87
45
38
44
27
15
24
35
16
56
43
23
21
18
22
21
117
23
18
21
18
18
17
15
12
13
25
12
51
78
29
23
16
20
103
12
15
11
12
14
12
15
13
12
18
17
15
13
13
12
12
14
14
20
16
14
12
24
19
42
25
24
21
17
22
16
14
13
18
18
19
16
20
15
19
20
13
14
15
17
16
13
23
13
13
21
13
19
15
13
21
25
16
21
19
17
17
19
16
22
19
45
31
27
23
16
15
16
12
13
19
18
17
18
14
13
17
14
13
15
17
14
15
50
32
27
29
20
15
14
15
13
17
17
16
14
15
28
19
103
41
31
23
20
19
16
15
18
12
12
14
14
16
16
14
68
30
29
25
25
16
33
18
21
14
14
13
17
13
24
13
15
14
13
18
14
13
17
16
15
16
15
43
31
31
22
31
14
14
13
18
14
18
16
19
15
15
53
35
26
18
17
16
13
16
15
42
17
15
13
17
15
15
17
24
17
20
20
26
40
33
17
14
19
14
14
17
14
15
14
13
14
13
14
15
15
17
17
14
15
14
16
17
14
14
18
15
16
20
15
14
16
14
14
21
22
24
16
13
16
15
15
28
16
16
13
16
13
20
15
37
46
22
28
17
20
24
18
12
16
13
15
15
13
12
13
13
13
15
14
12
13
16
16
12
20
15
13
15
13
60
14
15
19
16
15
14
15
16
44
15
15
13
14
15
14
26
21
16
14
16
14
17
16
15
18
17
17
17
52
17
17
13
22
22
17
15
14
14
12
11
12
14
11
14
18
26
11
32
13
12
11
17
14
15
15
15
15
57
54
30
44
20
19
17
18
25
16
16
20
14
20
24
14
20
13
14
15
15
17
16
89
32
18
16
15
15
42
42
18
18
60
21
17
105
56
31
20
22
16
15
16
14
56
34
23
