8
26
15
28
21
24
33
21
20
15
22
27
19
16
17
22
15
23
17
15
16
13
13
19
21
15
16
16
15
17
17
14
18
26
21
17
20
19
19
22
44
18
45
17
22
20
24
16
14
15
16
25
26
17
29
25
18
17
20
17
16
18
18
15
23
16
17
21
15
24
17
16
24
23
17
23
17
16
16
16
16
15
25
21
18
16
19
16
18
23
42
19
16
45
24
20
18
15
15
17
22
14
14
17
16
18
34
17
33
15
17
20
18
17
27
66
33
30
23
20
17
18
18
16
16
20
22
18
15
15
14
17
23
16
16
27
16
24
22
17
21
16
15
15
28
17
12
13
13
14
13
14
17
18
19
14
17
16
13
24
20
17
17
17
17
16
13
16
13
13
14
22
14
19
17
18
35
18
17
14
17
19
15
18
17
18
19
22
19
17
22
16
16
16
22
52
19
16
41
14
23
18
19
15
15
18
26
20
20
21
22
16
16
26
25
20
19
19
16
15
18
15
18
16
17
19
15
16
18
17
24
16
15
18
17
20
18
14
18
22
24
18
198
21
58
22
16
31
16
15
20
16
14
20
17
17
23
18
24
36
16
16
17
19
18
15
22
20
91
44
30
22
25
33
25
18
20
16
19
17
17
19
16
13
15
16
18
14
48
29
16
61
23
15
17
19
161
25
20
22
22
20
21
15
14
13
17
16
17
17
15
148
15
15
19
17
23
16
43
30
16
57
14
21
14
20
19
15
18
15
14
14
15
15
19
14
17
16
26
16
18
16
14
14
15
18
21
18
16
16
17
17
14
17
23
16
15
13
24
17
18
100
15
26
21
14
20
18
18
18
14
19
29
24
16
17
17
25
15
17
16
16
18
16
15
36
61
17
16
15
14
17
25
29
18
18
17
16
19
18
17
16
18
14
16
19
21
17
18
25
23
19
19
20
23
22
23
17
18
18
15
18
16
18
20
17
25
20
20
20
48
28
22
17
63
15
14
13
14
13
17
14
13
12
13
20
15
13
13
13
13
14
21
30
11
14
12
12
18
13
14
17
17
20
16
20
23
14
15
14
14
14
14
15
18
30
22
15
16
15
17
15
21
23
18
18
14
18
16
15
15
17
24
18
19
18
22
18
22
22
21
16
27
29
23
25
17
14
15
20
19
17
20
20
21
17
16
16
15
16
17
14
20
18
46
16
21
16
14
17
18
16
17
17
33
22
18
24
14
19
15
28
15
14
14
26
19
19
18
22
14
14
17
14
11
13
17
15
19
23
20
17
14
19
13
13
15
15
13
20
15
14
15
14
17
16
14
14
14
11
13
13
14
11
11
14
16
11
13
15
28
13
15
13
17
19
14
20
20
17
15
14
15
13
16
15
19
16
15
21
17
14
47
15
14
25
18
15
15
18
18
18
15
16
14
13
15
14
18
17
13
21
24
15
15
15
20
20
14
14
17
14
15
15
17
14
16
14
15
12
16
13
18
19
15
22
22
16
21
26
17
18
20
16
14
14
15
47
16
14
15
17
16
18
13
13
19
16
14
14
13
18
15
14
13
22
18
25
15
17
18
16
17
17
16
14
33
15
26
14
40
29
24
34
18
16
16
19
19
20
18
21
17
14
127
15
26
18
23
16
19
14
13
14
14
15
14
17
13
13
17
15
16
12
15
13
13
16
61
16
15
23
18
14
25
15
15
20
17
17
15
17
17
14
14
17
19
18
16
15
13
14
13
13
13
15
15
20
18
15
16
42
27
19
16
17
20
17
23
20
20
19
14
14
19
16
18
18
19
18
16
15
20
16
15
16
16
17
16
20
17
15
27
23
20
17
18
19
30
27
18
16
13
17
12
16
13
12
13
12
14
20
14
17
17
17
19
22
19
20
17
16
16
20
16
20
25
16
17
18
22
17
17
17
14
15
14
15
14
17
16
15
17
17
83
15
16
16
13
12
14
16
16
20
16
17
10
12
12
11
14
14
13
14
19
13
20
29
18
14
16
14
12
31
16
11
20
16
14
13
12
20
18
14
12
49
12
16
18
21
17
23
14
15
16
18
33
24
19
71
30
33
22
20
16
19
15
15
17
15
15
17
21
18
20
17
26
13
22
23
16
12
19
19
16
16
19
14
21
16
14
15
15
15
14
17
14
18
14
13
28
14
14
14
19
15
29
15
25
15
15
22
15
15
14
17
16
22
34
15
23
21
16
20
15
17
16
17
17
16
16
19
22
20
24
22
45
17
20
17
15
16
17
16
15
17
18
16
15
16
16
16
16
18
23
17
53
17
19
19
15
16
17
15
16
17
39
16
22
16
19
16
16
22
19
17
15
18
14
19
14
18
16
15
14
17
15
18
15
22
26
15
17
18
15
17
16
24
17
13
15
24
14
16
14
13
15
16
12
19
18
14
18
22
16
18
14
16
16
15
16
22
16
17
18
22
18
19
25
29
33
26
32
27
25
44
28
23
40
24
21
20
16
25
14
21
15
57
35
26
22
20
18
20
41
18
14
14
25
11
14
14
15
17
22
16
28
16
18
15
17
50
14
23
17
16
18
16
16
15
20
16
16
16
15
24
17
19
14
15
20
18
20
24
17
30
17
27
16
17
16
16
19
47
55
27
26
19
20
16
28
20
17
17
17
22
17
18
16
113
16
21
15
49
32
24
20
16
16
17
14
14
12
17
12
14
15
17
17
14
14
14
22
17
14
17
17
15
23
16
13
13
20
52
16
18
20
13
13
15
13
14
14
13
13
16
14
13
15
14
13
14
15
14
20
14
15
13
24
16
14
15
14
14
14
16
22
19
18
15
18
15
17
15
16
13
15
14
17
12
12
13
19
16
14
12
11
15
12
13
16
14
12
15
12
12
12
13
14
14
17
19
19
13
19
18
17
16
18
22
15
15
17
15
18
15
17
18
21
16
18
46
23
21
19
17
19
15
16
19
24
33
26
22
25
22
27
23
19
24
20
18
56
20
20
17
18
17
16
20
17
20
17
15
18
16
17
20
26
23
13
15
16
14
13
19
17
17
14
14
14
14
15
15
15
15
19
15
17
15
18
16
16
14
41
17
14
18
16
14
13
13
13
12
13
13
14
14
12
13
14
13
14
17
16
13
16
15
15
17
17
18
13
14
16
14
14
15
22
20
17
19
16
18
16
18
22
19
22
16
24
23
19
21
16
20
14
19
18
17
18
20
55
23
21
20
28
14
18
14
15
14
13
13
34
14
17
14
23
15
14
14
15
15
13
18
18
23
21
17
17
16
19
18
16
19
15
20
22
15
17
17
17
15
21
16
14
14
14
17
13
17
14
15
15
15
17
51
37
27
25
68
18
17
28
23
17
19
17
19
19
20
15
25
17
17
15
18
15
16
16
22
15
17
14
18
14
14
14
17
14
14
14
13
16
13
14
14
16
14
17
15
15
14
13
13
13
18
14
18
15
14
16
21
17
17
15
17
15
12
14
17
15
18
18
13
22
20
18
14
50
22
56
17
20
18
19
20
26
17
19
18
20
17
14
16
20
16
17
18
17
15
14
20
16
14
16
21
13
26
20
18
53
13
17
20
18
21
21
14
15
15
21
27
17
16
15
17
18
21
18
19
16
18
17
33
20
19
17
21
27
20
19
20
18
17
18
60
25
18
17
18
16
26
20
17
18
17
18
58
25
25
18
21
22
24
18
15
16
11
22
22
18
18
12
33
28
27
21
17
39
33
31
19
15
37
14
15
15
16
18
16
17
14
13
18
22
16
17
19
25
25
15
16
15
20
31
16
28
16
13
15
19
18
12
17
14
13
12
20
16
16
16
24
23
19
16
22
25
19
16
16
12
21
17
14
14
21
13
19
13
16
17
18
18
18
14
14
42
19
18
21
14
17
15
17
20
14
15
23
20
25
40
18
16
16
13
15
19
18
23
17
44
15
14
13
193
20
21
15
20
23
41
20
16
18
15
17
19
16
19
12
14
16
26
23
17
17
21
34
21
16
17
16
21
25
21
18
20
15
26
13
15
16
19
17
61
25
51
31
22
18
15
16
15
22
18
19
18
17
17
15
17
15
15
14
18
24
52
15
21
15
23
25
14
21
19
22
20
16
15
15
15
17
20
15
13
19
20
14
19
15
14
16
16
18
15
15
14
46
15
13
19
15
13
14
14
14
48
18
17
13
45
16
15
13
19
15
13
15
17
20
25
15
13
13
20
12
13
12
14
20
19
16
14
15
21
17
16
17
16
19
18
14
14
12
15
13
15
13
12
20
12
14
14
13
13
14
14
16
12
13
13
12
20
13
13
15
15
13
20
17
16
18
16
17
15
13
13
13
14
13
14
13
14
17
15
17
27
21
19
20
20
23
17
15
15
17
15
17
17
20
21
16
14
16
16
43
16
13
14
17
16
16
14
12
14
13
12
19
18
13
13
20
15
16
12
16
14
17
14
13
13
12
15
14
13
14
11
12
11
11
12
27
14
12
27
31
12
13
12
13
12
15
16
14
14
17
15
16
19
19
16
12
12
14
88
14
13
17
12
13
12
12
12
12
14
14
15
14
13
13
14
14
19
14
18
16
14
16
15
15
15
17
15
16
13
16
16
12
18
18
15
14
15
14
15
17
15
25
21
15
15
14
14
14
15
17
14
15
14
15
17
16
18
19
16
23
24
17
20
16
15
13
13
16
14
45
14
91
23
18
16
16
13
15
13
13
13
17
15
12
14
18
16
17
15
16
20
16
52
17
22
20
30
20
23
15
15
15
15
15
17
14
93
23
14
38
51
28
20
17
17
13
15
12
19
15
16
17
13
14
12
16
13
13
14
12
15
19
18
18
15
16
14
14
14
16
14
24
14
14
20
21
19
50
29
21
16
16
14
18
17
16
16
16
15
13
18
14
16
15
16
17
14
14
14
13
12
13
17
16
16
18
20
19
28
18
39
22
16
14
15
14
22
11
12
12
13
14
12
16
13
14
13
22
16
12
16
13
17
20
21
12
12
16
16
20
17
12
13
51
13
13
14
13
13
11
11
16
13
11
12
13
14
18
11
13
14
13
14
17
16
14
11
17
15
14
12
14
12
14
13
40
19
18
29
16
13
14
13
13
13
18
13
18
15
13
14
15
19
14
17
16
17
14
15
14
13
13
13
17
14
17
16
14
15
15
13
14
14
14
17
15
14
11
19
14
40
11
11
64
18
12
11
11
12
17
17
13
15
13
19
26
13
17
16
12
14
13
15
14
14
15
19
18
12
13
16
13
16
13
13
15
17
13
12
15
12
12
17
18
13
18
14
13
13
13
11
15
11
11
10
16
11
14
12
18
12
11
12
14
12
14
17
13
13
19
16
14
13
19
19
17
15
12
16
18
18
14
14
14
13
17
15
19
16
19
16
13
18
14
15
13
13
13
14
11
14
14
13
13
15
12
16
15
14
13
14
14
12
12
11
11
14
23
11
16
13
11
13
11
12
28
12
15
15
22
28
16
15
13
12
12
12
12
18
11
12
10
11
10
12
15
113
12
14
12
14
11
10
25
19
18
13
14
15
13
16
12
15
14
16
13
19
24
18
17
16
15
18
17
14
18
18
23
18
18
23
19
17
17
18
18
21
18
16
17
18
20
16
17
17
15
16
16
17
15
17
20
15
26
16
23
22
22
23
16
15
18
16
22
20
19
19
19
58
48
16
18
19
18
19
22
25
16
55
28
22
19
17
17
24
36
15
16
52
23
13
15
38
15
18
12
14
14
18
16
13
16
13
16
14
13
20
15
21
18
13
13
13
17
13
15
16
13
15
14
23
16
16
20
30
27
20
15
16
17
20
16
21
15
14
17
164
46
16
17
20
17
15
14
14
16
16
15
16
21
28
17
31
16
18
12
16
15
13
15
17
15
13
19
14
12
20
14
16
14
14
14
14
15
13
13
12
14
44
13
23
16
13
14
13
16
16
13
12
13
13
14
17
12
14
11
12
13
13
16
21
20
16
25
17
20
15
19
19
18
20
17
16
16
14
13
13
17
16
14
16
21
12
13
18
20
21
17
17
15
14
15
15
21
126
14
20
16
13
12
14
13
13
18
21
43
17
22
14
16
21
13
20
42
20
17
19
15
16
11
14
15
14
15
12
17
128
32
51
19
19
20
19
19
19
19
17
52
28
23
17
16
14
52
15
38
22
16
17
16
14
21
16
17
18
16
14
16
22
18
18
14
18
15
21
15
27
15
15
14
16
12
13
22
18
23
21
19
15
13
21
15
13
17
15
16
14
13
12
13
15
15
16
13
14
11
13
14
21
20
15
38
15
13
15
15
14
21
26
19
23
24
34
24
19
17
19
15
26
21
17
17
17
13
18
15
14
21
15
53
16
16
14
21
26
15
17
19
18
23
17
15
15
18
15
16
15
16
18
14
12
15
15
18
16
31
19
19
13
13
21
18
19
17
50
18
19
18
20
16
20
19
18
18
16
19
23
12
37
19
16
26
16
15
14
15
11
19
22
18
15
14
14
18
14
22
20
182
15
22
17
28
13
18
26
13
56
35
31
26
65
24
20
21
27
16
15
46
23
17
13
15
14
15
14
14
20
20
19
47
20
15
15
15
15
16
15
19
15
16
29
16
14
15
17
18
20
20
20
22
23
18
20
17
20
24
22
71
25
17
68
33
24
21
21
19
17
16
18
16
21
21
19
17
31
40
19
19
15
23
18
14
56
15
21
17
13
13
14
16
14
14
13
15
16
16
12
13
14
15
14
13
16
13
16
18
13
17
16
20
28
18
17
18
32
21
17
17
17
14
17
16
16
20
19
20
20
20
145
21
33
26
19
26
28
19
18
16
17
16
15
23
18
17
15
22
16
14
16
26
22
17
18
14
20
16
18
19
17
17
17
17
16
44
21
20
18
16
45
15
17
16
31
26
17
22
23
16
17
21
22
14
14
22
15
13
14
15
21
13
15
25
18
16
18
16
14
55
15
16
21
15
17
18
13
15
13
27
18
21
17
18
23
27
19
20
24
22
22
18
19
16
17
18
24
18
16
15
17
16
16
21
18
16
16
14
16
21
14
19
18
16
31
16
157
19
23
17
17
15
15
15
13
22
13
19
18
15
14
14
15
15
15
15
16
18
17
17
22
15
51
16
14
14
16
13
16
24
20
21
16
14
16
25
18
15
14
16
16
16
26
17
15
19
24
16
17
15
14
22
15
48
26
22
22
20
21
18
18
18
16
17
17
18
27
22
21
29
17
15
14
15
15
16
14
34
13
16
15
14
17
19
62
49
17
15
15
18
14
18
14
27
37
25
21
21
19
21
37
14
14
17
14
15
19
15
18
17
16
22
15
15
15
14
19
16
17
23
18
15
18
14
13
17
14
14
14
16
15
12
24
17
13
13
14
148
21
17
16
15
18
18
16
17
19
17
22
18
18
24
16
18
23
16
20
16
16
14
20
17
49
15
14
36
23
16
21
16
14
13
15
21
18
17
18
19
19
18
21
16
16
17
16
51
44
39
30
18
16
15
14
15
15
18
19
20
19
17
17
16
18
21
16
18
17
16
15
15
15
25
16
19
16
20
19
26
26
23
25
52
16
16
17
13
16
12
47
17
42
19
54
40
29
27
39
18
18
18
15
21
23
17
57
14
18
16
19
15
28
21
23
20
20
24
22
18
19
17
20
19
27
20
42
28
20
22
29
26
70
43
34
23
26
22
17
18
17
15
20
15
16
14
16
17
14
17
14
16
13
21
13
15
13
17
14
14
13
17
15
17
18
19
20
22
19
20
16
21
18
20
18
14
14
14
17
17
17
13
16
15
16
23
17
15
13
14
16
15
13
25
13
18
18
12
20
14
14
18
15
16
15
20
16
19
18
39
14
16
14
14
14
21
15
26
16
17
16
15
14
15
14
57
15
22
16
15
15
20
49
24
13
17
19
15
15
14
20
13
12
14
15
36
23
13
13
13
13
17
38
11
18
73
15
21
21
19
16
16
16
16
21
60
14
14
13
15
43
28
23
20
18
14
14
14
21
12
26
15
14
13
14
14
15
15
11
10
12
10
12
13
13
13
14
15
16
13
13
12
12
12
13
12
14
13
16
15
18
14
12
15
17
13
21
13
15
16
24
13
20
11
15
14
31
12
14
13
14
15
14
23
17
13
19
15
15
17
15
13
13
18
14
19
16
14
14
13
12
19
14
15
15
12
15
16
11
10
17
12
12
13
17
14
11
15
17
13
14
13
15
15
16
14
18
15
13
14
14
13
13
14
14
17
23
17
13
14
14
23
16
15
15
13
14
17
12
12
15
12
17
16
13
15
14
16
16
17
16
14
13
21
14
13
14
14
14
14
51
13
12
12
12
13
12
13
16
15
13
14
16
15
14
13
14
11
12
12
13
12
12
12
14
13
14
15
14
30
19
15
18
18
29
20
36
18
18
44
20
17
21
19
29
20
21
24
24
27
70
22
20
20
23
28
20
18
22
17
16
17
24
28
25
30
33
29
23
26
25
23
21
23
66
39
45
26
25
21
17
17
21
16
22
17
15
23
19
15
20
71
32
22
21
18
15
14
14
14
15
54
14
17
14
21
16
12
17
13
17
13
13
17
14
13
15
13
14
16
18
15
15
16
15
13
22
13
13
17
17
17
17
13
13
17
12
13
18
21
16
16
14
12
14
18
26
14
21
13
15
17
17
15
17
16
15
18
13
14
22
15
23
14
14
24
17
22
49
15
17
22
20
21
45
35
28
19
22
39
24
23
20
25
19
20
16
17
14
16
34
43
18
15
17
28
16
19
19
16
18
14
14
17
13
16
17
14
13
13
19
15
15
15
26
16
16
14
14
13
12
12
15
16
20
14
12
15
84
15
15
13
13
20
19
17
18
20
16
12
14
12
13
11
13
20
15
13
14
13
12
12
11
14
13
14
12
12
11
13
13
12
15
15
13
14
20
19
13
13
13
15
13
13
22
14
14
16
37
15
34
30
31
22
24
16
26
21
14
16
16
20
14
15
17
16
22
19
22
52
26
35
33
20
23
18
17
19
19
21
17
22
20
20
16
17
15
17
22
22
28
14
31
19
7
11
10
13
9
14
16
11
13
15
16
18
12
8
25
28
26
23
18
17
15
17
18
23
19
20
17
18
16
22
16
18
15
17
15
16
23
16
21
18
18
18
16
17
16
17
22
40
24
18
18
18
17
16
19
17
15
19
17
16
20
15
13
