9
15
13
15
17
14
21
48
24
17
16
15
16
18
15
22
15
17
15
15
16
14
14
17
22
14
23
18
22
16
15
15
15
16
13
18
17
18
19
23
23
22
19
26
18
19
15
18
17
19
18
19
18
21
15
18
21
28
18
22
16
19
19
17
23
24
16
17
17
19
43
34
32
38
39
18
16
23
21
17
16
22
24
23
20
18
17
19
26
17
15
56
17
48
26
16
15
46
46
30
24
23
19
24
41
26
23
20
21
25
17
25
19
16
17
19
18
18
19
49
23
19
16
17
18
22
17
17
19
48
28
23
35
39
18
15
18
20
18
17
21
59
17
18
22
17
17
23
21
20
24
18
17
17
16
40
19
16
19
19
16
18
27
20
48
23
28
18
22
19
19
29
20
19
24
19
17
17
18
15
59
63
24
16
19
21
17
18
21
19
16
16
16
19
19
16
17
19
23
58
25
23
22
16
24
14
23
18
25
15
17
20
20
22
24
22
24
26
25
25
23
20
18
24
24
19
32
27
22
20
19
18
16
17
14
15
14
18
15
15
16
84
23
13
13
13
15
15
35
15
16
62
190
48
16
16
20
14
17
15
39
16
55
40
21
15
31
19
25
25
18
16
16
18
18
25
22
122
35
42
273
23
25
20
22
21
24
22
21
27
36
17
19
24
19
18
42
18
53
15
76
64
78
77
242
125
63
27
19
25
20
23
22
20
24
77
31
23
58
34
21
20
26
19
21
17
16
26
27
23
39
63
128
92
97
129
89
42
21
17
18
18
18
25
22
31
20
23
14
15
44
19
14
16
15
15
14
16
15
13
14
15
15
14
13
22
14
14
13
15
13
15
15
16
14
17
14
19
20
18
19
21
20
18
196
20
15
17
27
27
20
20
32
29
89
31
18
18
20
21
21
66
26
24
18
20
24
63
27
26
20
17
17
26
38
21
23
24
127
57
82
131
135
140
119
105
33
18
20
17
19
20
16
19
22
21
24
25
30
30
20
23
21
22
17
27
53
53
126
34
40
43
46
38
61
52
191
18
41
14
18
16
20
18
16
15
14
14
18
17
18
16
61
16
17
14
17
22
20
60
45
48
130
272
136
123
66
50
24
20
22
21
23
19
21
23
21
26
21
21
21
21
21
23
21
25
31
31
63
30
39
57
125
185
86
100
40
20
17
23
18
19
25
20
16
17
19
16
16
16
19
17
19
17
18
15
17
16
22
15
15
16
21
16
19
18
172
24
25
24
23
20
19
19
19
15
28
21
335
45
51
68
113
118
135
75
49
26
21
25
13
68
15
16
25
18
18
15
15
16
22
22
17
18
20
16
19
18
16
16
17
16
20
18
21
21
20
18
15
17
16
16
17
16
16
17
17
17
21
18
20
50
18
15
19
16
18
18
16
16
16
14
18
16
17
16
16
17
23
21
19
18
27
16
16
22
19
29
25
22
18
20
16
24
17
23
28
44
45
38
100
89
120
101
104
48
25
19
15
25
18
21
24
19
21
17
16
15
14
17
16
16
19
18
17
22
19
16
22
19
31
20
17
22
22
74
42
35
34
25
26
20
17
17
15
19
17
14
17
20
17
16
15
14
15
19
16
15
22
16
15
17
18
23
17
15
17
14
16
19
18
17
18
18
19
18
16
19
15
22
18
17
16
17
19
19
20
17
16
27
22
23
55
17
15
16
17
15
24
72
16
22
17
152
17
17
20
16
15
15
18
26
17
20
16
18
26
29
16
15
15
17
18
19
16
16
16
16
18
16
17
19
18
22
18
17
19
16
20
16
17
17
19
18
17
15
14
17
16
19
26
21
18
22
27
17
16
18
20
29
16
18
23
102
45
50
23
23
25
22
37
33
45
30
19
16
16
15
15
14
19
16
15
15
15
17
15
19
18
31
25
23
18
26
35
24
34
27
35
41
92
67
48
27
65
84
31
19
17
63
17
15
14
13
15
14
14
14
13
14
13
13
18
14
14
28
14
14
20
20
20
16
15
59
18
15
15
16
17
16
19
15
17
16
17
17
17
17
22
18
18
19
19
18
17
18
18
19
20
17
17
21
25
19
19
23
33
104
34
30
48
209
112
105
44
18
16
16
15
19
14
16
17
18
15
15
15
14
54
16
19
18
16
15
20
24
28
22
23
26
27
45
96
81
90
69
42
16
16
15
16
16
56
14
16
15
15
19
17
15
14
17
19
21
57
15
16
15
18
17
16
18
16
15
16
15
15
16
14
15
15
15
16
14
17
17
14
15
17
13
18
18
16
16
21
14
15
14
18
14
15
16
18
18
20
22
32
66
36
43
27
36
88
114
105
78
31
22
20
27
25
23
23
23
23
26
24
25
21
21
21
20
22
23
22
44
64
70
126
96
101
103
101
65
80
70
17
19
15
17
16
19
19
20
20
20
17
20
22
20
18
22
18
19
19
18
20
20
26
18
35
21
21
21
18
17
18
86
23
22
25
22
55
34
32
27
20
19
16
17
18
18
20
52
22
18
22
50
22
22
35
37
33
29
96
103
103
79
44
20
21
21
34
17
20
17
18
17
18
15
15
18
17
16
16
15
21
16
18
21
19
15
16
16
21
20
28
17
20
20
17
17
17
19
19
18
18
18
20
21
17
23
16
24
19
21
23
20
26
18
19
19
19
54
35
29
23
22
21
19
18
17
17
19
19
20
19
17
17
18
23
19
18
17
19
20
16
14
16
22
19
25
20
26
20
18
17
18
16
18
39
14
16
15
15
14
19
15
16
15
15
14
19
15
18
20
17
16
15
15
18
16
28
35
27
20
19
19
17
17
17
18
17
20
22
23
21
21
21
18
72
34
25
22
20
19
17
16
17
21
15
14
15
14
15
14
14
14
14
15
23
15
16
15
19
19
18
17
16
17
18
20
29
17
19
16
18
19
18
17
18
19
22
23
28
19
25
18
18
17
27
23
19
21
17
17
20
19
23
23
20
22
60
21
18
19
18
19
24
19
16
17
18
21
20
18
31
20
16
45
19
22
20
22
21
19
22
19
17
16
23
20
20
20
17
17
17
19
23
18
18
22
19
17
19
18
16
16
18
17
17
20
18
23
21
82
49
43
27
24
20
20
16
16
21
17
17
17
18
15
16
18
18
18
19
16
18
15
18
18
23
14
15
23
16
16
14
21
17
18
18
19
15
14
17
15
16
15
16
16
15
23
17
20
21
17
23
15
15
53
14
14
60
35
25
23
22
21
16
19
17
19
18
17
17
15
15
15
15
15
16
19
15
14
14
15
14
17
16
54
35
29
22
16
16
18
14
14
15
15
14
16
18
16
16
16
17
21
17
21
16
15
13
14
13
48
17
54
13
13
14
14
14
13
17
15
22
15
17
19
23
160
17
15
22
18
16
17
16
15
16
16
17
14
15
16
24
24
30
40
137
44
47
33
53
41
88
82
49
26
18
19
18
15
19
19
17
15
14
14
12
15
15
15
15
16
16
16
103
80
81
94
85
173
27
15
14
16
15
15
15
15
15
27
15
14
15
13
15
16
17
47
17
18
21
31
73
107
85
86
96
105
45
25
33
21
18
16
43
16
20
18
18
19
24
15
20
15
15
25
16
22
27
16
17
18
15
18
19
17
17
18
17
17
18
17
14
16
15
17
25
51
18
14
14
24
23
15
17
14
14
14
19
14
15
14
14
15
14
15
16
16
18
26
22
19
25
26
29
28
26
28
53
78
67
46
18
16
14
14
14
17
16
46
16
16
15
16
18
17
20
21
19
17
16
17
14
18
17
18
16
18
17
18
25
16
21
17
24
14
17
15
12
13
13
14
15
17
22
35
15
22
23
21
26
21
27
27
39
75
72
38
24
39
18
16
17
15
19
43
15
19
18
18
16
15
20
17
24
17
16
17
19
201
18
23
21
27
17
18
17
13
16
19
16
22
18
16
17
27
20
85
92
94
123
102
115
107
40
23
23
19
42
22
31
29
18
43
35
30
22
26
23
46
35
35
28
35
39
46
41
37
273
203
108
132
75
64
34
37
29
28
24
32
33
34
37
33
28
28
24
26
24
19
24
19
26
38
30
48
40
81
105
116
78
194
30
18
35
25
25
17
17
26
25
114
18
26
26
36
24
23
21
27
19
49
15
15
16
17
18
22
17
21
24
19
17
15
15
16
15
16
18
15
17
18
17
21
19
17
22
18
21
17
20
27
18
19
22
21
15
19
15
16
16
22
15
167
18
19
22
27
17
18
16
15
16
18
14
14
18
15
15
15
16
48
68
87
34
47
102
91
110
111
90
88
60
24
17
17
121
25
15
25
18
17
47
17
57
19
18
23
24
23
33
63
136
169
190
187
147
144
55
33
40
24
53
26
20
26
39
26
46
58
25
102
14
13
14
14
34
35
38
29
31
30
49
69
109
72
39
19
17
21
13
19
86
20
16
14
18
14
14
15
13
13
14
15
19
22
22
14
14
16
16
16
15
18
16
56
16
14
20
24
64
27
22
17
21
21
26
27
40
43
83
83
109
119
83
29
25
18
18
16
18
25
19
23
27
18
19
16
18
17
16
20
15
15
26
17
15
17
16
17
19
17
17
16
15
15
16
16
15
17
13
21
23
15
14
13
14
13
16
14
14
14
16
64
22
16
15
19
25
16
16
18
82
31
28
24
21
19
18
24
16
16
18
16
22
25
17
17
17
15
16
16
13
28
17
17
14
16
26
14
19
14
16
22
14
15
14
15
17
14
21
18
13
17
232
108
83
98
148
139
26
20
17
24
21
18
21
29
24
20
26
21
21
21
26
68
18
22
37
28
31
18
17
26
15
15
13
17
17
19
18
17
18
18
17
24
17
16
18
17
16
18
15
18
18
19
17
19
18
19
15
27
20
15
16
21
21
19
17
26
17
18
17
18
17
22
19
19
18
23
16
19
17
18
21
15
24
23
24
29
41
21
26
71
274
124
123
66
33
22
22
25
18
20
16
17
15
15
154
19
19
20
14
15
16
25
15
13
59
25
23
16
17
18
14
16
15
12
20
13
15
17
14
24
18
52
37
31
54
31
20
20
20
31
26
31
22
15
49
16
17
16
17
19
15
15
56
14
165
17
29
17
31
16
19
17
17
16
20
18
20
18
203
20
21
15
21
17
19
19
56
17
19
18
25
18
16
200
22
29
22
177
20
22
22
18
28
21
16
153
16
18
26
19
25
17
18
16
18
15
18
205
24
17
16
21
19
23
38
405
27
16
17
17
16
17
15
16
15
20
16
16
16
16
19
21
16
16
18
18
21
22
23
24
32
64
28
43
44
112
84
116
112
45
20
21
23
19
21
21
17
17
20
18
17
167
27
25
26
21
53
31
54
39
48
29
29
62
37
47
30
28
22
28
29
36
28
24
88
17
20
18
16
15
21
17
17
21
19
21
18
22
20
21
20
61
20
26
21
29
54
28
95
74
105
86
90
56
28
44
21
16
16
25
28
18
18
20
24
16
23
21
26
20
20
21
18
21
29
67
36
27
30
54
99
113
125
83
47
22
14
21
16
15
16
12
22
13
17
16
21
16
19
17
16
19
23
33
16
16
20
20
15
18
20
20
15
16
16
19
18
32
17
17
20
21
19
18
20
16
17
30
19
16
17
18
20
16
18
19
25
28
16
22
14
28
69
141
21
54
17
22
18
19
16
15
15
13
14
18
19
17
15
15
17
15
15
25
15
19
17
16
14
15
18
17
15
27
36
19
19
17
18
16
17
18
15
23
31
19
22
59
25
19
27
25
20
19
20
17
21
20
17
18
19
20
19
20
26
19
19
18
26
30
30
24
24
22
34
27
22
25
105
85
364
363
99
39
43
83
132
16
17
23
21
25
17
17
16
17
17
18
17
16
20
25
21
28
20
18
19
18
25
22
16
21
19
16
17
17
17
17
18
18
19
16
16
16
16
20
15
15
21
18
17
16
18
19
19
19
18
16
16
18
17
16
17
18
17
18
20
17
19
21
22
18
20
20
22
20
68
39
40
26
24
24
20
20
21
23
22
20
19
160
22
25
18
34
16
18
18
16
17
16
15
17
19
16
16
23
28
25
19
21
22
22
18
23
19
16
20
20
18
17
14
19
15
15
16
16
17
16
17
17
29
15
16
18
15
15
17
19
56
15
18
23
19
18
16
16
16
15
26
21
20
15
29
23
19
16
19
18
20
21
20
23
43
21
23
45
52
88
79
90
87
28
17
17
20
18
19
19
22
17
17
16
15
22
17
18
28
29
17
18
33
18
22
22
16
18
20
14
15
23
19
18
17
18
16
16
16
28
22
21
19
17
15
14
14
15
15
16
17
17
24
17
17
21
20
24
19
32
17
17
22
16
23
25
19
16
16
15
17
16
14
15
18
18
18
16
15
16
15
17
22
17
20
15
15
45
38
32
26
19
39
21
17
21
24
16
15
15
15
28
27
18
18
16
16
14
168
16
31
15
20
16
15
24
76
18
19
18
15
16
17
15
24
16
15
16
19
17
15
16
23
18
17
16
17
23
17
17
21
18
17
17
14
15
16
25
18
27
17
20
15
20
17
15
14
14
14
16
21
22
24
24
37
54
55
208
36
55
121
131
90
19
17
17
23
16
18
16
18
20
21
33
18
16
22
24
17
16
15
14
15
17
19
16
14
19
18
12
16
17
15
15
15
158
17
28
19
17
17
18
17
17
15
15
18
16
16
15
19
16
16
16
15
22
17
16
16
20
25
36
48
49
59
280
96
93
89
26
22
16
15
13
17
13
16
15
14
14
16
14
16
14
17
59
14
23
13
17
14
14
15
18
18
15
14
13
18
12
16
14
22
16
17
16
15
15
15
15
20
16
14
16
20
18
16
16
17
22
17
16
15
22
63
47
34
28
24
25
22
58
24
13
15
18
19
26
17
17
16
15
19
17
17
32
16
16
14
18
17
24
19
20
19
18
18
17
18
20
21
22
25
30
42
182
158
86
83
84
61
25
17
13
18
17
41
14
13
30
16
15
14
13
16
13
15
13
14
16
35
14
17
15
18
16
47
14
12
17
12
14
25
16
17
16
19
19
18
16
16
15
15
18
19
21
17
15
14
15
16
15
48
15
15
16
204
22
27
23
36
29
33
28
27
28
25
34
42
40
42
27
17
17
17
17
17
14
15
17
16
17
15
14
64
17
16
18
16
18
16
16
17
15
15
15
14
15
15
19
26
14
14
27
15
15
14
14
16
17
14
18
18
19
17
15
16
16
15
15
19
15
21
22
17
16
21
15
17
16
22
20
21
19
19
19
18
18
176
28
26
29
25
22
19
20
17
18
18
14
66
14
17
21
31
34
35
33
44
84
106
97
108
47
18
15
19
17
16
17
19
15
16
18
14
14
21
17
20
23
17
17
18
15
24
17
15
15
18
15
18
17
24
18
18
18
19
15
15
18
21
18
16
19
19
21
22
23
23
19
23
21
21
19
21
24
22
23
23
25
28
30
25
60
29
28
37
24
26
24
28
34
18
21
23
17
20
25
17
20
17
17
17
19
18
29
17
17
20
17
16
16
14
15
16
16
16
13
16
57
14
14
20
77
22
19
23
24
32
24
15
21
20
24
64
45
22
18
20
21
14
14
15
15
15
17
15
15
16
16
16
16
15
14
14
17
24
18
20
16
14
19
13
15
16
16
17
18
15
16
18
14
16
16
23
18
17
27
44
27
35
59
48
51
96
108
67
79
54
65
34
21
19
20
16
21
25
17
19
61
20
30
15
67
25
18
18
19
18
20
25
38
27
31
35
34
25
29
26
19
24
21
23
28
70
20
23
20
14
14
14
17
15
16
16
17
20
20
58
89
33
20
22
18
17
17
17
16
20
47
18
17
16
19
20
18
18
17
18
18
18
17
22
18
15
16
25
23
20
25
18
19
18
25
18
25
17
20
20
21
51
45
28
24
24
18
57
24
17
16
16
16
13
13
48
14
12
15
17
15
16
17
15
16
24
16
15
18
16
16
15
17
18
17
20
15
13
15
13
17
16
15
14
14
17
13
16
15
15
13
14
176
16
18
16
21
14
20
14
13
14
15
14
15
20
17
16
15
52
14
14
13
13
25
18
17
16
16
16
15
19
22
25
16
20
18
17
13
13
17
18
15
15
16
26
22
20
18
16
13
13
12
14
14
17
14
18
14
17
15
17
18
16
14
17
50
19
23
16
18
20
22
18
21
19
18
19
19
18
19
17
19
37
24
19
23
19
28
19
18
18
16
19
26
17
17
21
15
16
16
17
18
21
21
17
18
16
18
24
17
14
16
22
16
17
18
161
18
17
23
18
25
19
63
23
17
24
22
22
24
20
19
21
16
19
32
38
85
53
114
153
118
101
41
19
22
20
14
15
16
17
17
34
25
22
58
44
50
28
24
21
20
18
19
17
19
17
29
23
20
15
14
17
15
20
15
14
15
31
21
18
17
14
16
15
14
17
14
24
15
15
15
19
32
17
18
21
17
16
16
22
19
16
24
18
15
16
64
69
23
27
22
20
22
18
43
20
20
23
28
21
19
19
16
18
18
19
22
17
69
23
32
21
24
17
37
31
25
23
24
63
20
21
20
112
76
36
29
27
25
21
168
24
25
23
33
21
18
16
18
15
18
17
16
17
43
51
23
31
17
18
15
19
15
19
15
17
16
19
18
18
16
20
20
16
17
24
17
16
19
16
16
16
16
15
14
15
16
16
22
48
35
26
18
18
23
23
19
20
17
23
15
16
38
102
17
25
27
36
25
18
24
16
21
19
19
17
18
18
21
148
29
41
23
29
21
20
20
23
16
17
16
18
15
16
16
18
19
22
22
22
18
18
24
52
31
23
20
16
18
17
18
16
54
20
86
19
15
15
17
17
17
17
28
19
16
18
14
22
23
15
12
22
16
17
13
17
18
23
13
14
14
14
15
14
16
20
59
86
39
23
48
15
16
18
21
20
18
16
17
15
17
15
17
17
17
15
53
32
29
21
18
19
18
15
20
18
18
18
16
18
15
14
20
16
17
19
23
21
19
15
15
14
14
32
21
21
18
17
18
19
19
16
18
18
21
29
45
22
17
17
20
17
15
14
14
15
19
21
17
20
19
19
29
24
71
56
33
32
28
20
18
18
16
15
14
16
16
48
22
18
24
34
32
36
26
29
21
20
17
15
14
29
16
126
16
24
20
21
18
35
23
18
29
20
23
18
19
65
34
29
22
18
17
20
15
14
16
14
15
16
14
18
19
17
19
18
17
21
15
26
20
26
15
15
17
15
20
17
17
19
49
32
23
25
18
16
17
16
16
15
16
16
21
20
18
18
20
23
27
23
43
27
33
17
24
27
28
37
48
51
121
88
31
20
20
19
18
17
20
16
15
14
15
17
16
18
14
17
17
18
16
32
43
61
56
96
95
97
119
107
34
22
26
18
18
19
18
17
17
17
16
19
22
19
21
25
22
28
26
29
21
23
23
21
22
22
24
22
19
20
20
27
18
21
21
19
22
16
18
18
17
19
16
19
18
18
15
19
17
17
15
24
17
30
18
16
18
16
15
15
16
15
15
16
42
28
21
196
25
22
18
69
17
22
21
77
42
30
29
21
17
16
16
18
20
18
104
21
28
207
18
25
16
22
27
21
17
18
66
29
27
23
21
19
16
20
17
19
42
32
17
16
16
19
20
19
17
16
57
17
17
19
16
19
17
17
14
16
15
17
16
56
18
17
15
17
17
21
19
65
62
25
22
15
17
17
20
17
20
17
30
16
15
21
17
18
15
19
20
15
17
21
16
14
48
58
22
22
81
19
49
15
17
15
21
171
19
22
17
187
198
15
198
59
21
29
18
27
23
27
23
37
281
26
23
18
21
22
22
56
24
26
18
16
17
46
28
22
19
17
18
22
29
32
21
15
17
18
16
15
19
29
15
15
16
16
14
14
17
23
19
16
19
16
16
16
21
15
20
46
17
15
53
18
17
21
16
107
21
15
14
20
18
19
19
17
15
15
13
16
42
18
16
15
14
18
18
16
13
16
15
18
17
47
19
16
14
138
21
16
15
15
16
14
20
16
17
17
15
15
16
23
15
23
19
20
15
14
15
17
16
15
18
16
20
15
15
20
21
17
23
17
23
30
19
18
150
45
45
26
18
32
23
17
124
24
27
26
19
32
24
47
36
244
34
37
29
30
27
33
50
25
24
23
23
19
56
29
25
29
24
20
22
15
13
15
13
17
15
15
18
15
14
14
14
16
15
15
17
18
18
17
134
23
18
22
16
16
65
24
32
91
89
82
119
100
55
23
21
17
17
14
16
17
24
21
18
18
27
43
18
16
16
20
15
26
15
14
15
16
17
48
16
59
19
26
30
22
76
40
29
23
66
15
17
16
14
17
19
17
15
62
35
85
31
29
31
25
45
38
18
40
24
25
31
36
53
44
69
166
92
86
64
27
21
17
20
23
21
27
20
19
24
40
25
29
31
22
17
17
17
46
16
17
109
20
16
17
11
21
18
27
17
16
17
17
36
25
72
45
37
50
153
