9
28
22
20
21
20
27
20
23
32
27
24
39
23
25
22
28
23
23
18
23
17
22
14
13
12
13
14
15
14
12
11
14
14
24
16
16
18
15
21
21
19
22
25
59
20
17
16
17
18
25
23
14
15
17
16
17
17
55
35
28
24
20
20
17
15
17
17
23
19
16
14
156
19
21
16
19
16
50
33
24
23
19
19
33
29
17
16
18
16
15
15
17
16
15
16
17
16
19
25
49
15
57
17
15
16
15
16
14
14
24
16
17
16
15
16
17
16
21
15
17
16
18
18
20
22
18
17
16
19
17
19
16
19
15
15
14
14
17
17
13
18
19
19
58
36
27
22
18
20
31
20
13
10
11
11
13
13
16
17
15
12
14
17
12
15
21
13
21
17
57
31
25
20
37
17
14
22
14
17
23
13
14
12
21
13
17
15
18
14
13
15
12
12
13
16
16
12
13
15
16
15
13
14
13
13
13
12
12
39
13
12
12
14
17
14
15
14
15
15
16
15
19
47
35
29
23
18
14
14
14
13
12
14
16
13
13
16
44
14
14
14
15
13
13
12
15
15
16
13
17
15
14
14
24
33
24
18
20
14
19
12
17
55
21
17
17
16
13
16
14
13
18
18
21
19
25
16
42
54
33
18
22
26
14
16
16
22
16
20
17
16
14
15
15
15
16
24
13
23
13
15
14
14
15
12
13
16
12
14
19
15
17
14
15
14
52
34
32
24
16
17
17
17
17
13
15
13
14
18
15
15
12
46
12
14
12
14
14
15
19
13
14
15
15
15
15
12
15
15
12
34
15
12
16
13
13
12
20
13
16
13
12
13
12
14
13
13
13
12
11
21
22
17
17
15
20
16
18
13
16
14
17
15
18
16
15
18
32
18
18
18
18
19
18
17
19
18
17
25
25
24
16
18
22
64
33
27
21
21
19
14
15
18
16
20
22
13
15
14
17
16
18
14
15
14
20
16
15
15
14
14
12
20
22
18
15
18
20
15
14
17
15
17
16
15
14
46
15
15
18
14
15
14
14
14
14
13
15
15
23
131
27
21
27
30
23
16
13
38
14
14
17
50
43
24
20
18
31
17
15
17
14
14
14
15
13
19
19
18
17
15
15
16
16
40
18
54
41
29
26
22
21
20
19
17
16
18
16
15
16
16
17
16
14
16
19
16
18
20
20
18
22
25
17
19
17
19
18
20
19
19
49
38
42
41
20
47
17
15
19
20
26
33
25
29
26
20
20
21
18
18
16
14
13
13
14
14
19
67
42
28
26
22
23
15
16
15
19
14
20
12
17
15
17
22
14
14
15
14
12
16
14
13
16
16
13
13
16
17
17
52
27
20
21
18
21
15
14
13
25
14
20
13
13
15
21
21
18
19
12
14
11
11
19
14
12
16
11
11
12
12
14
20
19
12
16
16
44
37
22
19
111
14
16
17
21
18
17
15
16
17
43
31
22
21
20
17
18
15
12
13
12
13
16
10
13
14
15
19
13
14
15
25
14
17
19
16
14
19
20
18
25
17
17
15
16
14
13
14
15
18
15
18
16
14
17
15
15
35
28
22
24
13
13
12
17
22
15
14
17
15
16
19
17
19
14
15
19
14
53
24
28
19
21
13
45
15
14
17
16
18
14
16
15
15
15
13
18
21
15
17
15
15
18
19
15
14
41
30
27
24
18
23
15
18
16
12
13
12
16
13
11
18
14
13
11
11
12
15
12
15
12
39
27
21
24
17
14
16
14
16
14
14
14
42
28
34
20
18
17
17
16
18
17
16
15
19
20
18
18
16
18
18
15
18
17
16
18
17
17
20
18
19
18
20
24
18
17
18
22
15
17
19
48
30
26
25
19
23
16
16
55
19
15
14
18
16
15
13
19
15
17
14
16
15
16
16
42
22
16
14
16
17
17
19
18
15
14
19
16
15
14
22
14
15
18
19
15
16
15
14
21
25
18
13
12
14
13
14
16
43
30
29
24
24
21
16
17
17
16
16
19
17
19
18
23
19
26
22
20
21
20
22
23
25
25
26
19
21
19
17
18
38
31
79
21
16
16
13
16
24
16
19
19
16
14
12
18
16
14
13
17
13
43
47
12
12
15
22
19
17
15
16
24
13
15
13
15
14
14
25
19
21
16
15
15
13
12
14
18
17
13
16
13
12
13
97
22
21
13
22
20
17
13
13
12
12
15
30
15
13
19
12
133
16
19
16
19
19
16
12
13
15
21
15
15
13
15
14
17
15
14
15
13
13
13
13
13
12
13
13
15
12
12
14
14
20
13
27
24
16
16
15
14
13
16
15
16
18
18
13
14
13
20
16
17
15
13
16
13
12
19
13
12
11
13
12
11
11
12
12
16
14
17
13
13
13
16
16
14
18
14
21
20
27
26
73
60
54
72
66
38
16
17
15
16
15
20
11
12
12
20
13
14
13
15
17
13
15
19
16
15
30
23
22
30
44
35
92
112
68
69
85
29
19
41
14
13
13
16
16
14
14
18
16
18
18
13
12
14
17
16
22
14
20
19
27
33
37
119
41
38
51
84
86
76
36
24
18
54
14
15
13
16
15
14
13
12
13
13
11
15
16
13
13
17
12
11
13
13
15
14
15
13
13
12
12
13
12
15
14
11
13
14
16
17
14
17
36
32
19
35
20
17
15
14
14
22
22
18
16
17
16
13
14
13
15
16
17
14
18
16
14
28
20
20
17
19
18
19
17
20
73
46
54
28
25
19
17
20
17
22
17
18
19
17
19
19
21
19
39
17
20
16
26
16
16
13
29
31
21
21
14
21
23
17
16
14
16
15
14
69
31
22
23
21
16
17
14
20
14
21
16
12
13
19
19
20
20
18
15
20
16
23
17
15
18
15
55
36
25
20
21
22
27
14
14
16
16
16
16
16
15
18
18
14
16
27
19
19
75
40
31
23
27
19
17
18
24
23
21
67
33
25
36
18
26
18
17
15
15
19
15
18
15
19
16
17
21
16
22
16
16
15
15
17
16
16
15
13
12
13
15
17
24
19
15
15
18
15
12
13
14
14
13
14
16
21
14
14
15
16
15
21
17
15
20
15
13
22
13
13
15
13
14
12
12
12
14
12
13
11
35
19
17
21
15
12
15
16
12
14
18
12
14
14
15
12
16
16
16
17
14
15
14
15
14
14
15
12
16
14
16
23
16
12
12
13
11
12
14
13
17
14
13
22
21
26
18
15
16
15
20
16
17
18
16
21
62
30
24
20
59
15
17
15
14
13
15
41
14
18
12
13
13
19
17
21
16
15
15
14
21
20
19
16
20
14
15
14
16
13
18
16
17
14
15
15
14
15
16
14
20
17
15
16
17
15
45
28
19
16
13
15
15
17
13
17
16
134
37
23
21
17
13
18
11
10
11
12
12
11
13
12
14
13
18
13
15
16
16
16
13
12
13
17
15
18
23
14
17
15
14
15
16
18
18
16
15
15
14
15
15
16
16
13
14
14
17
17
17
15
14
36
27
22
18
17
15
15
16
14
13
17
18
47
30
25
20
19
18
18
18
14
16
16
14
18
15
16
16
14
14
15
12
12
12
144
12
12
13
39
29
22
17
16
18
20
14
13
14
13
22
15
59
35
23
21
19
19
14
13
14
14
13
16
18
16
12
15
15
18
22
15
15
25
21
16
15
18
16
18
17
55
17
16
13
12
18
12
15
13
12
15
47
36
21
20
23
17
15
16
14
14
17
13
14
21
16
20
17
18
16
21
14
15
13
15
12
13
12
13
16
14
12
16
13
18
14
16
13
13
20
13
13
21
20
19
15
14
15
15
13
13
13
14
15
13
15
14
14
16
14
12
16
16
21
12
16
13
14
16
16
17
16
20
26
29
35
24
16
12
13
21
24
13
15
17
37
23
20
15
14
18
16
15
55
31
39
27
19
28
13
14
14
14
30
14
12
12
23
13
14
12
12
12
13
12
12
19
11
12
14
19
13
15
16
14
14
19
17
16
15
15
13
16
21
17
15
19
15
17
15
14
13
16
13
12
13
12
17
15
15
19
15
24
18
13
41
18
23
14
17
25
27
72
123
107
59
65
70
62
35
19
20
20
13
23
17
15
15
16
13
17
17
17
20
16
14
14
16
32
31
25
41
26
27
41
70
115
77
80
108
40
21
18
16
16
19
14
13
17
21
18
23
42
19
20
21
19
75
34
35
20
23
19
17
20
24
23
26
24
17
25
21
16
18
16
15
32
16
16
25
44
14
14
13
14
13
13
14
15
16
14
15
12
15
12
18
14
17
48
17
17
17
23
26
20
72
35
37
44
46
285
100
112
53
18
15
14
14
16
13
14
21
15
19
17
16
15
18
16
17
18
15
51
26
15
17
17
14
13
15
44
28
21
27
16
18
15
12
15
14
15
37
14
16
38
28
22
20
24
18
14
16
18
18
38
23
14
16
15
17
19
16
16
17
17
18
15
15
15
22
26
18
16
15
16
16
16
18
26
31
28
20
19
19
28
21
21
22
17
19
19
21
18
17
51
19
26
44
16
13
15
27
18
17
14
21
15
17
15
17
47
29
23
25
18
20
15
15
36
14
15
71
39
25
21
23
17
16
22
16
16
20
18
18
21
21
42
28
20
17
17
13
16
14
13
114
14
17
17
14
27
22
19
19
15
25
17
15
24
40
28
24
19
20
16
16
15
13
16
14
14
36
20
25
16
18
16
16
18
16
19
17
23
20
26
18
21
18
17
29
24
33
25
19
16
16
16
52
33
25
22
21
20
18
19
20
21
19
16
18
19
15
17
17
17
17
176
19
15
22
19
22
18
17
18
15
17
20
18
16
15
17
19
20
22
36
16
16
21
25
41
89
79
100
83
97
57
30
15
15
14
17
20
16
24
13
17
16
16
60
18
19
15
15
16
17
21
22
26
30
24
25
31
34
42
50
27
37
37
37
48
39
21
20
18
63
16
17
15
17
16
16
15
23
20
17
16
17
13
25
17
16
23
26
29
851
38
31
25
16
16
18
20
26
13
14
13
15
14
13
58
17
16
16
17
15
17
17
19
92
21
17
16
16
16
23
17
17
17
14
35
27
20
21
18
16
15
16
21
19
18
16
15
18
17
16
46
38
29
21
20
18
18
14
61
26
18
18
17
14
17
13
14
12
15
16
19
18
17
15
28
24
30
28
22
17
18
16
20
15
89
101
90
88
73
76
77
58
24
24
15
15
17
16
14
21
15
17
23
21
20
16
28
25
20
30
19
25
20
19
21
19
23
18
81
47
24
23
22
18
15
13
16
50
12
13
13
11
41
54
16
11
22
18
25
17
14
9
7
9
8
7
6
7
7
8
10
10
10
11
11
15
12
13
12
12
12
12
14
14
12
12
11
11
13
11
12
12
17
12
11
15
13
11
11
8
8
23
15
14
13
15
18
22
19
19
23
18
23
23
30
25
55
64
57
114
120
112
203
90
41
26
23
31
55
26
32
29
25
22
17
42
19
33
18
22
13
17
15
14
20
18
20
22
26
42
55
94
94
106
102
97
40
23
18
16
15
17
21
19
18
14
18
15
15
15
14
17
13
13
13
15
15
24
25
22
34
30
31
31
24
29
37
50
77
102
87
45
26
19
17
16
19
17
14
16
18
15
16
17
15
16
16
15
19
16
16
146
80
86
110
103
78
46
23
17
20
16
21
18
15
14
16
17
19
16
20
15
15
16
14
15
16
65
20
18
18
17
15
18
18
16
16
18
14
23
19
14
18
24
14
17
48
36
25
23
21
19
18
18
24
14
14
17
15
15
16
15
16
16
14
13
14
13
13
21
16
14
13
14
16
24
21
28
21
16
14
15
15
14
17
12
16
16
16
25
20
18
17
15
16
22
16
17
17
20
18
17
17
17
26
16
19
16
22
16
19
14
12
14
15
16
16
13
14
16
16
17
19
50
114
123
59
128
87
169
264
175
176
21
25
20
14
18
23
17
19
17
16
17
21
18
67
35
29
24
18
17
35
19
15
15
17
17
16
23
15
16
16
16
18
17
16
15
16
13
13
12
12
15
19
14
18
21
13
24
12
13
20
15
15
20
18
17
16
32
16
20
18
17
23
20
24
27
54
113
87
94
121
97
87
21
16
17
20
16
16
18
15
17
20
19
15
19
19
14
20
13
15
15
20
16
21
22
44
27
58
56
77
77
68
92
32
19
17
22
21
15
24
16
16
15
15
17
19
21
17
19
16
19
17
19
54
17
22
31
22
