0
13
5
12
7
6
5
7
9
8
12
10
15
24
5
6
5
6
6
5
6
5
6
7
5
6
8
6
6
8
5
6
5
5
6
5
8
6
8
6
7
7
10
8
7
6
5
7
6
7
7
6
5
6
5
8
11
7
9
11
11
6
16
14
10
7
10
5
8
7
5
10
11
7
8
9
8
10
11
5
10
9
8
8
9
7
10
10
9
9
10
10
10
10
10
10
10
9
9
10
8
10
6
10
15
5
5
7
7
6
8
6
6
7
9
5
10
7
6
7
9
7
9
10
6
7
9
6
9
7
8
10
8
9
6
10
5
10
8
7
7
8
5
6
14
7
10
7
12
9
7
5
11
10
5
9
8
8
9
6
9
9
11
6
9
10
7
5
8
6
8
5
7
5
9
6
6
5
6
6
6
6
6
7
7
6
6
6
4
6
6
13
10
8
12
10
7
11
7
9
10
9
9
10
8
9
8
11
10
7
12
11
8
11
8
10
12
16
11
15
9
17
11
9
8
7
8
12
7
8
8
10
7
11
7
9
7
11
6
7
7
6
12
6
6
8
6
6
6
7
8
5
6
7
7
7
8
8
7
7
6
7
5
6
7
7
7
8
8
10
8
10
11
12
8
12
17
8
12
7
6
13
14
11
5
8
8
10
8
17
8
8
10
9
5
8
9
7
9
8
9
8
10
9
10
8
7
6
7
6
8
7
11
10
8
11
8
7
9
9
10
7
14
6
7
5
8
5
6
11
6
9
9
7
10
8
6
10
9
6
6
8
7
6
10
4
4
6
8
6
5
6
7
5
7
9
8
6
6
6
7
5
4
5
7
5
6
6
6
7
6
6
9
7
8
7
8
7
7
6
6
6
6
7
7
7
8
7
8
9
9
10
5
12
13
12
8
7
16
8
13
6
7
26
31
11
8
6
9
8
9
9
7
7
5
13
18
15
7
8
6
8
6
7
6
6
6
6
6
5
6
6
4
6
7
8
7
7
12
13
7
5
6
8
6
9
5
8
6
6
6
7
8
8
9
8
6
9
7
10
8
16
11
10
12
17
8
6
9
9
9
10
7
8
7
7
7
6
9
7
9
9
6
8
5
12
6
6
7
8
7
8
6
5
7
5
6
7
5
6
4
7
5
8
5
6
4
6
4
6
6
8
8
7
6
7
6
6
7
8
6
8
8
8
9
6
7
6
8
7
9
8
9
8
6
6
7
8
7
5
7
7
6
7
6
9
11
6
14
8
10
12
8
23
14
11
10
7
10
9
9
9
6
13
19
9
14
9
9
9
7
7
8
5
7
9
8
7
8
5
6
8
5
10
10
9
8
8
7
8
8
6
6
8
9
10
7
12
16
15
6
9
10
8
10
9
10
9
14
5
17
11
7
15
12
7
7
8
10
8
10
6
5
9
10
10
8
8
6
9
10
11
8
10
8
10
11
8
9
5
7
8
12
7
12
17
10
7
14
8
11
6
8
16
11
9
9
7
7
5
5
6
6
6
9
6
9
10
9
6
10
12
9
16
13
12
14
11
15
11
14
9
7
10
8
12
9
8
18
20
5
10
23
14
10
15
19
37
14
9
16
18
18
13
12
9
10
14
9
9
13
11
8
9
12
9
9
6
10
9
5
10
9
8
10
8
9
8
10
8
7
7
9
7
8
9
7
7
8
6
9
9
8
13
9
10
10
11
7
12
13
12
12
7
10
6
11
10
7
10
10
10
10
8
11
10
8
10
8
10
9
6
9
8
7
7
8
9
8
8
8
9
10
9
7
6
6
7
8
10
9
7
8
7
8
8
7
7
7
6
7
