8
26
11
13
27
21
12
18
21
28
14
27
34
19
28
13
15
23
15
24
22
13
27
21
11
23
31
18
26
29
25
24
16
11
21
9
19
21
11
26
13
10
9
10
10
22
15
13
29
27
30
30
21
38
24
26
22
11
12
12
23
11
10
11
16
13
11
40
13
11
11
16
21
13
11
16
10
23
19
13
20
11
26
11
14
28
13
11
13
29
23
29
23
32
10
42
22
15
41
19
11
39
24
15
43
24
13
35
17
13
32
19
8
38
26
32
29
18
5
24
10
4
25
10
5
13
12
5
19
19
5
12
22
10
11
9
13
10
14
84
10
11
15
32
23
12
11
11
20
29
15
12
10
14
15
11
10
11
15
24
11
55
14
14
56
17
24
27
15
25
10
11
11
14
14
26
9
11
22
11
25
13
9
11
10
10
24
11
10
14
10
15
28
14
25
28
20
104
18
20
19
19
10
43
21
31
8
26
16
10
35
18
15
49
22
22
31
36
9
30
12
23
10
11
20
9
15
15
29
14
14
13
25
14
13
27
13
10
10
9
10
21
12
21
14
11
23
11
10
24
14
26
11
14
21
22
14
14
15
11
18
12
16
14
15
13
14
16
14
14
21
25
15
22
22
11
12
10
10
11
24
15
10
13
16
18
14
14
23
31
42
15
11
15
25
14
15
24
23
10
22
11
10
9
20
14
15
10
22
22
10
15
9
14
11
14
25
23
14
23
11
31
18
17
17
11
21
23
25
17
27
16
29
16
24
21
20
11
14
14
14
11
17
13
10
10
13
12
13
12
12
13
12
9
9
13
13
9
22
32
35
13
16
14
24
12
23
10
21
14
23
13
24
17
23
18
17
28
12
23
21
14
25
10
11
10
11
25
10
14
13
10
10
9
10
12
11
10
25
14
12
20
10
11
9
9
26
13
10
6
23
9
3
29
9
5
12
10
5
21
22
6
55
40
37
144
40
5
34
17
6
16
14
5
18
14
4
21
13
13
9
9
10
11
12
10
11
11
11
14
16
17
11
13
23
9
10
23
14
21
12
22
23
25
14
11
22
12
15
17
20
19
50
51
55
56
55
84
40
14
14
15
13
28
10
10
10
12
12
14
25
22
27
13
12
15
26
26
27
12
14
11
13
12
10
16
11
11
11
14
11
17
34
39
114
91
163
104
89
139
41
51
13
36
18
14
28
10
8
22
12
6
8
26
7
32
9
8
9
9
33
11
12
13
11
11
14
12
8
22
13
18
15
13
27
28
50
54
56
56
47
28
48
10
8
24
11
25
10
51
14
37
19
22
39
27
10
45
29
23
28
22
10
33
13
12
28
22
36
24
12
55
53
37
38
94
125
76
76
88
78
68
48
23
11
25
16
12
10
10
10
15
26
16
24
20
12
24
16
21
12
22
13
16
25
11
22
11
23
10
12
22
25
19
12
17
21
86
84
61
68
75
61
52
53
17
15
28
14
25
13
22
22
12
30
15
33
12
14
14
25
10
11
10
20
21
25
11
12
22
11
23
10
10
30
26
39
50
101
78
102
87
85
78
31
28
16
14
12
13
13
11
11
11
21
12
25
12
20
15
16
15
11
28
26
23
11
25
23
12
11
14
14
15
12
23
15
18
14
19
27
105
64
42
193
120
54
54
23
10
94
20
19
28
15
9
34
28
7
28
13
9
37
23
10
25
17
26
29
27
13
11
10
11
11
10
26
14
19
27
60
65
121
71
63
84
35
18
17
14
11
11
13
11
10
10
15
12
11
23
14
11
12
10
11
12
10
11
15
14
10
21
10
10
11
17
20
13
17
15
40
25
24
65
84
86
62
91
86
34
27
32
17
31
29
17
24
23
25
15
25
24
10
26
26
21
14
28
27
24
29
13
27
14
25
24
22
14
30
30
26
33
47
61
80
106
85
97
127
82
28
39
57
22
27
19
23
20
21
13
11
23
17
13
13
10
13
10
22
21
23
22
13
11
12
13
14
21
12
14
24
15
45
49
139
282
70
123
76
66
30
27
14
11
24
10
13
10
21
10
10
21
11
15
12
13
13
10
10
10
14
16
20
12
18
23
12
24
22
24
29
25
20
49
82
151
165
87
115
120
44
45
20
25
26
29
30
17
13
21
26
18
28
21
29
24
10
31
28
17
36
23
27
27
20
25
20
51
22
277
92
94
79
69
74
115
74
56
20
38
26
15
13
22
23
25
27
21
24
16
11
11
11
26
12
11
21
58
11
14
23
13
13
27
13
12
12
12
12
15
18
37
67
74
60
73
106
92
108
48
15
12
16
26
24
21
20
13
25
13
14
22
11
10
11
27
11
27
32
15
27
22
26
25
26
25
12
24
14
12
13
37
42
112
74
98
70
108
93
39
36
35
27
14
16
10
10
11
11
10
10
12
18
24
15
13
19
13
11
13
13
25
16
18
19
12
12
24
28
34
84
39
73
67
119
71
155
73
67
17
35
30
32
34
16
11
22
26
14
15
19
11
12
22
12
12
11
18
29
24
17
18
32
15
8
25
31
16
39
16
11
50
53
37
95
60
45
181
58
23
52
15
20
14
11
14
13
13
10
14
25
12
10
10
16
10
17
10
11
12
13
14
15
11
17
17
12
12
35
23
34
21
78
96
59
79
224
152
29
36
32
14
20
11
12
10
21
10
15
24
14
15
12
11
11
15
19
11
24
13
15
16
18
16
26
14
11
11
29
35
40
85
93
70
78
73
110
34
35
33
21
27
11
11
12
26
14
13
13
15
13
19
26
16
25
20
20
10
11
16
12
24
15
21
12
12
10
42
20
31
64
52
116
92
87
60
54
53
30
31
18
14
13
22
24
5
33
18
7
24
12
7
21
25
9
41
20
14
34
33
8
34
24
7
30
13
5
26
9
5
34
19
9
63
203
66
55
79
80
45
42
28
14
13
26
13
11
12
12
23
16
15
22
11
20
10
23
12
12
9
13
11
13
12
14
14
15
14
11
13
16
12
13
22
33
55
74
67
125
92
85
51
24
32
30
14
14
10
10
17
12
27
13
11
18
10
11
12
10
15
12
11
25
26
14
18
11
11
10
11
13
12
20
30
20
43
95
120
111
58
197
116
27
41
17
9
30
20
10
22
12
17
34
20
8
10
27
12
34
24
9
30
7
36
9
8
28
7
18
8
28
8
33
15
6
37
20
22
111
88
31
135
80
35
68
39
15
26
29
12
16
12
21
21
33
17
24
16
25
26
12
25
27
28
139
12
18
13
17
13
19
18
14
31
39
65
99
122
124
106
99
96
59
26
32
28
24
23
13
20
14
12
63
19
21
45
17
18
32
26
22
41
38
19
33
13
12
12
15
15
27
28
13
14
29
23
24
19
29
14
12
14
15
27
15
13
15
28
31
22
14
25
24
15
18
13
40
18
19
23
28
15
22
25
25
26
39
76
97
110
68
79
102
38
19
29
15
16
19
25
22
12
17
25
27
24
24
12
21
14
14
18
28
14
12
27
18
28
12
27
24
14
25
14
15
13
13
18
18
45
59
105
61
53
133
72
20
14
12
14
14
13
11
10
10
11
10
15
12
12
13
15
11
24
23
12
22
25
32
29
24
13
11
27
16
38
19
19
54
67
115
63
100
97
92
62
25
40
15
25
21
24
11
13
16
15
11
16
25
11
18
16
18
24
22
15
11
12
12
27
12
12
19
25
40
17
39
78
41
94
81
84
55
102
58
46
24
25
15
11
15
15
10
20
11
24
25
16
22
12
18
24
25
23
16
26
27
22
14
24
26
19
21
15
12
18
16
40
30
108
114
58
99
104
101
39
35
37
31
30
27
16
25
17
12
24
24
28
16
32
22
13
27
25
16
22
17
25
15
12
12
45
18
16
29
38
27
51
118
117
92
103
64
91
23
31
16
28
17
26
17
22
11
30
21
26
23
24
26
13
12
14
27
13
27
26
12
11
12
11
24
26
26
15
27
43
41
51
62
81
77
64
108
95
22
38
20
25
13
23
22
26
18
27
24
24
32
19
25
12
25
12
12
21
20
21
27
15
28
12
27
22
16
14
12
26
15
26
31
97
67
83
117
122
96
44
37
18
17
15
13
9
20
12
14
11
11
13
10
11
14
10
10
9
24
10
10
23
9
26
13
11
11
11
16
23
18
42
69
68
70
86
69
84
122
43
21
19
12
13
12
29
10
20
15
10
21
15
22
15
27
16
11
20
12
22
12
12
12
22
26
26
28
25
82
25
18
22
22
162
217
77
73
120
95
62
24
31
30
27
12
11
28
23
13
12
13
21
12
17
13
12
26
14
12
24
14
12
14
35
12
13
11
23
15
33
19
44
76
93
120
99
66
87
44
15
42
16
10
29
17
7
26
12
8
32
11
6
28
18
6
19
20
8
24
16
8
31
13
8
30
24
8
33
22
10
56
49
20
286
83
62
210
88
14
50
33
16
15
19
21
25
22
13
12
26
16
15
14
25
14
14
11
15
25
24
30
11
24
12
11
10
12
12
28
25
39
33
46
80
75
79
108
71
72
20
40
18
24
25
20
28
16
14
28
31
26
17
28
14
16
15
27
14
20
21
23
15
14
21
23
19
26
24
27
13
16
32
33
73
95
86
106
88
111
40
37
39
30
19
46
14
21
23
27
40
15
14
28
28
12
24
18
14
28
25
14
13
24
25
24
17
15
16
19
23
41
71
73
55
115
91
109
43
33
45
33
22
26
16
17
22
23
12
18
27
17
29
13
20
25
28
17
17
27
19
28
20
28
17
23
41
41
26
48
83
139
111
98
291
109
28
22
25
30
26
28
31
27
26
16
27
21
11
15
25
15
15
16
18
25
25
13
27
31
26
28
28
20
41
26
42
111
105
80
92
127
106
92
49
44
26
34
21
21
14
17
19
23
21
25
23
12
25
23
16
19
22
18
15
15
57
31
22
29
22
35
28
20
20
35
112
113
147
95
146
97
72
28
20
39
30
22
19
27
14
13
22
16
29
21
17
16
23
22
17
19
29
30
39
114
21
14
19
23
23
20
42
29
73
153
90
134
109
51
86
38
14
35
24
12
34
21
12
12
37
17
34
11
36
15
39
11
39
15
29
28
11
33
17
13
37
23
13
46
37
110
92
122
77
129
142
80
34
28
15
11
27
31
12
25
24
26
24
28
23
25
17
24
31
30
39
20
63
20
22
18
29
27
20
17
35
38
18
47
119
72
110
79
131
134
62
25
15
25
12
21
26
23
23
25
34
21
12
26
16
26
21
25
30
23
29
18
19
30
27
16
29
14
26
12
11
30
22
29
65
64
127
65
76
100
38
42
17
33
25
22
15
16
32
25
29
22
24
15
12
24
12
16
15
12
29
13
34
17
26
17
14
14
29
26
38
43
35
107
93
88
78
66
81
25
23
29
15
29
14
23
12
12
12
16
22
10
11
14
13
12
12
23
13
11
10
26
12
10
10
22
15
13
11
9
11
16
14
13
26
53
76
48
63
54
85
43
17
12
21
15
12
10
10
16
14
10
12
22
12
162
14
15
15
13
74
10
14
12
10
16
14
14
14
11
14
32
15
22
83
95
62
78
97
62
53
23
47
31
12
14
13
9
9
13
13
13
21
10
34
12
27
26
10
15
14
10
11
26
11
16
12
24
22
11
12
11
23
13
31
30
74
113
77
124
56
91
90
78
26
36
29
26
13
22
11
14
9
21
9
14
11
11
15
15
26
20
26
12
33
13
26
16
11
13
25
32
24
13
19
46
111
82
222
70
102
84
98
35
45
24
24
20
24
24
25
16
16
23
22
25
21
23
24
22
14
12
24
23
12
12
29
16
13
26
24
25
34
18
33
38
81
80
121
153
122
78
74
36
38
31
34
15
30
25
17
18
29
14
12
13
12
26
18
12
15
12
11
19
12
16
18
29
13
22
24
40
29
21
42
54
151
69
92
94
98
94
26
40
32
15
25
13
20
11
12
22
22
13
23
11
11
13
22
14
15
15
25
13
14
21
15
34
14
11
15
17
27
14
33
21
74
83
117
90
147
110
39
35
40
18
17
25
14
24
32
30
27
29
24
32
32
61
33
29
19
33
15
10
30
12
12
36
31
17
41
31
13
72
75
85
160
66
22
184
64
31
146
14
15
40
12
15
10
11
11
12
14
10
11
10
10
10
10
13
10
12
11
18
11
10
10
10
16
32
14
27
33
18
39
94
116
67
55
71
78
25
34
30
17
113
14
13
19
16
22
21
21
12
12
11
16
15
120
13
15
14
13
20
11
12
17
12
18
11
20
31
38
61
78
98
101
79
108
126
37
18
35
33
14
15
27
25
25
25
25
25
15
13
15
25
22
22
15
13
11
11
13
11
12
12
26
16
23
25
20
55
34
59
66
107
70
129
128
40
28
35
15
24
26
20
22
13
11
28
14
14
27
20
46
28
20
22
34
31
45
28
11
30
19
9
30
17
12
44
34
41
178
75
50
181
89
32
74
38
16
37
28
12
31
25
6
62
29
17
15
18
32
13
25
26
15
12
23
13
15
13
26
15
26
21
15
37
29
34
62
68
70
68
75
77
28
17
13
10
9
9
9
9
20
9
10
10
12
11
9
10
48
17
18
21
11
24
31
14
14
27
16
26
21
13
11
17
15
37
45
136
80
124
81
70
63
39
20
33
14
13
20
25
26
29
13
11
24
25
19
16
23
27
15
25
27
18
17
12
27
13
13
28
26
21
44
30
38
90
128
145
123
93
90
130
49
32
27
20
14
20
14
19
28
21
25
31
16
25
30
20
20
21
11
12
12
24
54
15
13
31
12
11
12
16
17
17
29
58
84
86
118
168
123
56
40
40
22
31
27
12
11
22
22
13
25
11
12
13
13
25
15
16
17
12
16
17
25
18
27
15
11
15
16
15
17
21
39
30
39
60
65
68
67
117
52
34
16
17
24
10
36
14
18
12
12
27
14
14
13
16
18
18
11
24
15
13
24
17
19
23
12
25
12
12
20
25
19
130
77
206
103
58
302
63
38
69
35
17
38
24
17
25
29
14
24
127
13
9
12
17
18
12
12
12
12
28
17
11
27
13
18
28
22
36
21
31
42
47
356
94
137
82
38
25
14
40
11
25
10
21
15
12
11
10
23
10
11
12
24
10
12
11
11
13
11
25
25
13
12
18
14
13
22
31
18
33
35
41
91
78
80
92
152
61
50
22
16
37
20
12
22
25
11
12
28
20
13
23
16
22
17
25
12
18
29
17
23
12
27
15
15
15
39
19
65
58
74
84
98
66
62
89
47
39
19
18
12
16
10
11
9
36
22
14
9
29
15
15
12
14
22
14
29
17
15
18
24
37
21
14
13
31
34
27
47
47
92
79
85
479
26
12
28
20
11
49
14
3
38
21
16
25
13
10
24
22
8
24
11
9
23
12
7
27
32
10
10
36
14
12
24
29
18
38
57
102
72
56
119
70
73
26
16
24
11
24
10
11
10
12
10
10
12
24
12
12
32
16
26
17
14
13
34
33
114
13
18
18
17
18
28
200
108
117
116
97
109
125
83
68
36
38
16
27
15
14
9
15
34
10
10
9
11
13
41
12
11
9
10
13
12
6
13
19
6
25
15
5
12
11
8
33
13
8
93
65
63
95
98
37
77
42
8
20
11
7
18
10
13
13
13
9
11
21
10
22
12
14
13
12
8
9
11
10
13
11
13
9
12
12
8
27
10
9
10
12
25
17
79
72
32
123
85
38
41
38
10
107
14
10
46
16
15
14
14
12
10
11
14
15
19
11
10
10
9
12
10
11
21
23
24
23
23
14
62
27
19
69
125
134
76
90
161
63
55
21
33
16
12
21
9
12
10
10
12
13
9
12
9
10
43
13
11
10
25
23
22
14
14
23
50
16
19
29
23
19
29
82
76
61
59
86
144
81
48
33
31
34
27
24
11
15
8
21
11
7
32
18
8
31
18
11
11
42
16
26
10
32
11
36
11
31
11
50
55
44
109
119
43
180
102
80
79
30
8
28
16
13
24
26
14
24
12
17
29
14
11
27
24
27
12
14
17
11
26
31
12
25
11
11
18
24
27
18
21
50
69
101
81
61
65
78
68
44
41
32
42
13
17
32
19
23
26
10
11
42
14
20
12
15
24
17
22
24
16
19
11
12
14
13
10
26
26
25
27
101
119
60
87
58
86
31
21
18
29
30
17
22
10
11
11
19
12
12
13
15
13
11
21
18
28
16
13
12
13
12
22
11
14
10
12
11
11
12
20
41
22
63
75
102
64
75
117
84
54
21
24
29
26
16
9
42
21
6
28
40
38
34
17
12
44
20
27
27
26
51
18
25
12
11
24
27
11
12
37
20
105
190
82
105
66
69
48
16
30
16
14
13
22
10
11
31
24
11
23
25
13
11
13
32
18
15
25
10
11
11
13
15
14
25
29
25
13
12
13
45
84
113
101
60
79
81
75
49
23
25
22
16
15
15
14
13
16
11
24
16
25
16
15
15
47
19
19
27
27
18
30
27
15
26
25
15
14
97
71
74
131
63
140
154
88
26
26
54
18
27
14
14
23
10
29
20
11
12
11
18
33
21
22
24
25
26
14
15
12
21
13
12
12
11
12
16
13
16
25
24
57
141
77
93
107
98
28
36
34
22
28
25
34
22
11
14
22
27
19
18
16
32
20
25
27
25
13
26
27
19
26
12
20
13
13
41
20
28
34
100
134
65
83
97
71
39
16
12
13
12
11
10
13
23
11
11
23
16
15
11
15
15
15
12
28
15
12
14
14
10
12
28
10
14
23
19
26
44
41
55
89
302
86
127
85
38
37
32
24
12
36
33
8
35
20
10
27
23
10
21
31
9
19
13
10
28
15
7
37
20
9
38
26
9
37
30
9
61
80
51
156
127
49
150
68
20
38
30
7
43
19
10
44
34
12
82
27
14
61
46
28
45
64
39
44
23
34
40
30
27
55
90
104
85
70
69
59
54
40
16
14
14
13
15
19
11
27
16
13
14
13
11
22
13
14
22
17
12
13
14
14
11
13
32
14
12
13
16
14
43
32
99
73
89
108
100
68
41
34
32
17
15
25
14
12
26
31
17
25
23
13
13
10
12
11
25
18
24
11
11
16
16
27
94
11
11
19
14
19
41
65
61
110
62
79
31
15
17
27
39
27
16
32
14
24
15
13
10
11
22
13
23
24
111
17
14
23
12
36
23
19
14
11
44
17
31
20
29
19
43
133
63
102
144
158
69
43
30
32
31
13
29
12
16
24
15
32
19
27
28
12
21
26
19
22
12
12
12
11
24
11
11
11
37
28
14
12
17
32
57
74
101
66
62
65
28
24
30
35
28
21
15
26
16
24
12
14
25
13
13
13
14
12
17
11
14
27
26
26
17
13
21
14
14
18
19
22
49
88
59
86
95
71
81
28
34
31
14
12
15
20
11
25
19
10
22
12
11
25
12
36
15
15
11
11
24
13
12
13
21
10
17
11
20
23
26
52
55
86
83
152
74
37
35
35
17
28
17
16
26
15
10
16
11
22
30
11
41
20
12
25
12
13
22
11
13
17
33
18
14
12
11
61
29
50
67
104
63
85
93
92
47
25
16
19
16
13
22
11
11
12
10
24
15
15
14
16
10
43
12
10
11
24
24
29
15
15
12
14
16
10
13
17
26
98
54
80
53
79
63
32
18
21
17
23
21
25
15
12
18
12
24
12
16
15
23
16
14
17
14
17
25
25
30
17
14
23
12
18
25
32
21
49
78
82
85
63
116
133
64
56
26
25
37
18
18
21
13
11
31
16
24
17
13
30
12
14
25
24
13
18
11
24
17
17
22
20
23
32
14
18
30
86
91
83
76
93
70
33
22
33
18
12
24
12
15
14
21
21
29
28
19
14
24
22
25
35
21
20
25
31
28
22
27
20
12
12
29
31
53
117
91
96
162
289
76
28
52
21
17
59
42
10
36
19
7
35
20
9
63
16
13
39
20
30
10
33
10
45
16
38
17
25
34
24
16
193
126
56
138
172
80
69
38
7
28
15
23
12
26
17
21
11
24
24
15
23
11
25
16
15
49
20
19
14
29
17
22
36
29
24
47
37
54
88
80
130
104
85
129
66
35
20
39
21
31
13
14
29
13
10
10
28
15
17
23
27
18
34
14
24
29
25
23
28
13
24
21
26
17
35
69
79
82
103
145
101
133
46
27
40
16
18
20
31
18
25
42
23
14
23
23
26
32
21
37
20
12
11
14
14
11
