-0  0 -0
  0.0162812 -0.00594933    0.289351
0.0298992 -0.010643  0.580843
 0.0422136 -0.0128513   0.877594
 0.0506419 -0.0141975      1.181
 0.0549866 -0.0158802    1.49367
 0.0534694 -0.0182916    1.81341
  0.03926 -0.022236   2.14482
 0.0113289 -0.0266156    2.48294
-0.0224872 -0.0290124    2.83297
-0.0621697 -0.0308336    3.19304
 -0.107148 -0.0321187    3.56533
 -0.162993 -0.0354901    3.95115
 -0.232806 -0.0412778     4.3468
 -0.312374 -0.0474248    4.75752
 -0.396469 -0.0541368    5.17749
 -0.484608 -0.0623208    5.60853
-0.574542 -0.069659   6.05239
 -0.676378 -0.0772405    6.50974
 -0.785179 -0.0843283    6.98338
 -0.900321 -0.0966645    7.46591
 -1.01586 -0.110456   7.96207
 -1.13526 -0.124735    8.4712
 -1.27135 -0.141149   8.99068
  -1.4267 -0.156299   9.51635
 -1.58597 -0.176216   10.0557
 -1.74658 -0.199787   10.6119
 -1.90998 -0.221736    11.176
  -2.0888 -0.247609   11.7492
  -2.2789 -0.276306   12.3333
 -2.47373 -0.307735   12.9292
 -2.67487 -0.344237   13.5331
-2.88366 -0.38453  14.1473
 -3.10131 -0.429302   14.7723
 -3.3265 -0.47967  15.4097
 -3.55949 -0.538493   16.0628
-3.79997 -0.60351   16.718
  -4.0457 -0.674214   17.3833
 -4.30089 -0.748971   18.0564
-4.56583 -0.82594  18.7414
-4.83737 -0.90784  19.4393
 -5.11238 -0.993729    20.146
-5.3994 -1.0793 20.8656
-5.69228 -1.16513  21.5911
-5.99623 -1.24923   22.322
-6.31007 -1.33199   23.059
-6.63932 -1.41393  23.8061
-6.97925 -1.49415  24.5557
 -7.3276 -1.57061  25.3116
-7.68538  -1.6452  26.0719
-8.05325 -1.71862  26.8401
-8.43342 -1.79223  27.6123
-8.82211 -1.86556  28.3921
-9.22251  -1.9373  29.1804
-9.63931 -2.00632  29.9781
-10.0665 -2.07411  30.7836
-10.5036 -2.13938  31.5934
-10.9532 -2.20055  32.4099
 -11.416 -2.26008  33.2351
-11.8883 -2.32201  34.0685
 -12.377 -2.38463  34.9181
-12.8811 -2.44687  35.7806
 -13.387 -2.51084  36.6408
-13.8993 -2.57474  37.5102
-14.4194 -2.64099  38.3923
-14.9426 -2.70755  39.2836
-15.4711 -2.77399  40.1857
-16.0092 -2.84212  41.0992
-16.5537 -2.91124  42.0184
-17.1068 -2.98014  42.9374
-17.6614 -3.04761  43.8497
-18.2231 -3.11346  44.7563
-18.7909 -3.17852  45.6544
-19.3687 -3.24338  46.5426
-19.9608  -3.3069  47.4277
-20.5672 -3.37192  48.3093
 -21.186 -3.43437  49.1872
-21.8114 -3.49371  50.0625
-22.4421 -3.55731  50.9375
-23.0731 -3.62247  51.7972
-23.7111 -3.69149  52.6653
 -24.348 -3.76041  53.5232
-24.9963 -3.82769  54.3849
-25.6462 -3.88893  55.2375
-26.3017 -3.94916  56.0841
-26.9643  -4.0117  56.9318
-27.6269 -4.07497  57.7735
   -28.3 -4.13933  58.6151
-28.9833 -4.20468  59.4555
-29.6756  -4.2707  60.2915
-30.3708 -4.33555  61.1197
-31.0774 -4.39926  61.9484
-31.7941 -4.46518  62.7752
-32.5147  -4.5322  63.5908
 -33.247 -4.59987  64.4038
-33.9981 -4.67117  65.2192
-34.7614 -4.73978  66.0385
-35.5324 -4.80886  66.8488
-36.3114 -4.87759  67.6554
-37.1084 -4.94673  68.4649
-37.9131 -5.01638  69.2595
-38.7363 -5.08832  70.0625
-39.561 -5.1602 70.8504
-40.3914 -5.23238  71.6377
-41.2288 -5.30609  72.4184
-42.0809 -5.38208  73.2052
-42.9393 -5.46057  73.9871
 -43.814 -5.53994  74.7725
-44.6888 -5.62032  75.5489
-45.5749 -5.69984   76.326
-46.4693    -5.78  77.1004
-47.3725 -5.86026  77.8705
-48.2862 -5.94258  78.6468
-49.2036 -6.02568  79.4121
-50.1226 -6.10942   80.176
-51.0506 -6.19448  80.9407
-51.9789 -6.28248  81.6952
-52.9248 -6.37127  82.4472
-53.8847 -6.45865  83.1918
-54.8623 -6.54599   83.926
-55.8513 -6.63262  84.6539
  -56.85 -6.71602  85.3684
-57.8605 -6.80542   86.077
-58.8897 -6.89635  86.7787
-59.9406 -6.99114  87.4788
-60.9909  -7.0856  88.1623
-62.0536 -7.17825  88.8318
-63.1221 -7.27115  89.4818
 -64.203 -7.36569  90.1199
-65.2963 -7.46312  90.7484
-66.3999 -7.56052  91.3673
-67.5153 -7.66015  91.9765
-68.6353 -7.75863  92.5763
-69.7577 -7.85675  93.1628
 -70.894 -7.95467  93.7495
-72.0347  -8.0541  94.3269
-73.178 -8.1583 94.8959
-74.3241 -8.26592  95.4597
-75.4741 -8.37512   96.021
-76.6223 -8.48555  96.5721
 -77.769 -8.59269  97.1153
-78.9221 -8.69587  97.6541
-80.0621 -8.79794   98.183
-81.2007 -8.89465   98.706
-82.3399 -8.99265  99.2248
-83.4715 -9.08698  99.7336
-84.6167 -9.17628  100.236
-85.7435 -9.26488  100.735
-86.8494 -9.35638   101.23
 -87.946 -9.44749  101.713
-89.0339 -9.53823   102.19
-90.1026 -9.63015  102.659
-91.1591 -9.72296  103.125
-92.2063 -9.81422  103.585
-93.2451 -9.90676  104.051
 -94.269 -9.99839  104.513
-95.2885 -10.0879  104.981
-96.3022 -10.1766  105.456
-97.3058 -10.2644  105.938
-98.3044   -10.35   106.43
-99.2936 -10.4344  106.929
 -100.27 -10.5215  107.439
-101.239  -10.608  107.958
-102.196 -10.6974  108.488
-103.141 -10.7874  109.026
-104.082 -10.8755  109.579
-105.007 -10.9626  110.142
-105.921 -11.0484  110.718
-106.822 -11.1336  111.304
-107.702 -11.2179  111.895
-108.568 -11.3021  112.496
-109.419 -11.3856  113.102
-110.258 -11.4681  113.714
-111.084 -11.5513  114.341
-111.889 -11.6293  114.961
-112.677 -11.7041  115.577
-113.451 -11.7796  116.202
-114.214 -11.8544  116.835
-114.973 -11.9289  117.477
-115.716 -12.0016   118.12
-116.441 -12.0715  118.763
-117.154 -12.1385  119.406
-117.854 -12.2026  120.051
-118.542 -12.2657  120.699
-119.219  -12.329  121.347
-119.878 -12.3897  121.993
-120.522 -12.4464  122.636
 -121.15 -12.5018  123.278
-121.765 -12.5558  123.923
-122.364 -12.6075   124.57
-122.946 -12.6566  125.215
-123.513 -12.7041  125.866
-124.063 -12.7494  126.522
-124.605 -12.7936  127.188
-125.139 -12.8389  127.867
-125.661 -12.8818  128.555
-126.169  -12.923   129.25
-126.662 -12.9613  129.948
-127.143 -12.9975  130.646
-127.613 -13.0324  131.352
-128.074 -13.0657  132.061
-128.531 -13.0967  132.777
-128.981 -13.1268  133.503
 -129.42 -13.1576  134.235
-129.851 -13.1872  134.976
-130.275 -13.2157  135.727
-130.697 -13.2439  136.487
-131.117 -13.2712  137.257
-131.536 -13.2966  138.037
-131.963 -13.3206  138.837
-132.388 -13.3418   139.65
-132.811 -13.3583   140.47
-133.233 -13.3732  141.305
-133.653 -13.3864  142.155
-134.07 -13.398  143.02
-134.487 -13.4075  143.902
-134.899 -13.4164  144.795
-135.306 -13.4245  145.705
-135.709 -13.4341  146.627
-136.108 -13.4453  147.569
-136.501 -13.4568  148.526
-136.886 -13.4683  149.501
-137.258 -13.4799  150.501
-137.611 -13.4891  151.517
-137.945 -13.4959  152.553
-138.259 -13.5004   153.61
-138.551 -13.5027  154.685
-138.823 -13.5026  155.771
-139.073 -13.4978  156.879
-139.305   -13.49  158.013
-139.512 -13.4789   159.16
-139.693 -13.4658  160.318
 -139.85 -13.4524  161.486
-139.983 -13.4386  162.675
-140.096 -13.4258  163.883
-140.187 -13.4093   165.11
-140.256 -13.3906  166.355
-140.298 -13.3719  167.614
-140.318 -13.3519  168.879
-140.312 -13.3323  170.157
 -140.28 -13.3143  171.454
-140.225 -13.2976  172.754
-140.143 -13.2837  174.064
-140.034 -13.2734  175.383
  -139.9 -13.2676   176.71
-139.744 -13.2685  178.043
-139.562  -13.276  179.383
-139.355 -13.2915  180.737
 -139.12 -13.3108  182.104
-138.857 -13.3324  183.475
-138.567 -13.3566  184.848
-138.251 -13.3826  186.224
-137.914  -13.411  187.597
-137.552 -13.4456  188.986
-137.159 -13.4821  190.384
-136.738  -13.519  191.788
 -136.29 -13.5612  193.175
-135.815  -13.608  194.563
-135.314  -13.662  195.941
 -134.78 -13.7218  197.337
-134.212 -13.7888  198.726
-133.611 -13.8604  200.103
-132.967 -13.9369  201.478
-132.287 -14.0164  202.836
-131.561 -14.0996  204.184
-130.798  -14.187  205.509
-129.993 -14.2791   206.82
-129.158 -14.3756  208.101
-128.274 -14.4798  209.374
-127.364 -14.5895  210.616
-126.412 -14.7061  211.845
-125.428  -14.825  213.054
-124.394 -14.9476  214.253
-123.343 -15.0717  215.422
-122.264 -15.1998  216.569
-121.154 -15.3347  217.704
 -120.03 -15.4713  218.807
-118.881 -15.6128  219.894
-117.711 -15.7564  220.958
-116.528 -15.9009  221.994
-115.331 -16.0452  222.998
-114.124 -16.1891  223.968
  -112.9 -16.3359  224.905
-111.679 -16.4818    225.8
-110.437 -16.6297  226.668
-109.183 -16.7746  227.499
-107.919 -16.9157  228.297
-106.645 -17.0535  229.058
-105.375 -17.1863  229.775
-104.097 -17.3169  230.454
 -102.83 -17.4442  231.089
-101.545 -17.5716  231.696
-100.262 -17.6981  232.266
-98.977 -17.823 232.803
-97.7062 -17.9458  233.306
-96.4374 -18.0704  233.779
-95.1725 -18.2005  234.223
-93.9007 -18.3378   234.64
-92.6288 -18.4823  235.033
-91.3566 -18.6293    235.4
-90.0757 -18.7759  235.743
-88.8205 -18.9184  236.055
-87.5713 -19.0579  236.338
-86.3354 -19.1953  236.594
-85.1023 -19.3312  236.823
-83.8797  -19.468  237.035
-82.6545 -19.6061  237.227
-81.4179 -19.7479  237.387
-80.1998 -19.8857  237.523
-79.0065 -20.0154  237.643
-77.8296 -20.1408  237.744
-76.6704 -20.2637  237.832
 -75.515 -20.3864  237.912
-74.3788 -20.5076  237.985
-73.2553 -20.6327   238.05
-72.1516 -20.7609  238.108
-71.0587 -20.8842  238.164
-69.9571 -21.0129  238.212
-68.8715 -21.1332  238.258
-67.7905 -21.2454  238.303
-66.7265 -21.3539   238.35
-65.6686 -21.4639  238.397
-64.6245 -21.5752  238.449
-63.5887 -21.6873  238.503
-62.5642 -21.7971  238.556
-61.5463 -21.9079  238.615
-60.5335 -22.0163  238.679
-59.5304 -22.1243  238.749
-58.5259 -22.2357  238.828
-57.5303  -22.344  238.905
-56.5469 -22.4499  238.989
-55.5616 -22.5547  239.082
-54.5758 -22.6597  239.185
 -53.596 -22.7636  239.296
-52.6197 -22.8669  239.411
-51.6507 -22.9683  239.532
-50.6867 -23.0691  239.656
-49.7264 -23.1688  239.788
-48.7695  -23.272  239.929
-47.8208 -23.3727  240.077
-46.8731 -23.4746  240.229
-45.9245 -23.5766  240.388
-44.9802 -23.6775  240.552
-44.0391 -23.7771   240.72
-43.1063 -23.8741  240.892
-42.1704 -23.9704  241.068
-41.2435 -24.0692  241.251
-40.3205 -24.1685  241.445
-39.4058 -24.2666  241.652
-38.4919 -24.3674  241.864
-37.5798 -24.4665  242.082
-36.6643 -24.5667  242.305
-35.7417 -24.6645   242.53
-34.8172 -24.7617  242.758
-33.8874 -24.8607  242.987
 -32.952 -24.9625  243.219
-32.013 -25.065 243.458
-31.0723 -25.1676  243.703
-30.1283 -25.2693  243.949
-29.1799 -25.3712  244.199
-28.2354  -25.473  244.454
-27.2894 -25.5732  244.715
-26.3451 -25.6735  244.981
-25.3981 -25.7754  245.253
-24.4551 -25.8789  245.534
-23.5107  -25.979  245.821
-22.5774 -26.0827  246.113
 -21.641 -26.1838  246.418
-20.7077  -26.285  246.735
-19.7799 -26.3884  247.066
-18.8609 -26.4921  247.406
 -17.951 -26.5935  247.756
-17.0396 -26.6962  248.119
-16.1414 -26.7972   248.49
-15.2432 -26.9005  248.872
-14.3458 -27.0032  249.262
-13.4488 -27.1035  249.659
-12.5574 -27.2042  250.063
-11.6708 -27.3031  250.475
-10.7941 -27.4011  250.892
 -9.9208 -27.4997  251.316
-9.05842  -27.594  251.745
-8.20503  -27.691   252.18
-7.34877 -27.7891  252.623
-6.50682 -27.8829  253.071
-5.66447  -27.976  253.527
-4.82935  -28.067  253.991
-4.00177 -28.1531  254.465
-3.17924 -28.2369  254.949
-2.37184 -28.3199  255.428
-1.56349 -28.4048  255.918
-0.766662  -28.4874   256.409
0.0229879  -28.5689   256.905
0.807088  -28.651  257.412
  1.5878 -28.7304  257.927
2.36531 -28.809 258.449
 3.14432 -28.8871  258.978
 3.91319 -28.9599  259.509
 4.68381 -29.0302  260.048
 5.45658 -29.0992  260.593
 6.23347 -29.1652  261.141
 7.01302 -29.2295  261.695
 7.78853 -29.2941  262.248
8.56376 -29.357 262.801
 9.33831 -29.4197  263.355
 10.1177 -29.4838  263.915
 10.8967 -29.5485  264.474
 11.6764 -29.6105  265.037
 12.4535 -29.6693    265.6
 13.2314 -29.7269  266.166
 14.0157 -29.7834  266.737
 14.8007 -29.8372  267.312
 15.5903 -29.8913  267.895
 16.3857 -29.9437  268.483
 17.1798 -29.9952  269.068
 17.9813 -30.0459  269.659
 18.7779 -30.0954  270.245
 19.5726 -30.1426  270.833
 20.3653 -30.1879   271.42
 21.1525 -30.2329  272.005
 21.9346 -30.2762  272.589
 22.7196 -30.3155  273.177
 23.5014 -30.3541   273.77
 24.2845 -30.3901  274.367
 25.0637 -30.4251  274.964
 25.8355 -30.4584  275.564
 26.6028 -30.4889  276.169
 27.3525 -30.5186  276.773
 28.1057 -30.5482  277.388
 28.8585 -30.5729  278.011
 29.6081 -30.5994  278.641
 30.3476 -30.6228  279.274
 31.0783 -30.6421  279.911
 31.8045 -30.6637  280.557
32.5226 -30.686 281.215
 33.2416 -30.7051  281.888
 33.9577 -30.7242  282.576
 34.6635 -30.7404  283.277
 35.3592 -30.7555   283.98
 36.0514 -30.7663  284.698
 36.7401 -30.7752  285.431
37.4255 -30.782 286.173
 38.1083 -30.7843  286.928
 38.7838 -30.7838  287.688
 39.4502 -30.7811  288.462
 40.1068 -30.7766  289.253
 40.7593 -30.7719  290.059
41.3941 -30.764 290.871
 42.0227 -30.7539  291.702
 42.6504 -30.7398  292.544
 43.2639 -30.7265  293.399
43.8683 -30.711 294.268
 44.4635 -30.6944  295.147
 45.0532 -30.6779  296.041
45.6361 -30.663 296.942
 46.2135 -30.6447  297.851
 46.7846 -30.6254  298.773
  47.352 -30.6059  299.708
  47.909 -30.5828  300.649
 48.4618 -30.5568  301.597
 49.0091 -30.5285   302.55
 49.5576 -30.5017  303.513
  50.103 -30.4745  304.472
 50.6478 -30.4519  305.439
 51.1937 -30.4324  306.413
 51.7449 -30.4181  307.393
 52.3024 -30.4039  308.379
 52.8597 -30.3887  309.368
 53.4189 -30.3741   310.36
 53.9765 -30.3594  311.354
54.5346 -30.347 312.352
 55.0956 -30.3337  313.355
 55.6521 -30.3224  314.355
 56.2057 -30.3108  315.362
 56.7511 -30.2998  316.371
 57.2853 -30.2876   317.38
 57.8111 -30.2746  318.396
 58.3197 -30.2622  319.417
  58.812 -30.2487   320.44
 59.2898 -30.2332  321.467
 59.7518 -30.2183  322.502
 60.2033 -30.2033  323.542
 60.6399 -30.1854  324.584
  61.061 -30.1666  325.628
 61.4651 -30.1483   326.68
 61.8514 -30.1303  327.733
 62.2199 -30.1125  328.783
62.5758 -30.094  329.84
 62.9201 -30.0754  330.904
  63.259 -30.0569  331.966
 63.5969 -30.0362  333.034
 63.9297 -30.0169  334.097
 64.2579 -29.9974  335.158
 64.5797 -29.9794  336.216
 64.8958 -29.9623  337.276
  65.207 -29.9459  338.338
 65.5083 -29.9321  339.401
 65.8033 -29.9185  340.468
 66.0922 -29.9044  341.537
 66.3679 -29.8884  342.602
 66.6387 -29.8711  343.673
 66.9007 -29.8526  344.729
  67.161 -29.8383  345.784
  67.418 -29.8228  346.834
 67.6727 -29.8114  347.894
 67.9186 -29.7991  348.943
  68.165 -29.7874  349.988
 68.4185 -29.7754  351.015
 68.6802 -29.7626  352.021
 68.9562 -29.7517  353.009
 69.2398 -29.7404  353.976
  69.529 -29.7288  354.926
 69.8178 -29.7179   355.86
 70.1036 -29.7078  356.778
 70.3893 -29.6979  357.691
 70.6698 -29.6893  358.599
70.9417 -29.681 359.504
 71.2066 -29.6719  360.407
  71.459 -29.6613  361.316
 71.6945 -29.6526  362.222
 71.9142 -29.6439  363.126
 72.1165 -29.6354  364.032
 72.2962 -29.6279  364.938
 72.4511 -29.6192  365.847
 72.5788 -29.6117  366.758
 72.6837 -29.6078  367.669
  72.761 -29.6051  368.577
 72.8097 -29.6006  369.489
 72.8316 -29.6013  370.405
 72.8272 -29.5996  371.326
72.7887 -29.597 372.236
 72.7232 -29.5971  373.153
 72.6323 -29.5968  374.069
 72.5138 -29.6013  374.983
 72.3754 -29.6044  375.902
 72.2175 -29.6009  376.828
 72.0461 -29.6022  377.762
 71.8742 -29.6002  378.699
 71.6996 -29.5957  379.637
 71.5254 -29.5952  380.589
 71.3506 -29.5998  381.556
 71.1802 -29.6073  382.535
71.0142 -29.614 383.519
  70.851 -29.6229  384.513
 70.6893 -29.6345  385.521
 70.5288 -29.6481  386.536
 70.3663 -29.6644  387.569
 70.2009 -29.6818  388.614
 70.0297 -29.6997  389.668
 69.8577 -29.7159  390.735
69.6831 -29.731 391.809
 69.5069 -29.7469   392.89
 69.3295 -29.7634  393.984
  69.149 -29.7829  395.086
68.9689 -29.805  396.19
 68.7869 -29.8293  397.298
 68.6016 -29.8561  398.409
 68.4123 -29.8845  399.525
 68.2114 -29.9141  400.639
      68 -29.9445  401.748
 67.7735 -29.9775  402.857
 67.5339 -30.0107  403.968
 67.2828 -30.0451  405.077
 67.0191 -30.0794  406.189
66.7489 -30.114 407.286
 66.4685 -30.1488   408.37
 66.1793 -30.1839  409.441
 65.8814 -30.2221  410.514
 65.5749 -30.2614  411.579
 65.2623 -30.3012   412.64
 64.9468 -30.3416  413.698
 64.6299 -30.3812  414.754
 64.3067 -30.4257  415.809
 63.9816 -30.4698  416.853
 63.6469 -30.5152  417.905
 63.3063 -30.5634  418.943
  62.952 -30.6118  420.005
 62.5957 -30.6587  421.059
 62.2354 -30.7057  422.099
 61.8717 -30.7524   423.15
 61.5081 -30.7983  424.203
 61.1454 -30.8377  425.259
 60.7828 -30.8769  426.314
 60.4212 -30.9158  427.371
 60.0554 -30.9556  428.428
 59.6828 -30.9948  429.493
 59.3097 -31.0359  430.557
58.9335 -31.076 431.619
 58.5523 -31.1156  432.681
58.1672 -31.154 433.741
 57.7828 -31.1897    434.8
  57.397 -31.2232  435.857
 57.0116 -31.2542  436.914
 56.6293 -31.2825  437.969
  56.251 -31.3094  439.024
 55.8795 -31.3348  440.077
  55.506 -31.3583  441.131
 55.1334 -31.3786  442.182
 54.7633 -31.3981  443.228
 54.3972 -31.4169  444.274
 54.0384 -31.4353  445.316
 53.6798 -31.4526  446.355
 53.3244 -31.4691  447.395
 52.9729 -31.4823   448.43
 52.6248 -31.4928  449.459
 52.2779 -31.5031  450.483
 51.9368 -31.5115  451.508
 51.5952 -31.5202  452.525
 51.2598 -31.5269  453.541
 50.9239 -31.5345  454.542
 50.5887 -31.5412  455.535
50.2541 -31.548 456.533
 49.9206 -31.5531  457.519
 49.5868 -31.5588  458.505
 49.2537 -31.5624  459.486
 48.9241 -31.5668  460.458
  48.597 -31.5704  461.418
 48.2696 -31.5739  462.379
 47.9458 -31.5774  463.332
 47.6225 -31.5787  464.278
 47.2997 -31.5793  465.217
 46.9753 -31.5802  466.152
 46.6546 -31.5796   467.08
 46.3361 -31.5782  468.007
 46.0191 -31.5734  468.926
 45.7034 -31.5663  469.844
 45.3894 -31.5574  470.759
 45.0762 -31.5454   471.67
 44.7613 -31.5304  472.575
 44.4475 -31.5123  473.475
44.1344 -31.492  474.37
 43.8217 -31.4701  475.261
 43.5054 -31.4476  476.148
 43.1916 -31.4246  477.032
 42.8802 -31.3997  477.909
 42.5702 -31.3776  478.771
 42.2681 -31.3557  479.626
 41.9738 -31.3316  480.477
 41.6777 -31.3078  481.321
 41.3831 -31.2851  482.155
41.1008 -31.264 482.962
 40.8178 -31.2421  483.769
 40.5414 -31.2223  484.565
 40.2676 -31.2043  485.346
 39.9987 -31.1881  486.116
  39.735 -31.1715  486.884
 39.4759 -31.1549  487.645
 39.2171 -31.1381  488.406
38.9587 -31.122 489.163
38.7092 -31.107 489.923
 38.4642 -31.0917  490.683
 38.2224 -31.0726  491.447
 37.9914 -31.0539  492.213
 37.7725 -31.0328  492.986
 37.5678 -31.0085  493.762
 37.3792 -30.9798  494.541
  37.205 -30.9473  495.324
 37.0498 -30.9115   496.11
 36.9184 -30.8763  496.899
 36.8088 -30.8388  497.685
 36.7221 -30.7996  498.475
 36.6569 -30.7608  499.265
 36.6133 -30.7219   500.06
 36.5915 -30.6818  500.859
36.5903 -30.642 501.657
  36.612 -30.6006  502.462
  36.654 -30.5569  503.268
 36.7146 -30.5123  504.075
 36.7978 -30.4656  504.889
 36.9002 -30.4181  505.698
 37.0234 -30.3706  506.508
 37.1657 -30.3237  507.316
 37.3265 -30.2747  508.127
37.5034 -30.227 508.938
 37.6956 -30.1787  509.753
 37.9024 -30.1309  510.567
 38.1253 -30.0826  511.382
 38.3656 -30.0337  512.196
 38.6208 -29.9852  513.012
 38.8916 -29.9354  513.827
 39.1845 -29.8811  514.646
39.4941 -29.827 515.461
 39.8142 -29.7758  516.271
 40.1487 -29.7206  517.072
40.4996 -29.666  517.87
 40.8629 -29.6158  518.666
 41.2369 -29.5637  519.456
 41.6385 -29.5106  520.247
 42.0574 -29.4594  521.024
 42.4958 -29.4072  521.796
 42.9524 -29.3512  522.557
 43.4319 -29.2935  523.309
 43.9333 -29.2355  524.044
 44.4503 -29.1792  524.758
 44.9861 -29.1211  525.455
 45.5381 -29.0615  526.132
46.1036 -29.003 526.791
46.6815 -28.944 527.434
 47.2723 -28.8853  528.067
 47.8786 -28.8242  528.686
 48.4983 -28.7601  529.295
 49.1257 -28.6961  529.894
   49.77 -28.6326  530.486
 50.4278 -28.5644  531.066
 51.1031 -28.4912  531.637
 51.7964 -28.4176  532.205
 52.4971 -28.3452  532.758
 53.2128 -28.2684  533.297
 53.9418 -28.1893  533.818
 54.6845 -28.1093  534.321
 55.4465 -28.0267  534.809
 56.2237 -27.9445  535.279
 57.0217 -27.8629   535.73
 57.8289 -27.7794  536.162
 58.6515 -27.6947   536.58
59.4909 -27.609  536.98
 60.3425 -27.5222  537.362
 61.2106 -27.4338  537.725
 62.0933 -27.3451  538.069
62.9908 -27.258 538.391
 63.9038 -27.1688   538.69
 64.8314 -27.0798  538.965
 65.7719 -26.9893  539.214
 66.7211 -26.8973  539.437
 67.6824 -26.8038  539.638
 68.6564 -26.7103  539.815
  69.638 -26.6153  539.969
 70.6231 -26.5197    540.1
 71.6229 -26.4238  540.209
  72.634 -26.3255  540.294
 73.6516 -26.2263  540.356
 74.6797 -26.1238  540.394
 75.7126 -26.0203  540.408
 76.7485 -25.9159  540.398
 77.7876 -25.8122  540.361
 78.8356 -25.7093  540.295
 79.8881 -25.6058  540.201
  80.947 -25.5019   540.08
 81.9998 -25.3989  539.935
 83.0562 -25.2952  539.769
 84.1173 -25.1902  539.597
 85.1835 -25.0868  539.388
  86.252 -24.9843  539.156
 87.3209 -24.8834  538.899
 88.3824 -24.7856  538.625
 89.4529 -24.6888  538.322
  90.515 -24.5949  537.998
 91.5747 -24.4985  537.651
 92.6294 -24.4003  537.284
93.6815 -24.302 536.896
 94.7329 -24.2042  536.492
 95.7783 -24.1044  536.075
 96.8293 -24.0053  535.645
 97.8856 -23.9069  535.206
 98.9416 -23.8068  534.765
 100.004 -23.7046  534.322
101.075   -23.6 533.879
  102.15 -23.4925  533.435
103.227 -23.381  532.99
 104.309 -23.2659   532.54
 105.397 -23.1488  532.083
 106.487 -23.0299  531.626
 107.583 -22.9121  531.163
 108.689 -22.7953  530.694
   109.8 -22.6798  530.222
 110.914 -22.5626   529.75
 112.036 -22.4437  529.287
 113.159 -22.3219  528.809
 114.286 -22.1964  528.327
 115.419 -22.0695  527.839
116.555  -21.94 527.348
 117.693 -21.8133  526.852
 118.836 -21.6855  526.353
 119.986 -21.5574  525.856
121.147 -21.428 525.355
 122.317 -21.2964  524.853
 123.479 -21.1655  524.355
124.662 -21.038 523.846
 125.855 -20.9123  523.332
  127.06 -20.7868  522.826
 128.272 -20.6566  522.303
 129.491 -20.5226  521.779
 130.707 -20.3894  521.259
 131.932 -20.2571  520.736
  133.16 -20.1251   520.21
134.405  -19.99 519.673
  135.65 -19.8553  519.134
 136.909 -19.7194  518.589
 138.167 -19.5853  518.045
 139.436 -19.4494  517.495
140.712 -19.311  516.94
 141.982 -19.1729  516.395
 143.257 -19.0348   515.85
 144.558 -18.8955  515.295
 145.841 -18.7599  514.747
 147.138 -18.6214  514.184
 148.429 -18.4848   513.62
 149.722 -18.3502  513.052
 151.015 -18.2151  512.484
 152.307 -18.0794  511.921
 153.598 -17.9425  511.364
 154.892 -17.8029  510.804
  156.18 -17.6643  510.249
 157.466 -17.5255   509.69
158.754 -17.388 509.129
 160.037 -17.2545   508.57
 161.325 -17.1194  508.012
 162.624 -16.9837  507.465
 163.916 -16.8438  506.919
  165.21 -16.6981  506.378
 166.493 -16.5547  505.834
 167.779 -16.4173  505.294
 169.056 -16.2843  504.763
 170.342 -16.1523  504.231
171.625 -16.021 503.703
 172.909 -15.8874  503.173
 174.193 -15.7513  502.643
 175.465 -15.6172  502.118
 176.744 -15.4852  501.585
 178.017 -15.3557  501.052
 179.278 -15.2302  500.518
180.542 -15.105 499.982
181.798 -14.978 499.448
183.053 -14.848  498.91
184.297 -14.718 498.367
 185.535 -14.5876  497.825
 186.772 -14.4583  497.275
 188.012 -14.3306  496.723
189.255 -14.205 496.168
 190.477 -14.0811  495.618
 191.691 -13.9575  495.074
 192.903 -13.8331  494.522
 194.098 -13.7102  493.971
 195.263 -13.5885  493.432
 196.411 -13.4701  492.898
  197.54 -13.3517  492.372
 198.655 -13.2345  491.852
 199.751 -13.1198  491.341
 200.831 -13.0061  490.834
  201.89 -12.8962  490.335
 202.939 -12.7867  489.843
 203.962 -12.6812  489.369
 204.969 -12.5772  488.907
  205.96 -12.4746  488.462
 206.946 -12.3731  488.031
 207.931 -12.2723  487.616
 208.911 -12.1726  487.222
 209.886 -12.0757  486.851
210.858 -11.979 486.509
 211.834 -11.8862  486.186
 212.802 -11.7954  485.879
 213.773 -11.7047  485.596
 214.748 -11.6156   485.33
 215.744 -11.5221  485.079
 216.733 -11.4299  484.853
 217.729 -11.3376  484.653
  218.73 -11.2434   484.47
 219.731 -11.1453  484.314
 220.729 -11.0474  484.179
 221.728 -10.9483  484.067
222.732 -10.848 483.972
 223.734 -10.7505  483.894
 224.735 -10.6538   483.84
 225.741 -10.5576  483.807
  226.75 -10.4635  483.801
227.763 -10.372 483.824
 228.776 -10.2832  483.878
 229.794 -10.1945  483.965
 230.812 -10.1051  484.083
 231.832 -10.0147  484.234
 232.849 -9.92186   484.42
 233.868 -9.83012  484.636
 234.878 -9.73729  484.887
  235.89 -9.64052  485.166
 236.896 -9.55006  485.473
 237.903 -9.45974  485.813
238.905  -9.371 486.182
 239.894 -9.28356  486.577
 240.885 -9.19464  487.007
 241.864 -9.10545  487.462
 242.822 -9.01731  487.948
 243.784 -8.92629  488.463
 244.736 -8.83823  489.012
 245.685 -8.74453  489.595
 246.623 -8.64947  490.205
 247.545 -8.55383  490.831
 248.454 -8.45473  491.487
 249.345 -8.35323  492.168
 250.227 -8.25049   492.87
   251.1 -8.14663  493.596
 251.954 -8.04424  494.345
 252.812 -7.93825  495.112
 253.656 -7.83333  495.893
 254.491 -7.72726  496.685
 255.326 -7.62112  497.495
 256.151 -7.51775  498.312
256.972 -7.4157 499.144
 257.787 -7.31614  499.984
 258.591 -7.22044  500.831
 259.392 -7.12546  501.686
  260.19 -7.03067  502.544
 260.983 -6.93426  503.401
  261.77 -6.83832  504.261
 262.554 -6.73897   505.12
 263.333 -6.63867   505.98
 264.111 -6.53872  506.846
 264.887 -6.44042  507.707
  265.66 -6.34738  508.563
 266.425 -6.25764  509.413
 267.185 -6.16951  510.257
 267.938 -6.08158  511.092
 268.686 -5.99315  511.916
  269.43 -5.90504  512.727
  270.17 -5.81695  513.522
 270.901 -5.73074  514.295
 271.631 -5.64677  515.053
 272.357 -5.56491  515.789
 273.089 -5.48904  516.505
 273.814 -5.41733  517.193
 274.531 -5.34861  517.853
 275.244 -5.28301  518.488
275.953 -5.2204 519.099
 276.658 -5.16393  519.684
  277.35 -5.11401  520.238
 278.031 -5.07061  520.769
 278.703 -5.03659  521.284
 279.372 -5.00361  521.773
 280.053 -4.97997  522.244
 280.729 -4.96306  522.696
 281.408 -4.94239  523.117
 282.094 -4.91926  523.508
 282.782 -4.90047  523.859
 283.466 -4.87985  524.177
 284.156 -4.85994  524.459
 284.859 -4.83957  524.715
 285.571 -4.82355   524.95
 286.291 -4.81074  525.157
 287.029 -4.79802   525.33
 287.775 -4.78752  525.471
 288.527 -4.77774  525.586
289.283 -4.7649 525.668
  290.04 -4.74523  525.706
290.792 -4.7271 525.712
  291.54 -4.70951  525.696
 292.285 -4.69344  525.644
 293.024 -4.67615  525.558
 293.754 -4.66028  525.452
 294.488 -4.64579  525.335
 295.22 -4.6323 525.198
 295.949 -4.61544  525.042
 296.676 -4.59812  524.872
 297.405 -4.57986  524.691
 298.141 -4.55839  524.508
 298.866 -4.53793    524.3
  299.59 -4.51808  524.079
 300.315 -4.49462  523.842
 301.038 -4.46836  523.592
 301.751 -4.44522  523.325
 302.465 -4.42192  523.032
 303.166 -4.39888  522.719
 303.857 -4.37299  522.381
 304.545 -4.35082  522.032
 305.206 -4.32838  521.636
 305.841 -4.30356  521.212
 306.456 -4.27444  520.764
 307.054 -4.24683  520.292
  307.63 -4.21816  519.796
 308.176 -4.18785  519.274
308.686 -4.1572 518.742
 309.171 -4.12979   518.19
 309.622 -4.10269  517.629
 310.046 -4.07462  517.066
 310.451 -4.04616  516.495
 310.835 -4.01671  515.912
 311.211 -3.98723  515.327
 311.564 -3.95711  514.717
 311.899 -3.92625  514.099
 312.217 -3.89329  513.464
 312.515 -3.85986  512.816
 312.801 -3.82401   512.16
 313.065 -3.78848  511.496
  313.31 -3.75831  510.827
 313.534 -3.72458  510.143
 313.735 -3.68925  509.454
313.911 -3.6486 508.761
314.063 -3.6121 508.062
 314.193 -3.57985  507.347
 314.309 -3.54605  506.637
 314.396 -3.50568  505.922
 314.462 -3.46636    505.2
 314.502 -3.42488  504.465
 314.519 -3.38453  503.721
 314.512 -3.34336  502.975
 314.483 -3.30271  502.215
 314.438 -3.26225  501.448
 314.374 -3.22129  500.676
 314.297 -3.18289  499.899
  314.21 -3.14383  499.115
314.108 -3.1054  498.32
 313.992 -3.06525  497.516
 313.869 -3.02788  496.705
 313.733 -2.99128  495.887
 313.585 -2.95095  495.061
 313.427 -2.90748  494.227
 313.263 -2.86788  493.385
 313.097 -2.82765  492.535
 312.93 -2.7848  491.68
 312.758 -2.74373  490.815
 312.582 -2.70284  489.943
 312.403 -2.66159  489.058
 312.223 -2.61963  488.165
 312.037 -2.57524  487.263
  311.85 -2.52904  486.355
 311.663 -2.48435  485.437
 311.474 -2.44042   484.51
 311.275 -2.39523   483.57
 311.077 -2.35049  482.634
 310.875 -2.30672  481.684
 310.667 -2.26171  480.724
 310.457 -2.21506  479.759
 310.245 -2.17077  478.789
 310.031 -2.12643  477.817
 309.825 -2.08071  476.853
 309.608 -2.03463  475.872
  309.39 -1.98946  474.888
 309.169 -1.94332  473.906
 308.946 -1.89439  472.926
308.723  -1.852  471.95
 308.493 -1.80618  470.955
 308.267 -1.76136  469.963
 308.045 -1.71464  468.972
 307.827 -1.67075  467.983
307.616 -1.6279 466.986
307.401 -1.5852 465.988
 307.198 -1.54522  464.994
 307.002 -1.51028  464.003
  306.81 -1.47631  463.006
 306.627 -1.44566  462.006
 306.454 -1.41699  460.998
 306.285 -1.38499  459.993
 306.126 -1.35284  458.987
 305.976 -1.31766  457.976
 305.839 -1.28153  456.972
 305.719 -1.24399  455.966
 305.617 -1.20883  454.965
 305.533 -1.17254  453.964
 305.462 -1.14079  452.965
 305.401 -1.10924   451.96
 305.352 -1.07558  450.958
 305.318 -1.04369  449.952
 305.298 -1.00811  448.945
 305.297 -0.97189   447.94
  305.311 -0.935533   446.928
   305.34 -0.897292   445.915
  305.377 -0.858384   444.908
  305.429 -0.819189   443.905
  305.493 -0.779486     442.9
  305.567 -0.738043   441.902
  305.655 -0.696346   440.902
  305.758 -0.652551     439.9
  305.869 -0.607934   438.905
  305.99 -0.56115   437.91
 306.125 -0.51701  436.917
  306.271 -0.472273   435.928
   306.43 -0.427851   434.937
  306.606 -0.384853   433.938
  306.792 -0.344487   432.947
 306.987 -0.30496  431.958
  307.195 -0.266304    430.97
  307.409 -0.229343   429.988
  307.632 -0.194226   429.006
  307.864 -0.156764   428.022
  308.101 -0.121075   427.053
   308.352 -0.0836417    426.083
  308.607 -0.045977   425.121
    308.865 -0.00461122     424.157
  309.135 0.0348256   423.201
  309.413 0.0730226   422.252
 309.695 0.114133  421.308
 309.984 0.155355  420.371
310.276 0.19744 419.436
 310.572 0.238527  418.515
 310.873 0.279827  417.599
 311.177 0.319818  416.696
 311.486 0.355774  415.806
 311.798 0.390227  414.924
 312.111 0.420016  414.057
 312.426 0.447223  413.208
 312.738 0.469853  412.377
 313.053 0.486061  411.569
313.364 0.49556 410.783
 313.673 0.498947  410.036
 313.981 0.498141  409.305
 314.284 0.490125  408.589
 314.577 0.473264  407.898
 314.859 0.452894  407.233
315.134 0.43403 406.587
 315.404 0.412355  405.945
 315.667 0.388746  405.303
 315.923 0.364575  404.661
316.173 0.33752 404.024
316.411 0.31442 403.397
 316.639 0.294703  402.772
  316.85 0.279361   402.14
 317.038 0.262253  401.501
 317.206 0.247321  400.857
 317.347 0.236117  400.219
 317.464 0.228502  399.586
 317.552 0.225534  398.948
 317.614 0.228609  398.312
 317.647 0.233811  397.677
 317.651 0.237279  397.044
 317.632 0.245288   396.41
 317.588 0.260976  395.776
 317.509 0.281169  395.136
 317.398 0.298122  394.497
 317.259 0.314847  393.858
 317.097 0.335529  393.233
 316.902 0.360273    392.6
 316.671 0.385898  391.976
 316.412 0.409496  391.366
 316.121 0.434888  390.759
 315.804 0.461762  390.157
315.464 0.48592  389.56
 315.101 0.509161   388.97
 314.716 0.535559  388.387
 314.31 0.56315 387.807
 313.881 0.589505  387.226
313.436 0.61339 386.642
 312.978 0.638985  386.052
   312.5 0.665077  385.454
 312.006 0.690195  384.851
311.494 0.71741 384.244
 310.964 0.745421  383.629
 310.413 0.771456  383.006
 309.849 0.798816  382.371
 309.282 0.827795  381.729
 308.709 0.856352   381.07
308.135  0.8857 380.391
 307.557 0.915156    379.7
 306.973 0.944801      379
 306.377 0.975433   378.29
305.773  1.0048 377.569
305.169 1.03348 376.846
 304.55 1.06357 376.106
303.926 1.09493 375.353
303.295 1.12368 374.588
302.659 1.15204 373.817
302.018 1.18009 373.038
301.374 1.20526 372.248
300.732 1.22604 371.458
300.082 1.24775 370.656
299.433 1.26411 369.845
298.785 1.28126 369.035
298.135 1.29786 368.217
297.483 1.31436 367.395
296.836 1.33341 366.569
  296.2 1.35335 365.745
 295.56 1.37239 364.902
294.925 1.39435 364.056
294.298 1.41702 363.209
293.672 1.43869 362.355
293.053 1.45741 361.492
292.447 1.47542 360.622
 291.86 1.49154 359.754
291.287  1.5062 358.868
290.725   1.522 357.962
290.185 1.53551 357.054
289.661 1.54952 356.134
289.142  1.5643 355.197
288.638 1.58071 354.254
288.139 1.59742 353.296
287.654 1.62141  352.34
287.173 1.64459 351.369
 286.71 1.66389 350.393
286.253 1.68177   349.4
285.808 1.69861 348.401
285.374 1.71269 347.397
284.951 1.72749 346.386
284.537 1.74059 345.366
284.131 1.75328 344.342
283.727 1.76816 343.309
283.331 1.78596 342.272
282.939 1.80447 341.228
282.548 1.82025 340.182
282.155  1.8392 339.128
 281.76 1.85593 338.064
281.368 1.86954 336.999
 280.97 1.88651 335.925
280.575 1.90475 334.842
280.178 1.92261 333.758
279.781 1.94283 332.665
 279.39 1.95984 331.573
279.003 1.97629 330.477
278.612 1.98909 329.366
278.218 2.00854 328.242
277.818 2.03234 327.116
277.413 2.05776 325.988
277.006 2.08402 324.861
276.602 2.10869 323.731
276.197 2.13041 322.592
 275.79 2.15316 321.443
275.384  2.1772 320.289
274.975 2.20394 319.129
274.553 2.23073 317.957
274.122 2.25836 316.779
273.683 2.28687  315.61
273.233 2.31365 314.441
 272.77 2.33913 313.271
272.292 2.36431 312.102
 271.79 2.39332 310.922
271.284 2.42381 309.759
270.752 2.45422 308.582
270.223 2.48043 307.421
269.676 2.50679 306.239
269.127 2.53214  305.07
268.562  2.5635 303.886
267.994 2.59971 302.717
267.416  2.6363 301.557
266.836 2.67304 300.397
266.246 2.70873 299.225
265.673 2.73762 298.058
265.085 2.76929 296.878
  264.5 2.80227 295.697
263.911 2.83626 294.526
263.316 2.87075 293.348
262.712 2.90686 292.161
262.115 2.94453 290.979
261.513 2.98146  289.79
260.914 3.01783 288.598
260.314 3.05396 287.405
259.706 3.09227 286.209
259.095 3.13173 285.014
258.477 3.17311 283.817
257.858 3.21536 282.618
257.238  3.2556 281.415
256.616 3.29579 280.206
255.986 3.33598 278.987
255.356 3.37646 277.772
254.723 3.41818 276.555
254.094 3.45767 275.337
253.477 3.49437 274.123
252.854 3.53082 272.898
252.224 3.56891 271.666
251.592 3.60801 270.432
250.957  3.6477 269.197
250.319 3.68553 267.956
 249.68 3.72327 266.712
249.038 3.76056 265.464
248.394 3.79796  264.21
247.746 3.83628 262.952
247.093 3.87633 261.688
 246.44  3.9166 260.424
245.783 3.95617 259.158
245.125 3.99343 257.894
244.469 4.02995 256.628
243.811 4.06546 255.357
243.155 4.10492 254.088
242.483 4.14343 252.801
241.799 4.18538 251.513
241.116 4.22701 250.233
240.432 4.26728 248.956
239.745 4.30426 247.674
 239.06 4.34053 246.399
238.369  4.3774 245.122
237.683  4.4169 243.852
236.986 4.46015 242.573
236.291 4.50353 241.299
235.593 4.54661 240.017
234.891  4.5902 238.733
234.191 4.63412 237.452
233.488  4.6802 236.166
232.796 4.72431 234.894
232.099 4.76756 233.604
231.405  4.8104 232.319
230.712 4.85277 231.025
230.021 4.89609 229.733
229.326 4.94099 228.435
228.637 4.98597  227.14
227.957 5.02964 225.853
227.285 5.06764 224.564
226.613 5.10375 223.267
225.949 5.13876  221.98
225.283 5.17867 220.683
224.622 5.21973 219.394
 223.96  5.2616 218.102
  223.3 5.30461 216.808
222.641 5.34692 215.504
221.987 5.39123 214.202
221.346 5.43444 212.902
220.713 5.47587 211.596
220.091 5.51583 210.285
219.484 5.55463 208.966
218.885 5.58874 207.642
218.295 5.62575 206.308
217.716 5.66265 204.971
217.139 5.69943 203.635
 216.58 5.73544 202.303
216.025 5.77114 200.967
215.461 5.80292 199.592
 214.92 5.83425 198.252
 214.38 5.86775 196.904
213.846 5.90227 195.556
213.317 5.93528 194.211
212.792 5.96756 192.862
212.272 5.99742 191.509
211.758 6.02676 190.155
211.246 6.05777   188.8
210.738 6.09022 187.444
210.235 6.12296 186.092
209.734 6.15537 184.737
209.233 6.18741 183.375
208.737 6.21908 182.016
208.237 6.25115 180.646
207.747 6.28059 179.279
207.265 6.31023 177.904
206.775 6.34066 176.513
206.293 6.37713 175.133
205.813 6.41414 173.761
205.332 6.45055 172.385
 204.85 6.48661 171.012
204.371 6.52079 169.642
203.892 6.55428 168.266
203.416 6.58566 166.891
202.941 6.61332 165.511
202.466 6.64093 164.129
201.999 6.66815 162.752
201.531 6.69706 161.379
 201.07 6.72456 160.005
200.607 6.75188  158.63
200.147 6.77776 157.256
199.685 6.80186  155.88
199.224 6.82538 154.506
198.767 6.84704 153.134
198.309 6.86894 151.765
197.847 6.89146 150.396
197.381 6.91524 149.026
196.904 6.94228 147.652
196.422 6.97187 146.287
195.926 7.00488 144.921
195.419 7.03916 143.563
194.904 7.07399 142.215
194.379 7.10761 140.878
193.835 7.13858 139.539
193.278 7.16841 138.206
192.706 7.19887 136.887
192.122  7.2307 135.579
191.518 7.26291 134.272
190.903 7.29424 132.977
190.272 7.32469 131.696
 189.63 7.35603 130.423
188.966 7.38615 129.157
188.291 7.41873 127.898
  187.6 7.45311 126.653
186.896 7.49028 125.416
186.181 7.52568 124.191
185.456 7.55956 122.976
184.729 7.59074 121.772
183.971 7.62057 120.555
183.226 7.65284 119.372
182.457 7.68536 118.163
181.682 7.72135 116.968
180.909 7.75485 115.779
180.131  7.7834 114.587
179.345 7.81569 113.408
 178.55 7.84861 112.225
177.763 7.88504 111.066
176.947 7.92242 109.872
176.143 7.95827 108.701
175.331 7.99489  107.53
174.502  8.0322  106.35
173.661 8.07512 105.179
172.815 8.11682 104.016
171.957 8.15532 102.858
171.086 8.19163 101.707
170.207 8.22668 100.558
169.324 8.26277 99.4117
168.439 8.30115 98.2633
167.547 8.34096 97.1128
166.655 8.38231 95.9654
165.765 8.42425 94.8189
164.877  8.4662  93.667
163.989 8.50981  92.513
163.112 8.54908 91.3607
162.232 8.58541 90.2087
161.354 8.61625 89.0534
160.465 8.64647 87.8939
159.572 8.67925 86.7278
158.681 8.71344 85.5612
  157.8 8.74698 84.4012
156.921 8.77909 83.2406
156.035 8.80952 82.0713
 155.15 8.83898 80.9051
 154.26 8.86881  79.736
153.372  8.9016  78.573
152.477 8.93464 77.4031
151.577 8.96964 76.2331
150.684 9.00374 75.0727
 149.78 9.03673 73.9102
 148.87 9.07001 72.7486
147.959 9.10421 71.5895
147.046 9.13858 70.4316
146.121 9.17538 69.2632
145.197 9.21441 68.1043
144.269 9.25454 66.9473
143.335 9.29343 65.7874
142.401 9.33016 64.6315
141.463 9.36639 63.4718
140.525 9.40523 62.3095
139.586 9.44522 61.1419
138.648 9.48547 59.9768
 137.71 9.52834 58.8143
136.763 9.57164  57.654
135.821 9.61207 56.4998
 134.88 9.64778   55.34
133.943 9.67561 54.1748
133.003 9.70561 53.0032
132.066 9.74199 51.8381
131.126 9.77863 50.6791
130.184 9.81277 49.5141
129.239 9.84494 48.3484
128.299  9.8763 47.1867
127.358 9.90765  46.024
126.423 9.93878 44.8636
125.488 9.96789 43.6964
124.562 9.99738 42.5312
123.637 10.0293 41.3657
122.715 10.0613 40.2019
121.792 10.0932 39.0377
120.862 10.1262 37.8701
 119.94   10.16 36.7139
119.018 10.1905 35.5531
118.093 10.2198 34.3831
117.171 10.2488 33.2154
116.256 10.2761 32.0517
115.342 10.3047 30.8901
114.437 10.3337 29.7338
 113.52 10.3644 28.5706
112.616 10.3939 27.4078
111.699 10.4247 26.2324
110.809 10.4538 25.0787
  109.9 10.4818 23.9107
108.978 10.5127 22.7374
108.064 10.5447 21.5749
107.153 10.5758 20.4147
106.247 10.6036 19.2481
105.347 10.6331 18.0874
104.438 10.6634  16.918
103.526  10.691   15.75
 102.62 10.7161 14.5877
101.712 10.7411 13.4221
100.809  10.767 12.2541
99.8962 10.7944 11.0762
 99.001 10.8214 9.90997
98.0937 10.8454 8.73171
 97.191 10.8677 7.55312
96.2877 10.8874 6.37705
 95.385 10.9072 5.19781
94.4833 10.9264  4.0253
93.5845 10.9448 2.85548
92.6925 10.9612 1.68927
 91.7951  10.9736 0.519313
  90.8957   10.9835 -0.652398
 90.0047  10.9914 -1.81612
 89.1203  10.9956 -2.97776
 88.2385  10.9945 -4.13953
 87.3618  10.9886 -5.29907
  86.489    10.98 -6.45048
 85.6193  10.9715 -7.59399
 84.7491  10.9662 -8.73498
 83.8864   10.961 -9.86942
 83.0332  10.9523 -10.9961
 82.1803  10.9392 -12.1209
 81.3381  10.9205 -13.2338
 80.4936  10.9041 -14.3458
 79.6654  10.8905 -15.4504
 78.861 10.8792 -16.547
 78.0704  10.8664 -17.6419
  77.295  10.8543 -18.7281
 76.5299  10.8387 -19.7921
 75.7739   10.818 -20.8432
 75.0334  10.7946 -21.8843
 74.3111  10.7672 -22.9173
 73.6055  10.7408 -23.9434
 72.9176  10.7149 -24.9509
 72.2463  10.6879 -25.9392
 71.5906   10.662 -26.9106
 70.9517  10.6365 -27.8542
 70.3332  10.6138 -28.7784
69.7331 10.5893 -29.683
 69.1464  10.5623 -30.5691
 68.5671  10.5378 -31.4292
 68.0054  10.5151 -32.2512
 67.4531  10.4941 -33.0393
 66.9121  10.4734 -33.7918
 66.3794  10.4493 -34.5133
 65.8506  10.4244 -35.1967
  65.322  10.3984 -35.8483
 64.7981  10.3719 -36.4681
 64.2713  10.3442 -37.0484
 63.743 10.3139 -37.576
 63.2088  10.2803 -38.0592
 62.6833  10.2486 -38.5005
 62.1524  10.2163 -38.9074
 61.6214  10.1803 -39.2742
 61.0886  10.1458 -39.5992
60.5453 10.1099 -39.894
 59.9966  10.0706 -40.1589
 59.4456  10.0335 -40.3962
58.8934 10.0047 -40.602
58.3379 9.98126  -40.77
   57.78  9.95682 -40.8961
 57.2249  9.93272 -40.9854
 56.6762  9.91299 -41.0442
 56.1341  9.89706 -41.0692
 55.5998  9.88192 -41.0624
 55.0678  9.86653 -41.0246
 54.539 9.85046 -40.954
 54.0159  9.83251 -40.8545
 53.4994  9.81304 -40.7247
 52.9929   9.7924 -40.5639
 52.4969  9.76986 -40.3694
 52.0088  9.74739 -40.1416
 51.5294  9.72383 -39.8868
 51.0565  9.69686 -39.6012
 50.5933  9.66783 -39.2876
 50.1453  9.63767 -38.9442
  49.711  9.61021 -38.5758
 49.2884  9.58256 -38.1769
 48.888 9.55045  -37.75
 48.5041  9.51604 -37.2947
  48.137  9.48211 -36.8134
 47.7881  9.44559 -36.3077
 47.4603  9.40498 -35.7789
 47.1475  9.36352 -35.2233
 46.8516  9.32189 -34.6475
 46.5713  9.28073 -34.0552
 46.3054  9.23949 -33.4458
 46.0569  9.19758 -32.8153
 45.8197  9.15209 -32.1658
 45.5885  9.10457 -31.5039
 45.3656  9.05709 -30.8265
 45.1531  9.00911 -30.1321
  44.948  8.95795 -29.4245
 44.7473  8.90504 -28.7031
 44.5495  8.85371 -27.9705
 44.3563  8.80648 -27.2311
 44.1617  8.75779 -26.4773
 43.9608  8.70788 -25.7195
 43.7536  8.65828 -24.9521
 43.5488  8.61209 -24.1764
 43.3463  8.56752 -23.3887
 43.1419  8.52044 -22.5923
   42.93  8.47164 -21.7866
 42.7211  8.42587 -20.9713
 42.5132  8.38147 -20.1468
 42.3058  8.33565 -19.3133
 42.0976    8.291 -18.4681
  41.891  8.24831 -17.6087
 41.6865  8.20456 -16.7527
 41.4836  8.16046 -15.8957
 41.2858  8.11899 -15.0445
 41.0882  8.07666 -14.2014
 40.8919  8.03619 -13.3689
 40.6957  7.99661 -12.5416
 40.5027  7.95969 -11.7259
 40.3136   7.9263 -10.9217
  40.125  7.89501 -10.1341
 39.9362  7.86035 -9.36161
 39.7412  7.82368 -8.59931
 39.5452  7.78825 -7.84585
   39.35   7.7541 -7.09493
 39.1562  7.72007 -6.35091
 38.9635  7.68575 -5.62015
 38.7698  7.65498 -4.90609
 38.5711  7.62842 -4.20364
 38.3682  7.60783 -3.50523
 38.1705  7.58731 -2.80558
 37.9709  7.56118 -2.12087
 37.7649   7.5381 -1.44308
  37.5521   7.52293 -0.772484
  37.3402   7.51061 -0.108464
 37.1217  7.49461 0.557755
 36.886 7.47485 1.22236
36.6406 7.45281  1.8948
36.3851 7.42848  2.5684
36.1197 7.40137 3.23668
35.8395 7.37534 3.90412
 35.555 7.34854 4.56695
35.2635 7.31513 5.22901
34.9658 7.27974 5.89469
