-0 -0 -0
-0.0471725 -0.0149422    1.02535
 -0.047164 -0.0269964    2.05343
-0.00532476  -0.0438524     3.06909
0.080395 -0.06801  4.08621
  0.215974 -0.0972071    5.11371
  0.39626 -0.124395   6.14398
 0.630451 -0.154189   7.13205
 0.913826 -0.183853    8.1193
   1.2331 -0.217346   9.08507
  1.59463 -0.255229   10.0412
  1.99268 -0.293342   10.9782
  2.43535 -0.329251   11.8981
  2.91916 -0.365079   12.7848
    3.449 -0.398224   13.6444
  4.01291 -0.432558   14.4709
  4.61564 -0.466118   15.2647
  5.24767 -0.498885   16.0277
  5.91225 -0.528574   16.7637
  6.61634 -0.555592   17.4695
  7.34398 -0.584183   18.1389
  8.10804 -0.612513    18.767
8.90199 -0.6371 19.3594
  9.72044 -0.664505   19.9164
   10.581 -0.695935   20.4416
  11.4823 -0.726542   20.9282
 12.4057 -0.74787  21.3836
  13.3606 -0.776166   21.8015
  14.3681 -0.808374   22.1933
15.3528 -0.8338 22.5431
  16.3586 -0.850719   22.8655
  17.4417 -0.865967   23.1666
  18.5879 -0.881281   23.4457
  19.7225 -0.895214   23.7034
  20.8458 -0.914254   23.9115
  22.0777 -0.928783     24.08
  23.2331 -0.938222   24.2077
  24.5364 -0.950582    24.286
  25.8139 -0.958399   24.3402
  27.1131 -0.967818   24.3632
  28.4196 -0.977171    24.362
  29.7205 -0.982868   24.3408
  31.0206 -0.989934   24.3061
 32.3165 -0.99628  24.2544
  33.6097 -0.998306   24.1874
  34.8957 -0.990226   24.1092
  36.2056 -0.980837   24.0122
  37.5204 -0.973461   23.8997
  38.8494 -0.970099   23.7737
  40.1971 -0.967429    23.636
  41.5512 -0.963616   23.4871
  42.9165 -0.959344   23.3301
 44.3051 -0.95942  23.1634
 45.7119 -0.96422  22.9853
  47.1305 -0.970244   22.8004
  48.5738 -0.970168   22.6107
  50.0325 -0.963451   22.4127
  51.5024 -0.958026   22.2112
  52.9874 -0.949017   22.0026
  54.4907 -0.943264   21.7914
   56.022 -0.937565   21.5771
 57.5662 -0.93674  21.3588
  59.1276 -0.937546   21.1395
  60.7246 -0.933071    20.917
  62.3376 -0.928305   20.6967
  63.9599 -0.925355   20.4769
  65.6246 -0.925098   20.2518
 67.3039 -0.93175  20.0268
  68.9887 -0.937713   19.8017
  70.6856 -0.934869    19.576
  72.4028 -0.928674   19.3471
  74.1261 -0.931832   19.1256
   75.859 -0.935636   18.9036
  77.6062 -0.940538   18.6806
  79.3764 -0.939102   18.4525
  81.1735 -0.937989   18.2223
  82.9671 -0.934475   17.9953
  84.7771 -0.933038   17.7684
  86.6011 -0.935639   17.5428
  88.4508 -0.939165   17.3094
  90.2908 -0.947655   17.0772
  92.1461 -0.953749    16.842
  94.0053 -0.959415   16.6082
  95.8717 -0.958972   16.3752
  97.7478 -0.960291   16.1415
    99.66 -0.964346   15.8999
 101.546 -0.97722  15.6609
  103.461 -0.990538   15.4093
  105.377 -0.998724   15.1474
 107.282 -1.00454  14.8776
 109.208 -1.01175  14.5973
  111.16 -1.02632  14.3036
 113.095 -1.04368   14.006
  115.07 -1.06078   13.694
117.057  -1.078 13.3681
  119.04 -1.09355  13.0315
 121.031 -1.10276   12.683
  123.01 -1.11342  12.3264
 125.007 -1.12882  11.9541
 126.997 -1.14306   11.572
 128.989 -1.15304  11.1745
 130.996 -1.16275  10.7662
 132.995 -1.17669  10.3394
 135.001 -1.18947  9.90313
 137.021 -1.19808  9.44788
 139.041 -1.20659  8.98555
 141.064 -1.21832   8.5202
 143.109 -1.22735  8.04736
 145.152 -1.23559  7.57035
 147.191 -1.25213  7.08536
 149.242 -1.26612   6.5823
 151.301 -1.27947  6.06987
 153.368 -1.29473  5.54873
 155.435 -1.31194  5.01602
 157.525 -1.32686  4.46564
 159.606 -1.33814  3.90825
 161.697 -1.34478  3.33681
163.786 -1.3528 2.75696
 165.863 -1.36198   2.1699
 167.971 -1.37527   1.5668
 170.089 -1.39264  0.95189
 172.208 -1.40969 0.327508
  174.338  -1.42606 -0.312397
   176.44  -1.44185 -0.955563
 178.568 -1.45863 -1.61733
 180.703 -1.47339  -2.2907
  182.81 -1.48125 -2.96184
 184.928 -1.48661 -3.63687
 187.055 -1.49524 -4.32063
 189.193 -1.51013 -5.01548
 191.342 -1.52739 -5.72563
 193.466 -1.55185 -6.43792
 195.617 -1.57967 -7.17131
 197.753 -1.60421 -7.90337
 199.932  -1.6254 -8.66085
 202.123 -1.64425 -9.43183
 204.297 -1.66233 -10.2054
 206.467 -1.68378 -10.9919
 208.626 -1.70706 -11.7846
 210.797 -1.73394 -12.5925
  212.97 -1.75969  -13.409
 215.169 -1.77662 -14.2471
 217.348 -1.79288 -15.0819
 219.518 -1.81365 -15.9171
 221.719 -1.83217 -16.7741
 223.914  -1.8529 -17.6348
 226.102 -1.87797 -18.4989
 228.288 -1.90585 -19.3704
 230.465 -1.94105 -20.2514
 232.667 -1.97277 -21.1522
 234.811 -1.99628 -22.0257
 236.923  -2.0148 -22.8921
 239.121 -2.03907 -23.8102
 241.288 -2.06371 -24.7211
  243.46 -2.08447 -25.6465
 245.641 -2.10706  -26.587
 247.789  -2.1302 -27.5157
 249.938 -2.14977 -28.4573
  252.08 -2.16892 -29.4118
 254.246 -2.19066 -30.3922
 256.392 -2.21262 -31.3713
 258.525 -2.22872 -32.3533
 260.701 -2.24683 -33.3681
 262.871 -2.26195 -34.3913
 265.031 -2.27623 -35.4205
 267.199 -2.29013 -36.4687
 269.334 -2.30789 -37.5072
 271.479 -2.31906 -38.5612
 273.623 -2.32796 -39.6242
 275.787 -2.34446  -40.707
 277.952 -2.35532  -41.797
 280.156 -2.37057  -42.919
 282.345 -2.38485 -44.0414
  284.52 -2.40141 -45.1633
 286.693   -2.419 -46.2953
 288.873 -2.43962 -47.4466
 291.074 -2.46077 -48.6229
 293.275 -2.47842 -49.8073
 295.442 -2.49188 -50.9732
 297.659 -2.50621 -52.1786
 299.888 -2.51977 -53.4004
  302.08    -2.53 -54.6054
 304.295 -2.53261 -55.8346
 306.545 -2.52911 -57.0894
 308.732 -2.54692 -58.3127
 310.933 -2.56786 -59.5459
 313.171 -2.58785 -60.8097
 313.856 -2.74927 -61.4691
 314.492 -2.90069 -62.0727
 315.249 -2.90907 -62.9734
 315.934 -2.91141 -63.3303
 318.234 -2.90336 -64.6337
 318.977 -2.93112 -65.0554
 319.801 -2.95903 -65.5378
 322.089 -2.94205 -66.8561
  324.37 -2.92507  -68.181
 326.651 -2.90658 -69.5236
 328.962 -2.88686 -70.9039
 331.235 -2.85986  -72.272
 332.138 -2.84866 -72.8271
 333.056 -2.83308 -73.4131
 333.977 -2.84354 -73.9503
 334.905 -2.83818 -74.5232
 335.829 -2.82335 -75.1283
 338.033 -2.80057 -76.5249
 338.945 -2.78583 -77.1216
 341.205 -2.74385 -78.5705
 343.472  -2.7078 -80.0298
 345.699 -2.68385 -81.4789
 347.944 -2.64075 -82.9434
 350.204 -2.58737 -84.4299
  352.46 -2.53127  -85.928
 354.684 -2.48513 -87.4072
 356.912 -2.43916 -88.9025
 359.146 -2.38373 -90.4142
 361.384  -2.3184 -91.9237
 363.632 -2.23277 -93.4361
 365.843 -2.18377 -94.9738
 368.021 -2.18518 -96.5241
 370.236 -2.20096 -98.0881
 372.462 -2.17804 -99.6437
 374.667 -2.11389 -101.187
 376.841 -2.03171 -102.726
 376.825 -2.01234 -102.798
  378.98 -1.91987 -104.358
 381.139 -1.84391 -105.926
 383.331 -1.78283 -107.516
 385.469 -1.72636 -109.089
 387.621 -1.66456 -110.681
 389.779 -1.59331  -112.29
  390.85 -1.55685 -113.137
 392.995 -1.48592 -114.761
 396.186 -1.39807 -117.133
 397.234 -1.35988 -117.985
 399.353 -1.28668 -119.608
 400.404 -1.22619 -120.449
 402.499 -1.12929 -122.053
 402.468 -1.11453 -122.135
 402.487 -1.11124 -122.188
 405.574 -1.01759 -124.656
   408.77 -0.899859  -127.057
  410.867 -0.831767    -128.7
  412.963 -0.773744  -130.346
  415.048 -0.714712  -132.002
   417.13 -0.652589  -133.665
   419.23 -0.569168  -135.337
  421.312 -0.450804  -136.976
   423.4 -0.32499   -138.6
  425.502 -0.231535  -140.242
  427.589 -0.141134  -141.876
   429.696 -0.0627199   -143.515
  431.795 0.0185503  -145.141
 433.887 0.112432 -146.735
  436.02 0.178735  -148.33
 436.553 0.196458 -148.766
 436.813 0.208245 -148.993
   437.7 0.238223 -149.674
 438.235 0.804188 -152.346
 440.379 0.855815 -153.916
 442.518 0.917341 -155.473
444.675 0.99533 -157.03
446.826 1.07301 -158.58
 448.983  1.13996 -160.133
 449.936  1.16323 -160.832
 452.112  1.21497 -162.389
 454.299  1.27646 -163.945
 456.436  1.33527 -165.455
458.601 1.39149 -166.98
 460.747  1.44974 -168.482
  462.92  1.52103 -170.001
 465.105  1.58923 -171.521
 467.275  1.64177 -173.034
  469.46  1.69456 -174.548
  471.66  1.75439 -176.063
 473.853  1.81512 -177.569
 476.033  1.87967 -179.065
 478.226  1.94205 -180.573
 480.393  1.99643 -182.069
 482.564    2.052 -183.556
 484.751  2.11755 -185.049
  486.96  2.18597 -186.556
 489.145  2.25493 -188.051
 491.324  2.31662 -189.544
  493.52  2.37638 -191.044
495.721  2.4397 -192.54
 497.915  2.50248 -194.031
 500.098  2.55787 -195.515
 502.283   2.6117 -196.996
 504.485  2.66698 -198.487
 506.673  2.73441 -199.961
 508.864   2.7993 -201.438
 511.063   2.8594 -202.918
 513.283  2.92146 -204.409
 515.487  2.98667 -205.884
 517.686  3.05143 -207.351
518.343 3.06775 -207.79
  520.55  3.12534 -209.264
 522.765  3.19292 -210.741
 524.981  3.27292 -212.218
 527.184  3.34976 -213.682
 529.363  3.40898 -215.133
 531.568  3.45507 -216.604
 533.792  3.51276 -218.087
535.993 3.58238 -219.55
 538.201  3.65312 -221.017
 540.424   3.7216 -222.495
  542.63  3.78208 -223.963
  544.86  3.84121 -225.443
 547.097  3.90494 -226.924
 549.331  3.97456 -228.396
 551.567   4.0409 -229.869
 553.793  4.10519 -231.338
 556.028  4.17397 -232.804
 558.241  4.24155 -234.254
 560.455   4.3182 -235.704
 562.677  4.39067 -237.161
 564.929  4.46118 -238.639
 567.135  4.52076 -240.074
 569.351   4.5825 -241.514
 571.571  4.65527 -242.951
 573.789  4.72377 -244.382
 576.009  4.79068 -245.811
 578.252  4.85541 -247.256
 580.495  4.92405 -248.697
 582.735  4.99138 -250.128
 584.966  5.05898 -251.543
 587.206  5.13103 -252.963
 589.423  5.19153 -254.365
 591.644  5.24966 -255.774
 593.867  5.31494 -257.178
 596.098  5.39164 -258.587
 596.657  5.41388 -258.941
 598.876   5.4824 -260.346
 601.132  5.54301 -261.783
603.385 5.59713 -263.21
 605.611  5.65395 -264.619
 607.862  5.71674 -266.043
  610.13  5.78685 -267.478
 612.385  5.85424 -268.899
 614.623  5.91391 -270.304
616.852 5.97147  -271.7
 619.097  6.03208 -273.107
 621.335  6.09311 -274.505
 623.584   6.1609 -275.907
625.824 6.21736  -277.3
 628.075  6.27527 -278.702
 630.324  6.33472 -280.095
 632.577  6.40124 -281.491
 634.831  6.46633 -282.881
 637.075  6.51786 -284.263
639.327  6.5666 -285.65
 641.587  6.62142 -287.036
643.851 6.67881 -288.42
646.104 6.73703 -289.79
 648.379  6.80084 -291.174
 650.643   6.8654 -292.549
 652.904  6.92527 -293.918
 655.164  6.97969 -295.282
 657.429  7.03192 -296.646
 657.905  7.04508 -296.932
 660.154  7.09506 -298.281
 662.424   7.1517 -299.644
664.672 7.20402 -300.99
 665.211  7.21444 -301.312
 667.476  7.26283 -302.677
 669.732  7.31451 -304.033
 671.994  7.36701 -305.392
 674.251  7.42677 -306.747
 676.516  7.48412 -308.114
 678.765  7.53595 -309.469
  681.02  7.58672 -310.828
 681.455  7.59797 -311.107
681.549 7.60258 -311.18
 681.033  7.59137 -310.881
 683.293  7.63981 -312.233
 685.532  7.68814 -313.572
 687.809  7.72866 -314.933
 688.837   7.7486 -315.568
 689.475  7.76599 -315.967
 689.693  7.77936 -316.124
 691.959  7.83427 -317.465
 692.591  7.85083 -317.809
  694.84  7.90026 -319.133
 697.118  7.94461 -320.473
 699.401  7.98788 -321.811
 701.678  8.02673 -323.146
 703.933   8.0608 -324.465
 706.213  8.09882 -325.787
 706.361  8.10636 -325.878
 706.942  8.12528 -326.258
 707.547  8.13987 -326.662
 709.841  8.17411 -327.971
 712.132  8.19594 -329.262
 714.442  8.22503 -330.559
 716.742  8.26847 -331.849
  719.04  8.30889 -333.145
 719.487  8.31833 -333.443
 721.789  8.34363 -334.743
 722.369  8.36134 -335.087
 722.934  8.37709 -335.408
 722.934  8.37709 -335.408
 725.198  8.41898 -336.668
 727.497     8.44 -337.937
   729.8  8.46097 -339.223
  732.11  8.48762 -340.505
732.384 8.49367 -340.65
  732.88  8.50203 -340.914
   733.5  8.54331 -341.423
 734.091  8.55099 -341.742
 736.423  8.57348 -342.986
 736.626  8.57364 -343.084
 737.165  8.57607 -343.358
 737.764  8.61434 -343.856
 738.569  8.62265 -344.269
 739.093  8.62705 -344.525
 741.442  8.64351 -345.717
 743.785  8.65312 -346.912
 746.133  8.66149 -348.115
  746.55  8.66404 -348.339
 748.891  8.66889 -349.538
 751.195   8.6711 -350.713
 753.526  8.68297 -351.903
 755.846  8.70051 -353.086
 758.174  8.71586 -354.273
 760.503  8.72127 -355.465
 762.836  8.71637 -356.656
 762.749  8.71484 -356.647
 765.078  8.71356 -357.832
767.406 8.71087 -359.02
 769.755  8.71538 -360.215
 772.111  8.71628 -361.418
 774.441  8.71689 -362.586
   776.8  8.71977 -363.766
  779.15  8.71974 -364.934
 781.526  8.72053 -366.114
 783.881  8.72682 -367.285
 786.248  8.74187 -368.451
 788.635  8.74902 -369.613
 790.995  8.75267 -370.755
 793.321  8.75051 -371.864
 795.707  8.75568 -373.013
 798.087  8.75372 -374.168
 800.453  8.75872 -375.297
 802.851  8.77134 -376.428
 805.235    8.786 -377.556
 805.794  8.80326 -377.887
 808.206  8.79801 -379.016
 807.934  8.81266 -378.944
 807.799  8.81633 -378.923
 807.866  8.82028 -379.003
 807.595  8.81846 -378.905
 807.329  8.81726 -378.813
  807.04  8.82567 -378.756
806.752 8.82954 -378.67
 806.465  8.82988 -378.556
806.156 8.84274  -378.5
 805.868  8.84798 -378.415
 805.587  8.85606 -378.401
 805.304  8.85783 -378.306
 805.012  8.85771 -378.198
 804.745  8.85241 -378.065
 804.484  8.84951 -377.941
 804.222  8.85215 -377.835
 803.929   8.8626 -377.775
 803.65  8.8698 -377.69
 803.327  8.87349 -377.565
 802.972  8.87291 -377.423
 802.642  8.87069 -377.294
 802.309   8.8718 -377.169
  802.01  8.84493 -377.115
 801.752  8.85128 -376.968
 801.397  8.85828 -376.834
801.617 8.85554  -376.9
 801.573  8.86145 -376.911
  801.44   8.8567 -376.804
 801.025  8.85208 -376.631
 800.962  8.85618 -376.574
800.925 8.86474 -376.54
 800.882  8.87275 -376.506
 800.777  8.87824 -376.533
 800.713  8.85601 -376.493
  800.64   8.8346 -376.463
 800.579  8.82211 -376.469
 800.521  8.82904 -376.407
  800.45  8.83368 -376.384
 800.371  8.83755 -376.371
 800.292  8.83875 -376.367
 800.218  8.84484 -376.347
 800.175  8.85102 -376.339
800.114 8.85701 -376.35
 800.048  8.85998 -376.328
 799.983  8.86441 -376.334
 800.428  8.85593 -376.454
 800.377  8.85546 -376.456
  805.31  8.80973 -378.172
 807.749  8.77953 -379.032
 810.206  8.75879 -379.894
 810.133  8.74531 -379.886
 810.233  8.73306 -379.932
 809.982  8.73215 -379.797
 812.402  8.73579 -380.617
 814.759  8.74702 -381.419
 817.205  8.74539 -382.256
 819.679  8.73815 -383.102
 822.099   8.7241 -383.921
 824.562  8.71531 -384.753
 825.175  8.71435 -384.966
 825.746  8.71073 -385.164
  828.21  8.69272 -386.003
 830.677   8.6804 -386.844
 833.135  8.67177 -387.676
 835.586  8.65623 -388.504
  838.04   8.6394 -389.334
 840.491  8.62489 -390.163
 842.935  8.61455 -390.984
 845.363  8.59441 -391.802
 847.796  8.57005 -392.615
 850.225  8.53989 -393.426
 852.662  8.51446 -394.236
 855.134  8.49923 -395.053
 857.578  8.49523 -395.858
  860.02  8.48483 -396.663
 862.441  8.46064 -397.459
863.062  8.4512 -397.68
 865.498   8.4342 -398.476
 867.919   8.4083 -399.264
 868.421  8.40384 -399.465
 868.949  8.39614 -399.681
  869.52  8.38624 -399.902
 871.969  8.35795 -400.684
 873.679  8.34517 -401.234
 876.109  8.32283 -401.997
 878.534  8.30888 -402.754
 880.967  8.29283 -403.518
 883.389  8.26759 -404.284
 884.011  8.25835 -404.504
 886.406  8.22897 -405.249
 888.821  8.20342 -405.997
 891.243  8.18965 -406.743
 891.956  8.17326 -406.997
 894.394  8.14314 -407.737
 896.788  8.09999 -408.458
 899.212  8.06042 -409.187
901.616 8.03583  -409.9
 904.009  8.01926 -410.599
 906.445  8.01018 -411.311
 908.859   7.9939 -412.018
 911.275  7.97665 -412.725
 913.702  7.95611 -413.438
 916.122  7.92944 -414.147
 918.531  7.90198 -414.854
 920.97 7.86778 -415.57
 923.392  7.83339 -416.276
 925.842  7.81517 -416.991
 928.274  7.80661 -417.701
  930.72  7.79215 -418.424
 933.161  7.75804 -419.139
 935.588  7.71352 -419.844
     938  7.68439 -420.533
 940.391  7.62878 -421.208
 942.821  7.58447 -421.893
 945.233  7.56554 -422.575
 947.656  7.56029 -423.255
950.052 7.55181 -423.92
 952.483  7.52604 -424.598
 954.898  7.49258 -425.265
957.316  7.4631 -425.93
 959.766  7.43264 -426.605
 962.188  7.40413 -427.262
 964.623   7.3853 -427.921
967.064 7.36885 -428.58
 969.491  7.34623 -429.232
 971.931  7.31506 -429.883
 974.381  7.28857 -430.536
 976.827  7.27152 -431.182
 979.279  7.24903 -431.829
 981.727  7.21791 -432.469
  984.2  7.1859 -433.11
 986.663   7.1509 -433.749
 989.114  7.11067 -434.381
 991.609  7.07059 -435.024
 994.072  7.03144 -435.652
  996.55  6.98937 -436.276
  999.03  6.95426 -436.897
 1001.49  6.91817 -437.504
 1003.98  6.87626 -438.127
 1006.47  6.83885 -438.748
 1008.97   6.8076 -439.374
 1011.42  6.76515 -439.984
 1013.89   6.7325 -440.593
 1016.39   6.7073 -441.215
 1018.87  6.66602 -441.829
1021.38  6.6177 -442.45
 1023.85  6.58721 -443.056
 1026.36  6.56319 -443.676
 1028.87  6.53577 -444.301
 1031.37  6.48714 -444.925
  1033.9  6.43177 -445.549
 1036.44  6.38151 -446.173
1038.95 6.34486 -446.79
 1041.47  6.32133 -447.404
    1044  6.29911 -448.013
 1046.51  6.27388 -448.625
1049.03  6.2409 -449.24
1051.57 6.20954 -449.86
  1054.1  6.17709 -450.475
 1056.62   6.1418 -451.086
 1059.15  6.09571 -451.697
 1061.69  6.04729 -452.305
 1064.27  6.00378 -452.918
 1066.83  5.95821 -453.522
 1069.37  5.91145 -454.122
 1071.92  5.87218 -454.716
 1074.47  5.83086 -455.315
 1077.04  5.79264 -455.914
 1079.62  5.75555 -456.516
  1082.2  5.71502 -457.111
1084.78 5.67234  -457.7
 1087.35   5.6165 -458.283
 1089.92  5.55247 -458.855
 1092.51  5.49005 -459.424
 1095.08  5.43946 -459.981
 1097.68  5.38571 -460.548
 1100.28   5.3284 -461.114
 1102.89  5.26363 -461.682
 1105.49   5.1893 -462.249
 1108.12    5.116 -462.816
 1110.72  5.04036 -463.369
 1113.34  4.96586 -463.928
 1115.99  4.89402 -464.492
 1118.63  4.82451 -465.051
 1121.27  4.75493 -465.613
 1123.92  4.69592 -466.163
 1126.56  4.64863 -466.709
  1129.2  4.60407 -467.255
 1131.86  4.55064 -467.803
1134.53 4.45531 -468.35
 1137.15  4.34377 -468.889
 1139.84  4.24087 -469.434
  1142.5    4.138 -469.968
 1145.13   4.0421 -470.491
  1147.8   3.9527 -471.022
1150.48 3.86636 -471.56
 1153.15  3.78428 -472.086
 1155.81  3.69878 -472.609
 1158.47  3.61205 -473.127
 1161.12    3.517 -473.644
 1163.79  3.41102 -474.162
 1166.43  3.30865 -474.672
  1169.1  3.21017 -475.184
 1171.78  3.10762 -475.699
1174.45 3.01303 -476.21
1177.13 2.91553 -476.72
  1179.8  2.81097 -477.222
1182.49 2.69829 -477.73
 1185.18  2.58022 -478.235
 1187.87  2.45518 -478.739
 1190.55   2.3447 -479.236
  1193.2  2.23705 -479.723
 1195.88   2.1244 -480.217
 1198.57  2.00859 -480.707
1201.24 1.89696 -481.19
 1203.92  1.78804 -481.673
  1206.6  1.66596 -482.154
 1209.26  1.52941 -482.634
 1211.94  1.39259 -483.113
 1214.62   1.2606 -483.589
  1217.3  1.13927 -484.058
 1219.97  1.01673 -484.521
 1222.64 0.888073 -484.985
 1225.32 0.753555  -485.45
 1227.99 0.608755 -485.913
 1230.65 0.461711 -486.368
 1233.32 0.316518 -486.828
 1235.98 0.177538 -487.284
  1238.64 0.0329741  -487.732
  1241.29 -0.106576  -488.175
  1243.96 -0.251036   -488.62
  1246.61 -0.398996   -489.06
  1249.27 -0.543415    -489.5
 1251.92 -0.68601 -489.935
  1254.61 -0.830784  -490.377
  1257.26 -0.979336  -490.815
 1259.92 -1.12783 -491.242
 1262.58 -1.28108 -491.663
 1265.24 -1.43482  -492.08
  1267.9 -1.60166 -492.496
 1270.56 -1.77135 -492.905
 1273.21 -1.94412 -493.309
 1275.85 -2.11137 -493.708
 1278.49 -2.28256 -494.109
 1281.13 -2.45266 -494.506
 1283.77 -2.61902 -494.896
 1286.43 -2.79486  -495.29
 1289.07 -2.96901 -495.674
 1291.71 -3.13703  -496.06
 1294.34 -3.31194 -496.442
 1296.95 -3.48397 -496.815
 1299.56 -3.65918 -497.187
  1302.2 -3.84381  -497.56
 1304.83 -4.02794 -497.928
 1307.45 -4.21344 -498.286
 1308.97 -4.31702 -498.483
 1311.62 -4.49689  -498.84
 1314.23 -4.67989 -499.192
 1311.39 -4.45718 -498.822
    1314 -4.65662 -499.178
 1314.53 -4.69904 -499.236
 1317.12 -4.89109 -499.583
 1319.68 -5.08443 -499.922
 1322.26 -5.28295  -500.26
 1324.83 -5.47778 -500.597
 1327.41 -5.67577  -500.93
 1329.99 -5.87774 -501.262
 1332.59 -6.07965 -501.597
 1335.15 -6.27923 -501.924
 1337.73 -6.47853 -502.249
 1340.28 -6.67367 -502.567
 1342.86 -6.86864 -502.887
 1345.42 -7.06316 -503.204
 1347.98 -7.25644 -503.517
 1350.55 -7.45531 -503.829
 1353.13 -7.65556 -504.141
 1355.67 -7.85534 -504.446
 1358.22 -8.05742  -504.75
 1360.79 -8.25859 -505.053
 1363.35 -8.46264 -505.351
 1365.89 -8.66076 -505.651
 1368.44 -8.85551 -505.951
 1370.98 -9.04756 -506.245
 1373.49 -9.23307 -506.535
 1375.99 -9.42287 -506.823
  1378.5 -9.61766 -507.111
 1380.98 -9.79846 -507.398
 1383.48 -9.97777 -507.686
 1385.97 -10.1685 -507.971
 1388.45 -10.3621 -508.255
 1390.92  -10.551 -508.535
 1393.41 -10.7265 -508.816
  1395.9 -10.9047 -509.092
  1398.4 -11.0859 -509.362
  1400.9 -11.2763 -509.637
 1403.36 -11.4697 -509.902
 1405.86 -11.6589  -510.17
 1408.34 -11.8437 -510.432
 1410.81 -12.0195 -510.692
 1413.27 -12.1879 -510.945
 1415.74 -12.3651 -511.202
 1418.21 -12.5614 -511.454
 1420.68 -12.7646 -511.703
 1423.13 -12.9617 -511.939
 1425.55 -13.1375 -512.174
    1428 -13.3032 -512.411
 1430.44 -13.4752 -512.644
 1432.88 -13.6567 -512.878
 1435.31 -13.8454 -513.108
 1437.73 -14.0333 -513.337
 1440.13 -14.2193 -513.557
 1442.56  -14.404 -513.772
 1444.97 -14.5872 -513.987
 1447.41  -14.766 -514.205
 1449.81 -14.9347 -514.423
  1452.2 -15.1031  -514.64
 1454.59 -15.2787 -514.859
    1457 -15.4539  -515.08
  1459.4 -15.6327 -515.301
  1461.8 -15.8057 -515.525
 1464.22 -15.9756 -515.752
 1466.63 -16.1502 -515.978
 1469.01 -16.3258 -516.202
 1471.39 -16.5002 -516.425
 1473.77 -16.6781 -516.648
1476.13 -16.855 -516.87
 1478.51 -17.0318 -517.095
 1480.87 -17.2026 -517.327
 1483.23  -17.371 -517.567
 1485.58 -17.5353 -517.808
 1487.92 -17.7006 -518.052
 1490.26 -17.8637   -518.3
  1492.6 -18.0301 -518.553
 1494.91 -18.1967 -518.809
 1497.25 -18.3667 -519.084
 1499.55 -18.5278 -519.363
 1501.86 -18.6835 -519.644
 1504.18 -18.8371 -519.932
 1504.51 -18.8547 -520.047
 1506.82  -19.011 -520.346
 1509.11 -19.1621 -520.647
 1511.39 -19.3158 -520.953
 1513.66 -19.4647 -521.261
 1515.94 -19.6112 -521.571
  1518.2 -19.7649 -521.877
 1520.47 -19.9227 -522.188
 1521.41 -19.9802 -522.389
 1521.13 -19.9501 -522.476
 1523.39 -20.1184 -522.792
 1525.64 -20.2854 -523.103
 1527.87 -20.4408 -523.415
  1530.1 -20.6043 -523.727
 1532.31 -20.7662 -524.037
 1534.53 -20.9317 -524.349
 1536.74 -21.0958 -524.662
 1537.62  -21.144 -524.852
 1539.82 -21.2841 -525.144
 1542.02 -21.4057 -525.433
 1544.19 -21.5288 -525.711
 1546.38 -21.6809 -525.996
 1547.26 -21.7549 -526.166
  1547.3  -21.757 -526.242
 1548.17 -21.8184 -526.389
 1549.02 -21.8719 -526.521
 1548.94 -21.8617 -526.568
 1551.11  -22.011 -526.803
 1551.98 -22.0686 -526.924
 1551.85 -22.0501 -526.951
 1552.42 -22.0775 -527.053
 1552.43 -22.0722 -527.082
 1554.13 -22.1879 -527.264
 1554.13 -22.1879 -527.264
 1554.47 -22.2042 -527.352
 1554.64 -22.2068 -527.416
 1557.45 -22.4079  -527.64
 1558.27 -22.4628 -527.738
 1559.08 -22.5148 -527.837
 1561.23 -22.6696 -528.028
 1563.37 -22.8245  -528.22
 1565.37 -22.9684 -528.403
  1567.5 -23.1144 -528.587
 1569.62 -23.2635 -528.767
 1571.74   -23.41 -528.944
 1573.87 -23.5569 -529.121
 1574.13 -23.5638 -529.172
 1576.24 -23.6982 -529.343
 1578.24 -23.8234 -529.506
 1580.35 -23.9709  -529.67
 1582.45 -24.1361 -529.828
1583.35   -24.2  -529.9
  1584.1 -24.2521 -529.957
 1585.97 -24.3803 -530.088
 1588.05 -24.5173 -530.223
 1590.14 -24.6491 -530.352
 1592.23 -24.7909 -530.479
 1592.98 -24.8416 -530.534
 1595.11 -24.9727 -530.656
 1597.18 -25.1128 -530.774
 1599.28 -25.2566 -530.893
 1601.35 -25.3974 -531.009
 1603.38 -25.5469 -531.117
 1605.41 -25.6915 -531.223
 1607.43 -25.8278 -531.323
 1609.45 -25.9585 -531.422
 1611.45 -26.0882 -531.516
 1613.45 -26.2198 -531.615
 1615.47 -26.3577 -531.717
 1617.46 -26.4943 -531.819
 1619.43 -26.6276 -531.916
 1621.41 -26.7592 -532.019
 1623.39  -26.891 -532.118
 1625.35 -27.0167  -532.22
 1627.29 -27.1388 -532.325
 1629.22 -27.2613 -532.434
 1631.15 -27.3818 -532.547
 1631.22 -27.3777 -532.598
 1631.08 -27.3594 -532.643
 1632.94 -27.4722 -532.743
 1634.79 -27.5879 -532.845
 1636.63 -27.6975 -532.948
 1638.46 -27.8072 -533.052
 1640.27 -27.9182 -533.157
 1642.08 -28.0313 -533.261
 1643.87 -28.1424 -533.371
 1645.64 -28.2493 -533.486
  1647.4 -28.3571   -533.6
 1649.14 -28.4618 -533.714
 1650.86 -28.5675 -533.828
 1652.56 -28.6731 -533.946
 1654.22 -28.7721 -534.069
 1655.89 -28.8678 -534.201
 1657.54 -28.9601 -534.336
 1659.16 -29.0499 -534.478
 1660.76 -29.1385 -534.633
 1662.35 -29.2255 -534.806
 1663.91 -29.3104 -535.001
 1665.46 -29.3915 -535.219
 1667.01 -29.4689 -535.463
1668.55 -29.542 -535.73
 1670.06 -29.6116 -536.015
 1671.57 -29.6715 -536.326
 1673.06   -29.73 -536.662
 1674.55 -29.7925 -537.025
 1676.02 -29.8461 -537.418
 1677.48 -29.8901 -537.836
 1678.93 -29.9295 -538.288
 1680.36 -29.9612 -538.763
 1681.78 -29.9887 -539.271
 1683.19 -30.0176 -539.817
  1684.6 -30.0432 -540.401
 1685.98  -30.066 -541.014
 1687.34 -30.0778 -541.659
 1688.68 -30.0716 -542.339
 1690.01 -30.0546 -543.053
 1691.31 -30.0371 -543.802
  1692.6 -30.0196 -544.588
 1693.86 -29.9993 -545.401
  1695.1 -29.9785 -546.249
 1696.31 -29.9473 -547.122
  1697.5  -29.905 -548.034
 1698.67 -29.8559 -548.986
 1699.81 -29.8055 -549.966
 1700.92 -29.7547 -550.979
    1702 -29.6969 -552.023
 1703.05 -29.6288 -553.087
 1704.07 -29.5488 -554.186
 1705.06 -29.4667 -555.312
 1706.02 -29.3819 -556.472
 1706.94 -29.2895 -557.653
 1707.83 -29.1899 -558.864
 1708.69 -29.0867 -560.098
 1709.51 -28.9733 -561.354
 1710.31 -28.8541 -562.634
 1711.06  -28.732 -563.933
 1711.78  -28.604 -565.252
 1712.47 -28.4736 -566.591
 1713.12 -28.3406  -567.95
 1713.74 -28.1995 -569.317
 1714.33 -28.0504 -570.708
 1714.88 -27.8951 -572.114
  1715.4 -27.7336 -573.533
 1715.88 -27.5763 -574.966
 1716.32 -27.4196 -576.414
 1716.73 -27.2605 -577.883
  1717.1 -27.1004  -579.36
 1717.43 -26.9259  -580.85
 1717.72 -26.7382 -582.358
 1717.97  -26.551 -583.868
 1718.17 -26.3637 -585.393
 1718.33 -26.1735 -586.918
 1718.45 -25.9781 -588.451
 1718.53 -25.7758 -589.992
 1718.57  -25.568 -591.535
 1718.55 -25.3581 -593.092
  1718.5 -25.1473 -594.632
  1718.4 -24.9329 -596.177
 1718.25 -24.7156 -597.717
 1718.05 -24.4957 -599.253
 1717.81 -24.2732 -600.776
 1717.52 -24.0432 -602.294
  1717.2 -23.8124 -603.796
 1716.82  -23.576 -605.291
  1716.4 -23.3424 -606.783
 1715.94 -23.1097 -608.252
 1715.43 -22.8656 -609.729
 1714.87 -22.6179 -611.181
 1714.26  -22.364 -612.633
 1713.61 -22.1122 -614.064
 1712.92 -21.8657 -615.467
 1712.19 -21.6218 -616.846
 1711.42 -21.3766 -618.213
 1710.61  -21.125 -619.555
 1709.76  -20.871 -620.878
 1708.84 -20.6131 -622.203
  1707.9 -20.3587 -623.487
 1706.92  -20.101 -624.753
 1705.91 -19.8441 -625.986
 1704.85 -19.5806 -627.227
 1703.76 -19.3265 -628.435
 1702.64 -19.0673 -629.621
 1701.48  -18.798 -630.783
 1700.27 -18.5317 -631.929
 1699.01 -18.2645 -633.068
 1697.74 -18.0023 -634.164
 1696.44 -17.7383  -635.24
 1695.12 -17.4702 -636.289
 1693.77 -17.2026  -637.32
  1692.4 -16.9387 -638.328
 1691.02 -16.6806 -639.321
  1689.6 -16.4209 -640.303
 1688.16 -16.1606 -641.277
 1686.73 -15.9027 -642.225
 1685.27 -15.6453 -643.164
 1683.79 -15.3902 -644.087
  1682.3 -15.1343 -644.988
 1680.81 -14.8744 -645.874
 1679.33 -14.6205 -646.748
 1677.84 -14.3683 -647.613
 1676.33 -14.1128 -648.476
 1674.83 -13.8608 -649.326
 1673.33 -13.6098 -650.165
 1671.81 -13.3559     -651
 1670.31 -13.1032 -651.821
 1668.79 -12.8502 -652.644
 1667.26 -12.5968 -653.467
 1665.73 -12.3457 -654.287
 1664.21  -12.096 -655.096
 1662.68 -11.8464 -655.909
 1661.15 -11.5994 -656.717
 1659.62 -11.3488 -657.525
1658.09 -11.098 -658.33
 1656.57 -10.8457 -659.127
 1655.05 -10.5907 -659.923
 1653.53 -10.3367 -660.719
 1652.01 -10.0906 -661.508
  1650.5 -9.84501 -662.291
   1649 -9.5979 -663.07
  1647.5 -9.34703 -663.841
 1646.02 -9.10064 -664.608
 1644.53 -8.85784 -665.372
 1643.04 -8.62084 -666.133
 1641.56 -8.38867 -666.887
 1640.08 -8.16143 -667.639
 1638.62 -7.93427 -668.383
 1637.16 -7.70638 -669.122
  1635.7 -7.48089 -669.851
 1634.26 -7.25833 -670.561
 1632.82 -7.03751 -671.257
 1631.38 -6.82383 -671.939
 1629.95 -6.61135 -672.601
 1628.52 -6.39926 -673.243
 1627.09 -6.18995  -673.86
 1625.66 -5.97966 -674.453
 1624.24 -5.77705 -675.017
 1622.81 -5.57797 -675.555
 1621.39 -5.38766 -676.058
 1619.96 -5.20639  -676.53
 1618.54 -5.02475 -676.969
 1617.11 -4.84354 -677.374
 1615.68 -4.66805 -677.744
 1614.25 -4.49678 -678.069
 1612.79 -4.32859 -678.353
 1611.34 -4.17061 -678.595
 1609.89 -4.01967 -678.793
 1608.43 -3.87728 -678.952
 1606.97 -3.73967  -679.07
 1605.51 -3.60221 -679.145
 1604.04 -3.46772 -679.171
 1602.58 -3.33484 -679.147
 1601.13 -3.21206 -679.068
 1599.68 -3.10252 -678.939
 1598.23 -2.99753 -678.763
 1596.79 -2.89769 -678.534
 1595.36 -2.81115 -678.253
 1593.95 -2.72859 -677.919
 1592.55 -2.64782 -677.532
 1591.16 -2.57356  -677.09
 1589.79  -2.5096 -676.599
 1588.43 -2.45797 -676.061
  1587.1 -2.41368 -675.473
 1585.79  -2.3804 -674.844
 1584.51  -2.3534 -674.167
 1583.25 -2.33266 -673.445
 1582.02 -2.31765 -672.678
  1580.8 -2.31992 -671.872
 1579.61  -2.3366 -671.024
 1578.45 -2.35456 -670.139
 1577.31 -2.37369 -669.218
 1576.19 -2.39788 -668.262
  1575.1 -2.42637 -667.274
 1574.03 -2.47726 -666.246
 1572.98 -2.54048 -665.192
 1571.97 -2.60496 -664.104
 1570.99 -2.64325 -662.996
 1570.05 -2.68508 -661.853
 1569.14 -2.76772  -660.67
 1568.28 -2.88453 -659.447
 1567.46  -3.0029 -658.199
 1566.68 -3.11098 -656.926
 1565.95 -3.20667 -655.632
 1565.26 -3.30778 -654.317
 1564.61 -3.42235  -652.97
 1563.99 -3.55571 -651.584
 1563.42 -3.69979 -650.186
 1562.88 -3.85949 -648.756
 1562.41 -4.02018 -647.281
 1561.97 -4.18345  -645.77
 1561.62 -4.29407 -645.136
 1561.29 -4.46268  -643.65
 1561.01 -4.64157 -642.103
1560.78 -4.8216  -640.6
  1560.6 -5.01063  -638.98
 1560.45 -5.19244 -637.388
 1560.34 -5.38149 -635.765
 1560.28 -5.57597   -634.1
 1560.26 -5.77941 -632.437
 1560.25 -5.99041 -630.819
 1560.28 -6.20827 -629.132
 1560.33 -6.40421 -627.514
 1560.42 -6.60891 -625.796
 1560.54 -6.81668 -624.102
 1560.67 -7.03087 -622.442
 1560.83 -7.24971 -620.738
    1561  -7.4632 -619.046
 1561.17 -7.67405 -617.365
 1561.36 -7.90168 -615.587
 1561.42 -7.99867 -614.853
 1561.63 -8.21774 -613.087
 1561.83 -8.42291 -611.375
 1562.04 -8.63347 -609.624
 1562.25 -8.83947 -607.882
 1562.46 -9.05009 -606.115
 1562.68 -9.27297 -604.305
 1562.91 -9.50449 -602.506
