10
28
20
21
49
19
23
29
20
19
19
16
16
16
15
16
15
15
25
16
16
15
14
13
15
12
13
14
16
15
14
19
14
16
18
12
13
31
16
14
14
14
15
13
19
14
14
13
15
14
15
45
26
24
19
18
14
14
12
17
19
18
19
16
16
16
19
21
17
16
20
127
40
38
25
28
20
16
16
19
18
17
17
15
16
14
14
13
15
20
14
27
18
16
17
14
16
13
14
18
42
84
28
23
21
17
17
15
16
15
17
16
16
14
14
17
18
17
17
20
24
14
15
13
14
14
17
21
16
15
17
16
16
57
21
15
15
21
19
17
15
14
16
14
17
16
14
16
17
13
14
15
17
19
14
20
16
15
15
21
57
21
16
17
13
14
15
19
15
19
60
56
96
26
18
15
16
16
15
13
14
15
12
13
13
13
15
16
18
19
12
13
13
12
11
12
13
13
12
12
15
28
13
11
12
13
15
12
13
14
30
16
14
15
17
19
36
23
56
20
19
18
27
21
18
18
18
15
15
26
22
17
15
17
19
17
25
26
19
32
28
29
25
20
32
31
40
77
161
83
142
182
45
25
18
24
16
13
18
15
24
18
24
70
24
17
14
15
13
13
13
