-0  0 -0
-0.00291959  -0.0110265    0.565866
-0.00855363  -0.0236034     1.12952
-0.0156599  -0.036957    1.69215
-0.0202133 -0.0478934    2.25434
-0.0254922 -0.0585552    2.82204
-0.0332016 -0.0694024    3.39717
-0.0430963  -0.082168    3.98315
-0.0530417 -0.0977227    4.57252
-0.0649014   -0.11414    5.16665
-0.0803285  -0.129827    5.77063
-0.095625 -0.143934   6.38455
-0.112599 -0.156122   7.01431
-0.132579 -0.167915   7.66501
-0.151677 -0.179918   8.33444
-0.172086 -0.195055   9.01176
  -0.1941 -0.209727    9.6955
-0.218773 -0.214976   10.3909
-0.239652 -0.215253   11.1036
-0.258106 -0.218951   11.8401
-0.279945 -0.227829   12.6047
-0.304215 -0.234958   13.3848
-0.328217 -0.238202   14.1764
-0.350477 -0.238427   14.9842
-0.374015 -0.237638   15.8087
-0.401879 -0.238796   16.6455
-0.422785 -0.246414   17.4982
-0.441992 -0.257762   18.3689
-0.466966 -0.269882   19.2571
-0.493404 -0.287153   20.1645
-0.518137   -0.3096    21.089
-0.544786 -0.333429   22.0288
-0.573473 -0.356296   22.9805
 -0.60435 -0.380973   23.9451
-0.633439 -0.409767   24.9229
-0.661139 -0.438931   25.9113
-0.689662 -0.467885   26.9026
-0.718863 -0.497603   27.9038
-0.747744 -0.525943   28.9184
-0.778323 -0.554935   29.9385
-0.808582 -0.583924   30.9659
-0.840972 -0.611037   31.9979
-0.872107 -0.638058   33.0381
-0.902526 -0.664783   34.0913
-0.936261 -0.689677   35.1504
-0.970188 -0.712853   36.2156
 -1.00451 -0.734072   37.2885
 -1.03917 -0.754087   38.3678
 -1.07659 -0.775243   39.4529
 -1.11383 -0.797734   40.5407
 -1.15231 -0.820876   41.6309
  -1.1915 -0.842598   42.7211
-1.23306 -0.86513  43.8036
 -1.27482 -0.888043   44.8814
 -1.31813 -0.911492   45.9608
 -1.3605 -0.93722  47.0437
 -1.40198 -0.963778    48.129
 -1.4437 -0.98897  49.2152
-1.48204 -1.01068  50.3036
-1.52218 -1.03481  51.3953
-1.56109 -1.05713  52.4818
-1.60179 -1.08214  53.5815
-1.64038 -1.11174  54.6758
-1.67731 -1.14291  55.7631
-1.71354 -1.17534  56.8529
 -1.7491 -1.20797  57.9419
-1.78541 -1.23785  59.0366
-1.82149 -1.26311    60.13
-1.85706 -1.28549  61.2245
-1.89003 -1.30637  62.3162
-1.92464 -1.32777  63.4024
 -1.9645 -1.35659  64.4949
-2.00231 -1.38473   65.584
-2.04382 -1.41497  66.6795
-2.08784 -1.44842  67.7872
-2.12764 -1.47882  68.8882
-2.16335 -1.50618  69.9934
-2.19819  -1.5348  71.0946
-2.23391 -1.56264  72.1929
-2.26947   -1.589  73.2894
-2.30675 -1.61487  74.3801
 -2.3447 -1.64147  75.4684
-2.38544 -1.66757  76.5514
-2.42633 -1.69447  77.6304
-2.46902 -1.72293  78.7105
-2.51294 -1.74923  79.7945
-2.55763  -1.7739  80.8766
-2.60246 -1.79589  81.9509
-2.64647 -1.81571  83.0215
-2.69044 -1.83607  84.0864
-2.73457 -1.86003  85.1427
-2.77775 -1.88403  86.1842
-2.82043 -1.90651  87.2109
-2.86454 -1.92953  88.2171
-2.90856  -1.9508  89.2009
-2.95327 -1.97026  90.1653
-3.00019 -1.99012  91.1077
-3.05109 -2.00971  92.0241
-3.10256 -2.02805  92.9207
-3.15745 -2.04686  93.7899
-3.21334 -2.06597  94.6335
-3.27025 -2.08162  95.4537
-3.32882 -2.09581  96.2478
-3.38872 -2.11139   97.013
-3.44868 -2.12742  97.7451
-3.50718 -2.14345  98.4457
-3.56776 -2.15833  99.1166
-3.62664 -2.17239  99.7601
-3.68354 -2.18727  100.376
-3.73748 -2.20398  100.966
-3.78876 -2.22083  101.534
-3.83267 -2.23628  102.079
-3.86535 -2.24879  102.603
-3.88848 -2.25923  103.107
-3.90309 -2.27005  103.588
-3.90893 -2.28142  104.045
-3.90612 -2.29267  104.484
-3.89148 -2.30476  104.912
-3.86605 -2.31582  105.332
-3.82618 -2.32638  105.741
-3.77215 -2.33772  106.142
-3.70448 -2.34931  106.536
-3.62378 -2.36176  106.918
-3.52963 -2.37503  107.289
-3.41903 -2.38978  107.652
-3.29532 -2.40496  108.004
-3.16299 -2.42035  108.346
-3.01949 -2.43482  108.677
-2.85811 -2.44619  108.999
-2.68037 -2.45779   109.31
-2.48858 -2.47174  109.606
-2.28273 -2.48749  109.887
 -2.0639 -2.50257  110.158
 -1.8307 -2.51582  110.422
-1.58193 -2.52659  110.678
-1.31318 -2.53673  110.922
-1.02095 -2.54828  111.149
-0.707454   -2.5599    111.36
-0.378384   -2.5689   111.564
-0.0347663   -2.57705    111.753
0.324401 -2.58832  111.922
0.695141  -2.6022  112.071
 1.07352 -2.61676  112.206
 1.46081 -2.62925  112.325
 1.85804 -2.63933   112.42
 2.27222 -2.65345  112.498
 2.70152 -2.66904  112.554
 3.14285 -2.68239  112.596
 3.59967 -2.69427  112.636
 4.07778 -2.71024  112.679
 4.56999 -2.72492  112.722
 5.08325 -2.73899  112.755
 5.61335 -2.75629  112.764
 6.16087 -2.77233  112.758
 6.72269 -2.78614  112.746
 7.30026 -2.79584  112.737
 7.89904 -2.80714  112.729
 8.52014 -2.82386   112.71
 9.1656 -2.8448 112.683
 9.82643 -2.86353  112.666
 10.5029 -2.88434  112.655
 11.1972 -2.90592   112.65
 11.9092 -2.92506  112.641
12.6397 -2.9474 112.631
 13.3854 -2.97158  112.622
14.1487 -2.9959 112.614
 14.9205 -3.02061  112.604
 15.7053 -3.04541  112.594
 16.5006 -3.07027  112.586
 17.3004 -3.09374  112.575
18.1067 -3.1144 112.556
 18.9236 -3.13572  112.536
 19.7488 -3.16105  112.523
 20.5752 -3.18117   112.51
 21.4051 -3.20373  112.489
 22.2432 -3.22992  112.468
 23.0914 -3.25765  112.453
 23.9406 -3.28601  112.437
 24.7952 -3.31148  112.418
 25.6502 -3.33151  112.401
 26.4965 -3.35494  112.385
27.3334 -3.3824 112.362
 28.1649 -3.40478  112.339
 28.9978 -3.42759  112.316
  29.838 -3.45906  112.295
 30.6786 -3.48932  112.271
 31.5076 -3.51589  112.251
 32.3295 -3.54096  112.235
 33.1464 -3.56512   112.22
 33.9635 -3.58936  112.203
 34.7772 -3.61573  112.182
 35.5866 -3.64099  112.162
 36.3932 -3.66494   112.14
 37.1976 -3.68783  112.118
37.9948  -3.713 112.091
 38.7826 -3.73769  112.063
  39.566 -3.76016  112.034
 40.3466 -3.78298  112.002
 41.1226 -3.80717  111.968
41.8947 -3.8311 111.936
 42.6599 -3.85408  111.905
 43.4125 -3.87598  111.876
 44.1493 -3.89616  111.846
 44.8665 -3.91729  111.815
 45.5721 -3.93967  111.784
 46.2724 -3.96243  111.753
  46.972 -3.98416  111.724
47.6679 -4.0069 111.693
 48.3618 -4.02948  111.659
 49.0515 -4.05085  111.627
 49.7364 -4.07252  111.602
 50.4194 -4.09645  111.577
 51.1001 -4.11895  111.543
 51.7784 -4.13855   111.51
52.4518  -4.161  111.48
 53.1224 -4.18362  111.449
 53.7883 -4.20381  111.402
 54.4596 -4.22241  111.348
 55.1329 -4.24418  111.297
 55.8119 -4.26688  111.246
 56.4978 -4.29113  111.186
 57.1889 -4.31252  111.124
57.8878 -4.3327  111.06
 58.5966 -4.35256  110.989
 59.3092 -4.37313  110.915
  60.028 -4.39449  110.843
  60.755 -4.41144  110.772
  61.483 -4.42902  110.695
 62.2187 -4.44947   110.61
 62.9599 -4.47315  110.521
 63.7065 -4.49448  110.441
 64.4577 -4.51855  110.366
 65.2125 -4.54355  110.288
 65.9572 -4.56798  110.206
 66.7028 -4.59128  110.127
 67.445 -4.6138 110.051
  68.186 -4.63553   109.97
 68.9279 -4.65807  109.885
 69.6709 -4.67986  109.798
70.4199 -4.7013 109.711
71.1714 -4.7233 109.626
 71.9275 -4.74675  109.537
 72.6899 -4.76866  109.449
 73.4562 -4.78891   109.36
 74.2315 -4.81194  109.265
  75.013 -4.83283  109.172
  75.801 -4.85249   109.08
 76.5956 -4.87296  108.979
 77.3899 -4.89331  108.876
 78.1934 -4.91174  108.773
 79.0005 -4.93286  108.666
 79.8102 -4.95686  108.554
 80.6232 -4.98201  108.443
 81.4483 -5.00953   108.33
 82.2797 -5.03901  108.216
 83.1218 -5.06848  108.103
 83.9689 -5.09551  107.994
 84.8153 -5.12275  107.885
 85.6693 -5.14806  107.776
 86.5244 -5.17175  107.667
  87.379 -5.19761  107.564
 88.2324 -5.22383  107.458
 89.0823 -5.24875  107.354
 89.9415 -5.27538  107.257
90.8021 -5.3066 107.157
 91.6575 -5.33804  107.056
 92.5266 -5.36743  106.954
 93.3939 -5.39683  106.855
 94.2616 -5.42706  106.756
 95.1296 -5.45497  106.653
 95.9963 -5.48422  106.549
 96.8583 -5.51298  106.448
 97.7204 -5.54148   106.35
 98.5821 -5.56928  106.257
 99.4367 -5.59751  106.169
 100.289 -5.62856  106.081
 101.133 -5.65873  105.992
 101.968 -5.68674  105.903
 102.803 -5.71582  105.809
 103.635 -5.74828  105.713
 104.461 -5.78293  105.615
 105.282 -5.81695  105.518
 106.096 -5.85207  105.422
 106.909 -5.88685  105.326
 107.717 -5.92114  105.233
 108.522 -5.95676  105.139
  109.32 -5.99381  105.041
 110.112 -6.02882  104.941
 110.899 -6.06368  104.842
 111.682 -6.10083  104.738
 112.463 -6.13875  104.628
 113.239 -6.17619  104.517
 114.009 -6.21639  104.414
 114.775 -6.25983  104.309
 115.542 -6.29803  104.191
 116.312 -6.33719  104.072
117.083 -6.3832 103.958
 117.854 -6.42802  103.842
118.611 -6.4664 103.722
 119.366 -6.50538  103.605
120.113 -6.5485 103.486
 120.855 -6.59628   103.36
 121.595 -6.64129  103.237
 122.338 -6.68514  103.116
 123.083 -6.73314  102.989
 123.819 -6.78145  102.853
 124.557 -6.82678  102.716
 125.289 -6.87184   102.58
 126.018 -6.91579  102.437
 126.744 -6.96015  102.285
  127.46 -7.00363  102.122
 128.169 -7.04711   101.95
 128.877 -7.09012  101.764
 129.579 -7.13349   101.57
 130.278 -7.17655  101.369
 130.975 -7.21884   101.16
 131.667 -7.26007  100.947
 132.356 -7.30254  100.738
 133.047 -7.34026  100.525
  133.73 -7.37557  100.303
 134.409 -7.41055  100.081
 135.083 -7.44738  99.8686
 135.747 -7.48022  99.6584
 136.409 -7.51283  99.4538
 137.072 -7.54581  99.2512
 137.729 -7.57832   99.047
 138.381 -7.61773  98.8459
 139.028 -7.65259  98.6508
139.665 -7.6842   98.46
   140.3 -7.71697  98.2727
 140.934 -7.75069  98.0909
 141.565 -7.78556  97.9134
 142.191 -7.81986  97.7413
 142.813 -7.85344  97.5753
 143.433 -7.88346   97.412
 144.048 -7.91175   97.249
 144.656 -7.93842  97.0895
 145.259 -7.96957  96.9422
 145.858 -8.00054  96.7999
 146.448 -8.02912  96.6571
 147.032 -8.05428  96.5163
 147.614 -8.08191  96.3854
 148.199 -8.11238  96.2646
 148.78 -8.1434 96.1504
 149.357 -8.17214  96.0413
 149.932 -8.20197  95.9449
150.506 -8.2323 95.8608
 151.073 -8.26122  95.7885
  151.64 -8.28953  95.7294
 152.206 -8.31948  95.6886
152.767 -8.3522 95.6653
 153.329 -8.38464  95.6573
 153.888 -8.41507  95.6562
154.445 -8.4452 95.6644
 155.004 -8.47642  95.6772
  155.56 -8.50893  95.6871
 156.115 -8.53981  95.6867
 156.668 -8.56795  95.6718
 157.214 -8.59623  95.6417
 157.756 -8.62398  95.6013
158.294 -8.6511 95.5571
 158.825 -8.67588  95.5118
 159.355 -8.69856  95.4597
 159.879 -8.72093  95.3917
 160.397 -8.74445  95.3119
  160.91 -8.76773  95.2258
 161.422 -8.78816  95.1369
 161.928 -8.80822   95.044
 162.428 -8.82756  94.9439
  162.92 -8.84777  94.8329
 163.408 -8.86669  94.7184
 163.896 -8.88709  94.6092
 164.378 -8.90552  94.4974
 164.859 -8.92164  94.3879
 165.334 -8.93906  94.2774
 165.807 -8.95972  94.1647
 166.274 -8.97756  94.0537
 166.745 -8.99632  93.9465
 167.215 -9.01146  93.8338
 167.697 -9.02531  93.7177
168.186  -9.042 93.5976
 168.682 -9.06065  93.4697
 169.185 -9.08051  93.3322
169.695 -9.1001 93.1894
170.213 -9.1172 93.0476
 170.738 -9.13428  92.9012
 171.269 -9.15334  92.7446
171.806 -9.1748 92.5788
 172.346 -9.19613  92.4102
 172.893 -9.21697  92.2472
 173.445 -9.23781  92.0782
 173.999 -9.25694   91.905
 174.552 -9.27631  91.7253
 175.108 -9.29593  91.5458
 175.661 -9.31469  91.3756
 176.213 -9.33132  91.2027
 176.763 -9.34549  91.0297
 177.315 -9.36308  90.8586
 177.864 -9.38073  90.6928
 178.412 -9.40018  90.5283
 178.955 -9.41924  90.3665
 179.492 -9.43787  90.2065
 180.019 -9.45614  90.0521
  180.54 -9.47439  89.9041
 181.05  -9.493 89.7617
 181.547 -9.50977  89.6266
  182.03 -9.52644  89.4956
 182.503 -9.54343  89.3727
 182.952 -9.55974  89.2557
 183.386 -9.57478   89.151
 183.805 -9.58828  89.0575
184.215 -9.6011 88.9749
  184.62 -9.61328  88.9026
 185.019 -9.62655  88.8371
 185.415 -9.63933  88.7798
 185.808 -9.65251  88.7397
186.202 -9.6653 88.7184
 186.592 -9.67748  88.7131
 186.977 -9.68926  88.7208
 187.362 -9.70156  88.7421
 187.745 -9.71357  88.7759
 188.124 -9.72621  88.8183
 188.498 -9.73781    88.87
 188.869 -9.74754  88.9365
 189.235 -9.75661  89.0161
189.599 -9.7646 89.1103
 189.963 -9.77256  89.2201
 190.331 -9.77988  89.3461
   190.7 -9.78808  89.4939
 191.064 -9.79756  89.6692
 191.423 -9.80966  89.8651
 191.782 -9.82324  90.0762
 192.141 -9.83938   90.304
 192.499 -9.85384  90.5499
 192.858 -9.86773  90.8163
193.211 -9.8842 91.1208
 193.563 -9.89914  91.4643
 193.907 -9.91616  91.8339
 194.247 -9.93532  92.2257
 194.578 -9.95531  92.6424
 194.902 -9.97671  93.0837
 195.219 -9.99861  93.5519
 195.526 -10.0204  94.0479
 195.824 -10.0416  94.5688
 196.114 -10.0615  95.1174
 196.401 -10.0811  95.6921
 196.681 -10.1016  96.2891
 196.96 -10.121 96.9091
 197.238 -10.1382  97.5482
 197.514 -10.1545  98.2044
197.786 -10.169 98.8805
 198.049 -10.1847  99.5786
 198.302 -10.2024  100.297
 198.546 -10.2199  101.036
 198.786 -10.2363  101.795
 199.021 -10.2534  102.567
 199.257 -10.2729  103.355
 199.499 -10.2906  104.153
199.752 -10.307 104.961
 200.009 -10.3255  105.777
 200.271 -10.3446  106.606
200.535 -10.363 107.447
   200.8 -10.3819    108.3
 201.072 -10.4028  109.165
 201.348 -10.4225  110.039
 201.628 -10.4434  110.914
 201.905 -10.4642  111.788
 202.184 -10.4835  112.665
 202.463 -10.5035  113.536
 202.742 -10.5245  114.415
 203.022 -10.5441  115.293
 203.302 -10.5611   116.17
 203.583 -10.5784  117.048
 203.864 -10.5971  117.943
 204.143 -10.6165  118.827
  204.42 -10.6362  119.709
 204.696 -10.6571  120.594
 204.971 -10.6779  121.479
 205.245 -10.6985  122.366
 205.517 -10.7192  123.249
 205.785 -10.7388  124.127
 206.054 -10.7574   125.01
 206.325 -10.7765  125.893
 206.592 -10.7962  126.775
 206.858 -10.8149  127.662
 207.121 -10.8336  128.543
 207.382 -10.8514  129.415
 207.636 -10.8698  130.282
 207.885 -10.8894  131.139
 208.129 -10.9064   131.98
 208.368 -10.9226  132.816
 208.601 -10.9395  133.643
 208.827 -10.9555  134.448
 209.044 -10.9715  135.237
 209.256 -10.9873  136.015
209.461 -11.006 136.778
 209.661 -11.0253  137.525
209.855 -11.044 138.255
 210.039 -11.0601  138.965
 210.212 -11.0761  139.652
 210.376 -11.0931  140.314
  210.53 -11.1055  140.951
 210.676 -11.1159  141.565
 210.815 -11.1308  142.155
 210.949 -11.1474  142.721
 211.078 -11.1631  143.261
   211.2 -11.1759   143.78
  211.32 -11.1893  144.281
211.433 -11.204 144.768
 211.542 -11.2174  145.243
 211.649 -11.2316  145.709
 211.753 -11.2452  146.171
 211.853 -11.2592   146.63
 211.946 -11.2728  147.086
 212.025 -11.2852  147.536
 212.089 -11.2986  147.981
 212.138 -11.3104  148.423
  212.17 -11.3212  148.857
 212.188 -11.3316  149.288
 212.188 -11.3421  149.715
212.169 -11.353 150.137
  212.13 -11.3644   150.55
 212.073 -11.3749  150.956
 211.996 -11.3842  151.349
   211.9 -11.3898  151.735
211.791 -11.393 152.116
 211.663 -11.3969  152.487
 211.519 -11.4034  152.848
 211.355 -11.4077    153.2
 211.171 -11.4124   153.54
 210.966 -11.4139  153.864
 210.744 -11.4113  154.175
 210.505 -11.4076   154.47
 210.254 -11.4049  154.753
 209.988 -11.3982  155.021
 209.704 -11.3883  155.271
 209.405 -11.3785  155.498
 209.093 -11.3689  155.705
 208.773 -11.3579  155.893
 208.442 -11.3459  156.054
208.102 -11.334 156.189
 207.755 -11.3202  156.303
 207.408 -11.3067  156.403
 207.051 -11.2948  156.491
 206.689 -11.2824  156.562
206.327 -11.273 156.615
 205.961 -11.2624  156.658
 205.585 -11.2461  156.704
 205.206 -11.2274  156.751
  204.81 -11.2099  156.786
 204.401 -11.1948  156.802
 203.978 -11.1799  156.812
 203.536 -11.1649  156.822
 203.082 -11.1473  156.838
 202.615 -11.1269  156.853
 202.129 -11.1052  156.861
 201.618 -11.0819  156.861
 201.085 -11.0617  156.845
 200.532 -11.0436  156.811
 199.961 -11.0243  156.768
 199.373 -11.0005  156.725
 198.766 -10.9748   156.68
 198.142 -10.9481  156.634
 197.498 -10.9214  156.584
 196.835 -10.8937  156.529
196.155 -10.866 156.471
 195.458 -10.8366  156.412
 194.738 -10.8063  156.357
     194 -10.7757   156.31
 193.241 -10.7454  156.273
 192.471 -10.7153  156.246
 191.678 -10.6839  156.224
 190.862 -10.6502  156.209
 190.033 -10.6176  156.202
 189.188 -10.5858  156.205
 188.323 -10.5522  156.216
187.445 -10.519 156.235
  186.56 -10.4859  156.265
 185.672 -10.4521  156.302
  184.78 -10.4187  156.345
  183.89 -10.3853  156.395
 182.996 -10.3529  156.451
 182.103 -10.3197  156.513
 181.206 -10.2871  156.575
 180.312 -10.2548  156.634
 179.415 -10.2227  156.695
 178.513 -10.1904  156.756
 177.613 -10.1579  156.818
 176.709 -10.1267  156.881
 175.804 -10.0962  156.945
 174.902 -10.0661  157.009
 174.001 -10.0355  157.072
   173.1 -10.0044  157.135
 172.199 -9.97637  157.201
 171.299 -9.94745  157.262
 170.396 -9.91548  157.322
 169.489 -9.88511  157.384
 168.585 -9.85399  157.447
 167.681 -9.82074  157.509
 166.779 -9.78769  157.568
 165.876 -9.75413  157.629
 164.977 -9.72201   157.69
  164.08 -9.68937  157.751
 163.184 -9.65757  157.815
 162.288 -9.62584  157.881
 161.397 -9.59389  157.948
 160.505 -9.56264  158.015
159.618  -9.532 158.082
  158.73 -9.50203  158.149
 157.843 -9.47294  158.217
 156.955 -9.44362  158.288
 156.066 -9.41281  158.358
 155.179 -9.38277   158.43
 154.293 -9.35229  158.501
  153.41 -9.32088  158.574
 152.526 -9.29078  158.647
 151.642 -9.26162  158.719
 150.748 -9.23242  158.789
149.848 -9.2047 158.862
 148.947 -9.17689  158.936
 148.047 -9.14838  159.008
 147.142 -9.11789  159.084
 146.237 -9.08667  159.165
 145.326 -9.05447  159.247
 144.415 -9.02375  159.323
 143.501 -8.99168  159.403
 142.588 -8.95851  159.487
 141.671 -8.92918  159.565
 140.732 -8.90167  159.644
 139.796 -8.87271  159.725
 138.857 -8.84339  159.804
 137.916 -8.81383   159.88
 136.971 -8.78352  159.951
 136.018 -8.75185  160.013
  135.06 -8.71929  160.071
 134.101 -8.68667  160.124
 133.136 -8.65398  160.169
  132.17 -8.62163  160.214
 131.199 -8.58986  160.258
 130.224 -8.55975  160.302
 129.243 -8.53157  160.349
  128.26 -8.50534  160.399
  127.27 -8.47746  160.448
 126.277 -8.44686  160.495
 125.282 -8.41549  160.539
 124.29  -8.383 160.582
 123.301 -8.34892  160.621
 122.316 -8.31387  160.661
 121.332 -8.27985    160.7
 120.354 -8.24582  160.737
 119.377 -8.21154  160.773
 118.398 -8.17814  160.807
 117.415 -8.14506   160.84
 116.435 -8.11401  160.878
 115.453 -8.08339  160.914
 114.468 -8.05174  160.951
 113.488 -8.02096  160.989
112.503 -7.9875 161.027
111.521 -7.9565 161.062
 110.533 -7.92404  161.098
 109.546 -7.89192  161.132
 108.565 -7.85988  161.167
 107.585 -7.82726    161.2
 106.604 -7.79367  161.237
 105.624 -7.76078  161.273
 104.642 -7.72533  161.309
 103.665 -7.69077  161.343
 102.689 -7.65498  161.376
101.716 -7.6185  161.41
 100.741 -7.58366  161.441
99.7668 -7.5478 161.468
 98.7967 -7.51305  161.497
  97.821 -7.47911  161.524
 96.8413 -7.44503   161.55
 95.8594 -7.41571  161.584
 94.8816 -7.38731  161.625
 93.9053 -7.35631   161.67
 92.9292 -7.32356  161.715
 91.9468 -7.28935  161.765
90.9678 -7.2551 161.816
 89.9877 -7.21861  161.865
89.0092 -7.1829 161.918
 88.0319 -7.14963  161.971
 87.0588 -7.11688  162.026
 86.0842 -7.08611  162.084
 85.1057 -7.05654  162.142
 84.1247 -7.02818  162.201
 83.1386 -6.99946  162.266
 82.1573 -6.96919  162.327
81.1747 -6.9382 162.386
 80.1917 -6.90622  162.443
 79.2052 -6.87149  162.502
 78.2124 -6.83453  162.561
 77.2219 -6.79789  162.615
 76.2343 -6.76095  162.672
 75.2533 -6.72507   162.73
 74.2705 -6.69257  162.789
 73.2785 -6.66271  162.847
 72.2842 -6.63326  162.904
 71.2902 -6.60044  162.959
 70.2974 -6.56484  163.012
 69.3039 -6.52934  163.062
  68.305 -6.49539  163.112
 67.3059 -6.45894  163.159
 66.3099 -6.42324  163.203
 65.3109 -6.38754  163.243
 64.3105 -6.35042  163.279
63.3108 -6.3149 163.313
 62.3109 -6.28054  163.342
 61.3063 -6.24355  163.373
60.2971 -6.2068   163.4
59.2814 -6.1705 163.426
58.2717 -6.1325  163.45
57.2585 -6.0935 163.475
 56.2482 -6.05599  163.501
 55.2373 -6.01908  163.526
 54.2299 -5.98335  163.557
 53.2176 -5.94666  163.581
 52.2103 -5.91018  163.604
 51.2016 -5.87391  163.625
 50.1973 -5.83738  163.646
 49.1943 -5.80017  163.664
  48.195 -5.76387   163.68
47.2012 -5.7308 163.696
 46.2111 -5.69914  163.705
 45.2252 -5.66963  163.715
 44.2405 -5.64209  163.719
 43.259 -5.6147 163.722
 42.2767 -5.58877  163.725
 41.3023 -5.55922  163.725
 40.3316 -5.52889  163.721
 39.3577 -5.49767   163.72
38.3889 -5.4662 163.717
 37.4252 -5.43279  163.714
 36.4621 -5.40054   163.71
 35.5067 -5.36689  163.705
 34.556 -5.3317 163.702
 33.6122 -5.29753  163.698
 32.6717 -5.26377  163.693
 31.7398 -5.23068  163.685
 30.8125 -5.19707  163.677
  29.898 -5.16412  163.667
 28.9894 -5.13112  163.653
 28.0857 -5.09734   163.64
 27.1945 -5.06434  163.624
 26.3087 -5.03186  163.607
 25.4335 -5.00007  163.588
 24.5637 -4.96953  163.568
 23.7076 -4.93921  163.547
 22.8631 -4.90886  163.523
 22.0308 -4.87875    163.5
 21.2185 -4.84986  163.476
 20.4161 -4.82051  163.454
19.6336 -4.7925 163.435
 18.8619 -4.76684  163.419
 18.0984 -4.74122  163.404
 17.3423 -4.71636  163.394
 16.5917 -4.69246  163.388
 15.8479 -4.66872  163.385
15.1144 -4.6463 163.385
 14.3872 -4.62361  163.383
 13.6634 -4.60043  163.385
 12.9495 -4.57823  163.386
  12.245 -4.55638  163.388
11.5487 -4.5343 163.393
 10.8621 -4.51099  163.397
 10.1846 -4.48767  163.402
  9.5189 -4.46452  163.409
 8.86474 -4.44236  163.415
8.22211 -4.4202 163.423
 7.59485 -4.39934  163.433
6.98193 -4.3783 163.444
 6.38574 -4.35633  163.458
 5.80877 -4.33558  163.476
 5.24824 -4.31642  163.496
 4.69953 -4.29727  163.515
 4.16686 -4.27794  163.536
 3.64913 -4.25906  163.562
3.14624 -4.2397 163.592
 2.65489 -4.22118  163.627
  2.1772 -4.20484  163.667
 1.71177 -4.18994  163.711
 1.25839 -4.17536   163.76
 0.81805 -4.16019  163.815
0.393748 -4.14616  163.878
-0.0189461   -4.13339    163.946
-0.423222  -4.12307   164.019
-0.816319  -4.11469   164.096
-1.19758 -4.10791  164.181
-1.55822 -4.10173  164.274
-1.90036 -4.09619  164.374
-2.23491 -4.09086  164.481
-2.56452 -4.08493  164.593
-2.88997 -4.07853   164.71
-3.21083 -4.07056  164.839
-3.52477 -4.06248  164.978
-3.83225 -4.05553  165.122
-4.12924 -4.05151  165.277
-4.41464 -4.05028  165.443
-4.68974 -4.04948  165.617
-4.95726 -4.04818  165.799
 -5.2177 -4.04436  165.992
-5.47718 -4.03865  166.198
 -5.7375 -4.03119  166.417
-5.9924 -4.0233 166.662
-6.24236 -4.01884   166.93
-6.48451 -4.01914  167.219
-6.72385 -4.02061  167.521
-6.95743  -4.0217  167.837
-7.18145 -4.02488  168.173
-7.39455 -4.03203  168.527
-7.59996 -4.03844  168.899
-7.79716 -4.04363  169.291
-7.98793 -4.04667  169.702
-8.17188 -4.04976  170.138
-8.34492 -4.05484  170.595
-8.50303  -4.0639  171.077
-8.64091 -4.07439  171.583
-8.76811 -4.08692  172.114
-8.87963 -4.09591  172.663
 -8.9739 -4.10249  173.236
-9.05317 -4.11543  173.829
-9.11937 -4.13186  174.443
-9.17573 -4.15017  175.069
-9.22315 -4.16905  175.712
 -9.2681 -4.18655  176.369
-9.30937 -4.20356  177.041
-9.34735 -4.22243   177.73
-9.38227 -4.24281  178.435
-9.41741 -4.26303  179.155
-9.45251 -4.28206   179.89
 -9.4937 -4.30056   180.64
-9.54177 -4.31924  181.408
-9.59325 -4.33973  182.192
-9.64468 -4.36174  182.982
-9.69796 -4.38533  183.778
-9.76015    -4.41  184.583
 -9.8233 -4.43232  185.392
-9.88631 -4.45783  186.208
-9.95168 -4.48383   187.03
-10.0192 -4.50855  187.842
-10.0879 -4.53151  188.653
-10.1589 -4.55421  189.469
  -10.23 -4.57481   190.29
-10.3022 -4.59661  191.115
-10.3735 -4.62049  191.946
 -10.444 -4.64377  192.785
-10.5173 -4.66603  193.614
-10.5913 -4.68811  194.444
-10.6643 -4.70872  195.269
-10.7401 -4.72906  196.093
-10.8206 -4.75005  196.914
-10.9024 -4.76911  197.735
-10.9821 -4.78559  198.552
-11.0637 -4.80241  199.362
-11.1485 -4.81967  200.168
-11.2318 -4.83849  200.965
-11.3148 -4.85669  201.763
-11.3997  -4.8748  202.551
-11.4845 -4.89341  203.333
-11.5666   -4.914  204.104
-11.6436 -4.93278  204.864
-11.7186 -4.95078  205.605
 -11.795 -4.96811  206.328
-11.8712  -4.9876  207.036
-11.9469  -5.0049  207.725
-12.0188  -5.0214  208.399
-12.0908   -5.038  209.054
-12.1639 -5.05787   209.69
-12.2365 -5.07158  210.301
 -12.308 -5.08624  210.896
 -12.379 -5.10033  211.469
-12.4493 -5.11409  212.017
-12.5176 -5.12767  212.548
-12.5841 -5.14242  213.059
-12.6463 -5.15615   213.55
-12.7008 -5.16746  214.022
-12.7501 -5.17766  214.479
-12.7928 -5.18818   214.93
-12.8273 -5.19897  215.378
-12.8546 -5.21169  215.824
 -12.868 -5.22386  216.268
-12.8681 -5.23576   216.71
-12.8592 -5.24995  217.144
-12.8408 -5.26434  217.571
-12.8061 -5.27932  217.995
-12.7525 -5.29352  218.414
-12.6833 -5.30875  218.824
-12.5929 -5.32293  219.225
-12.4838 -5.33683  219.613
-12.3625 -5.35118  219.993
 -12.227 -5.36895  220.364
-12.0802 -5.38871  220.726
-11.9255 -5.40802  221.079
-11.7608 -5.42569  221.422
-11.5814 -5.44017  221.757
-11.3784 -5.45222  222.081
-11.1496  -5.4657  222.401
-10.9009 -5.47945  222.711
 -10.641 -5.49028  223.017
-10.3786 -5.50514  223.326
-10.1038   -5.529  223.636
-9.79804  -5.5553  223.926
-9.46213 -5.57661  224.186
 -9.1027 -5.58752  224.425
-8.72668 -5.59869  224.652
-8.34086 -5.61432  224.883
-7.93895 -5.63408  225.109
-7.51047 -5.66224   225.32
-7.05855  -5.6957  225.504
-6.58826 -5.72548   225.66
-6.10422 -5.74863  225.797
-5.59675 -5.76675   225.92
 -5.0771 -5.78623  226.041
-4.53351 -5.80915  226.155
-3.96427 -5.83678  226.258
-3.38627 -5.86349  226.355
-2.79036  -5.8896  226.437
 -2.1831 -5.91356   226.51
-1.56145 -5.93829  226.564
-0.920688  -5.96352   226.603
-0.26011 -5.98786  226.641
0.418032 -6.01529  226.677
 1.11119 -6.04587  226.706
  1.8147 -6.07635  226.721
 2.53455 -6.09833  226.734
 3.26666 -6.12192  226.739
 4.01508 -6.14897   226.75
 4.77907 -6.18077  226.766
 5.55792 -6.20965  226.779
 6.34272 -6.23826  226.789
 7.14265 -6.26528  226.796
 7.95075 -6.29332  226.803
 8.75875 -6.32355  226.813
 9.56393 -6.35321  226.827
 10.3691 -6.38074  226.843
 11.1756 -6.40973  226.862
 11.9845 -6.43865  226.885
 12.7937 -6.46971  226.913
 13.6079 -6.50165  226.942
 14.4206 -6.53097  226.974
 15.2382 -6.55997  227.009
 16.0599 -6.58924  227.046
 16.8855 -6.62231  227.088
 17.7081 -6.65441  227.131
 18.5332 -6.68374  227.173
 19.3578 -6.71231  227.216
 20.1859 -6.74309  227.259
 21.0171 -6.77485    227.3
 21.8528 -6.80682  227.341
 22.6879 -6.83727   227.38
 23.5204 -6.86895  227.417
 24.3506 -6.89963  227.455
 25.1793 -6.92856  227.494
 26.0075 -6.95935  227.534
 26.8363 -6.99065  227.575
 27.6601 -7.02044  227.612
 27.4251 -7.02788  227.634
 28.2492 -7.05542  227.667
 29.0708 -7.08096    227.7
 29.8899 -7.10579   227.73
 30.7068 -7.13012  227.759
 31.5151 -7.15391  227.783
 32.3215 -7.17659  227.807
 33.1212 -7.20041  227.832
 33.9202 -7.22776  227.856
 34.7152 -7.25701  227.881
 35.5079 -7.28588  227.908
 36.3043 -7.31315  227.934
37.0986 -7.3393 227.957
 37.8877 -7.36497   227.98
 38.6722 -7.39097  228.003
39.4504  -7.416 228.023
  40.226 -7.43863   228.04
 40.9974 -7.46201  228.057
 41.7668 -7.48659  228.076
 42.5361 -7.51156  228.098
 43.3064 -7.53401  228.122
44.0714 -7.5549 228.148
   44.83 -7.57768  228.166
 45.5848 -7.59965  228.186
 46.3338 -7.62244  228.211
 47.0826 -7.64209   228.23
 47.8337 -7.66284  228.242
 48.5766 -7.69158   228.26
 49.3043 -7.72283  228.285
 50.0262 -7.74714    228.3
 50.7523 -7.77434  228.309
 51.4829 -7.80704  228.327
 52.2094 -7.84306  228.353
 52.9325 -7.87681  228.377
   53.65 -7.90461  228.398
 54.3628 -7.92786  228.422
 55.0731 -7.95627  228.456
55.7778  -7.985 228.491
 56.4797 -8.01142  228.518
 57.1799 -8.03405  228.541
 57.8767 -8.05864  228.565
  58.567 -8.08587  228.588
 59.2556 -8.11084  228.604
 59.9399 -8.13397   228.62
  60.62 -8.1569 228.639
 61.2923 -8.18207  228.661
 61.9545 -8.20638  228.682
 62.6117 -8.23048  228.704
 63.2668 -8.25484  228.726
  63.921 -8.27985  228.745
 64.5739 -8.30488  228.764
65.2228 -8.3297 228.786
 65.8656 -8.35543  228.811
 66.5044 -8.38121  228.833
 67.1427 -8.40601  228.848
 67.7763 -8.42903   228.86
 68.4095 -8.45132  228.877
 69.0384 -8.47361  228.894
 69.6696 -8.49493  228.906
 70.3012 -8.51864   228.91
 70.9376 -8.54223  228.914
 71.5809 -8.56494  228.915
 72.2328 -8.58664  228.916
 72.8961 -8.61056   228.91
 73.5688 -8.63795  228.897
 74.2466 -8.66548  228.878
 74.9369 -8.69053  228.859
 75.6424 -8.71471  228.841
 76.3533 -8.73903  228.815
  77.073 -8.76707  228.778
 77.8051 -8.79435  228.735
 78.5459 -8.81902  228.695
 79.2969 -8.84383  228.646
 80.0607 -8.87158  228.592
 80.8417 -8.90147  228.533
 81.6381 -8.92899  228.472
 82.4492 -8.95787  228.407
 83.2715 -8.98578  228.338
 84.1106 -9.01063  228.269
 84.9591 -9.03507  228.198
 85.8241 -9.06197  228.128
86.7059 -9.0878 228.055
 87.5973 -9.11499  227.982
 88.5106 -9.14447  227.909
 89.4251 -9.17537  227.835
 90.3575 -9.20601  227.767
 91.2991 -9.23323  227.702
 92.2479 -9.26279  227.646
 93.2114 -9.29349  227.595
 94.1878 -9.32263  227.551
95.1731 -9.3526 227.508
 96.1675 -9.38331  227.469
 97.1667 -9.41842  227.438
 98.1672 -9.45391  227.409
 99.1644 -9.49237   227.38
 100.169 -9.53567  227.353
 101.178 -9.58205  227.324
 102.192 -9.62663  227.295
 103.205 -9.66633  227.265
 104.218 -9.70071  227.239
 105.232 -9.73704  227.217
 106.246 -9.77295  227.197
 107.254 -9.80825  227.176
 108.258 -9.84495  227.156
 109.266 -9.88365  227.136
110.278 -9.9232  227.12
  111.28 -9.96351  227.108
  112.28 -10.0038  227.097
 113.278 -10.0438  227.085
 114.283 -10.0852  227.079
 115.282 -10.1266  227.077
 116.278 -10.1625  227.076
 117.263 -10.1992  227.077
 118.243 -10.2345  227.084
 119.227 -10.2696  227.094
 120.208 -10.3055  227.108
 121.184 -10.3411  227.124
 122.154 -10.3743  227.132
 123.118 -10.4082   227.14
 124.072 -10.4472  227.149
 125.031 -10.4865  227.153
 125.986 -10.5276  227.155
 126.936 -10.5692  227.161
 127.888 -10.6099  227.169
128.835 -10.648 227.174
 129.778 -10.6823  227.178
 130.718 -10.7168  227.178
 131.661 -10.7524  227.173
   132.6 -10.7861  227.163
133.536 -10.819  227.15
 134.472 -10.8534  227.132
 135.403 -10.8877  227.112
 136.337 -10.9211  227.082
 137.271 -10.9566  227.048
138.207 -10.994 227.011
 139.146 -11.0259  226.962
 140.088 -11.0585  226.906
 141.032 -11.0904  226.839
 141.972 -11.1202  226.768
 142.911 -11.1478  226.688
 143.851 -11.1744  226.596
 144.791 -11.2027  226.494
  145.73 -11.2333  226.382
 146.672 -11.2603  226.261
 147.618 -11.2881  226.132
 148.563 -11.3195  225.985
 149.505 -11.3495  225.828
 150.444 -11.3766  225.662
 151.384 -11.4062  225.489
 152.329 -11.4387   225.31
  153.27 -11.4685   225.13
 154.207 -11.4992  224.953
 155.148 -11.5323  224.774
 156.088 -11.5662  224.602
 157.024 -11.5977  224.434
  157.97 -11.6297   224.27
 158.917 -11.6596  224.115
  159.86 -11.6868  223.967
 160.791 -11.7134  223.826
 161.722 -11.7432  223.691
 162.649 -11.7752  223.562
163.579  -11.81 223.442
 164.516 -11.8461  223.332
165.449 -11.881 223.225
  166.38 -11.9141  223.122
 167.305 -11.9459  223.028
 168.226 -11.9804   222.94
 169.133 -12.0157   222.85
 170.032 -12.0501  222.761
170.918 -12.085 222.674
 171.788 -12.1186  222.589
 172.639 -12.1499  222.507
 173.474 -12.1792  222.427
 174.301 -12.2044  222.345
 175.124 -12.2305  222.265
 175.943 -12.2598  222.191
 176.765 -12.2888  222.114
177.582  -12.32 222.034
  178.4 -12.351 221.954
179.219 -12.378 221.871
 180.038 -12.4027  221.785
 180.851 -12.4284  221.696
 181.658 -12.4515  221.608
 182.455 -12.4738  221.524
 183.246 -12.4994  221.441
 184.041 -12.5243  221.358
 184.833 -12.5535  221.283
 185.627 -12.5852  221.215
 186.418 -12.6104  221.151
   187.2 -12.6354  221.091
 187.978 -12.6633  221.035
 188.752 -12.6912  220.979
189.527 -12.717 220.924
190.298 -12.743 220.873
 191.077 -12.7684  220.824
  191.85 -12.7956  220.776
 192.622 -12.8221  220.733
 193.381 -12.8456  220.691
 194.134 -12.8688  220.648
  194.87 -12.8958  220.612
 195.594 -12.9234  220.576
 196.302 -12.9497  220.536
 196.986 -12.9742  220.493
197.645 -12.999 220.454
 198.281 -13.0221  220.417
 198.891 -13.0443  220.382
 199.473 -13.0639  220.344
 200.032 -13.0822  220.307
 200.564 -13.1015  220.275
 201.078 -13.1227  220.253
 201.564 -13.1447  220.229
 202.037 -13.1655  220.201
   202.5 -13.1868  220.171
 202.953 -13.2076   220.14
 203.404 -13.2278  220.106
 203.849 -13.2466  220.069
 204.284 -13.2647  220.029
 204.707 -13.2834  219.987
 205.114 -13.3022  219.943
   205.5 -13.3202    219.9
 205.862 -13.3366   219.86
   206.2 -13.3524  219.822
 206.523 -13.3667  219.786
 206.842 -13.3812  219.747
 207.157 -13.3958  219.704
 207.471 -13.4102  219.659
 207.783 -13.4235  219.614
  208.09 -13.4357  219.568
 208.395 -13.4478  219.521
 208.697 -13.4603  219.475
 208.995 -13.4739  219.427
 209.293 -13.4874  219.376
 209.589 -13.4993  219.318
 209.889 -13.5107  219.255
 210.194 -13.5228  219.186
 210.499 -13.5356  219.112
 210.811 -13.5473  219.027
211.125 -13.559 218.943
 211.443 -13.5712  218.855
 211.764 -13.5851  218.756
 212.088 -13.5993  218.641
  212.42 -13.6139  218.518
 212.759 -13.6291  218.386
 213.107 -13.6444  218.244
 213.463 -13.6584   218.09
 213.827 -13.6694  217.918
 214.194 -13.6828  217.724
 214.562 -13.6975  217.513
 214.932 -13.7131  217.283
 215.311 -13.7269  217.041
 215.684 -13.7406  216.776
 216.056 -13.7525  216.488
 216.426 -13.7621  216.178
 216.792 -13.7718  215.847
 217.157 -13.7801  215.493
 217.514 -13.7885  215.123
 217.864 -13.7977  214.733
 218.204 -13.8061   214.32
 218.535 -13.8115  213.884
 218.857 -13.8158  213.427
 219.171 -13.8194  212.949
 219.475 -13.8242   212.45
 219.768 -13.8308  211.931
  220.05 -13.8355  211.398
 220.318 -13.8382  210.843
 220.567 -13.8371  210.268
 220.791 -13.8352  209.672
 220.998 -13.8319   209.06
 221.194 -13.8283  208.441
 221.363 -13.8214  207.801
 221.502 -13.8097  207.151
 221.609 -13.7969   206.49
 221.701 -13.7871  205.824
 221.772 -13.7826   205.15
 221.815 -13.7762  204.465
 221.837 -13.7659  203.768
 221.838 -13.7584  203.061
 221.822 -13.7541  202.344
  221.79 -13.7502   201.62
 221.742 -13.7422   200.89
  221.68 -13.7317  200.158
 221.605 -13.7199  199.418
221.517 -13.707  198.67
 221.412 -13.6894  197.916
 221.291 -13.6688  197.155
 221.156 -13.6459  196.387
221.009 -13.619 195.613
 220.848 -13.5892  194.842
 220.668 -13.5648  194.069
  220.48 -13.5396  193.289
 220.284 -13.5117  192.497
 220.071 -13.4903  191.698
 219.847 -13.4748  190.897
 219.614 -13.4526   190.09
 219.381 -13.4309  189.283
 219.151 -13.4121  188.473
 218.913 -13.3952  187.661
 218.675 -13.3772   186.85
 218.434 -13.3587  186.035
 218.197 -13.3413  185.221
 217.957 -13.3251  184.399
 217.718 -13.3082   183.58
 217.487 -13.2909  182.758
 217.262 -13.2734  181.937
 217.047 -13.2568  181.119
216.838  -13.24 180.304
 216.635 -13.2212   179.49
 216.437 -13.2033  178.679
 216.248 -13.1869  177.874
 216.066 -13.1704  177.076
 215.893 -13.1542   176.29
215.725 -13.138 175.516
 215.564 -13.1232   174.76
 215.411 -13.1084  174.023
215.263 -13.094 173.307
 215.117 -13.0798  172.609
 214.974 -13.0658  171.928
 214.832 -13.0527  171.261
 214.693 -13.0402  170.612
 214.555 -13.0283  169.977
 214.419 -13.0176   169.36
 214.281 -13.0059  168.758
 214.143 -12.9935   168.17
 214.002 -12.9815  167.595
 213.857 -12.9696  167.028
 213.705 -12.9579  166.467
 213.546 -12.9458  165.916
 213.378 -12.9336  165.376
 213.201 -12.9208   164.85
 213.009 -12.9081  164.339
 212.811 -12.8946  163.847
 212.604 -12.8818  163.369
 212.376 -12.8687  162.906
 212.133 -12.8571  162.463
  211.87 -12.8446  162.038
 211.587 -12.8314  161.631
 211.293 -12.8169  161.241
 210.976 -12.8018  160.869
 210.643 -12.7875  160.517
 210.294 -12.7732  160.181
 209.933 -12.7603  159.866
 209.556 -12.7462  159.575
 209.162 -12.7293  159.312
 208.758 -12.7092  159.071
208.342 -12.689 158.846
 207.914 -12.6714  158.637
 207.469 -12.6548   158.45
207.009 -12.637  158.29
 206.539 -12.6171  158.153
 206.057 -12.5954  158.032
 205.56 -12.573 157.925
 205.051 -12.5506  157.837
 204.528 -12.5279  157.765
203.993 -12.505 157.703
 203.448 -12.4806  157.648
 202.892 -12.4552  157.603
202.322 -12.428 157.566
 201.736 -12.3986  157.538
 201.134 -12.3668  157.513
 200.515 -12.3384  157.498
 199.881 -12.3134   157.49
 199.235 -12.2874   157.49
 198.575 -12.2576  157.495
 197.902 -12.2276  157.508
 197.215 -12.1981  157.529
 196.514 -12.1672  157.552
   195.8 -12.1358  157.573
195.072 -12.105 157.591
 194.328 -12.0735  157.609
 193.571 -12.0414  157.626
 192.799 -12.0089  157.641
 192.015 -11.9768  157.658
 191.216 -11.9429  157.679
 190.406 -11.9083  157.703
 189.584 -11.8732  157.729
 188.745 -11.8393  157.757
187.896 -11.803 157.788
 187.034 -11.7665  157.819
  186.16 -11.7303  157.852
 185.273 -11.6939  157.887
  184.38 -11.6569  157.925
 183.471 -11.6183  157.966
 182.553 -11.5811  158.011
 181.627 -11.5431  158.062
 180.694 -11.5048  158.114
179.758 -11.467 158.164
 178.811 -11.4291  158.215
 177.859 -11.3911  158.264
 176.901 -11.3522  158.311
 175.942 -11.3139  158.357
 174.982 -11.2764  158.402
 174.026 -11.2396  158.448
 173.068 -11.2024  158.493
 172.109 -11.1653  158.538
 171.154 -11.1305  158.585
170.199 -11.094  158.63
 169.246 -11.0565  158.674
 168.286 -11.0203  158.723
 167.335 -10.9816  158.772
 166.388 -10.9424  158.821
 165.444 -10.9036   158.87
 164.499 -10.8649  158.921
 163.559 -10.8264  158.969
  162.62 -10.7883  159.018
 161.682 -10.7506  159.067
 160.748 -10.7125  159.117
 159.816 -10.6753  159.167
 158.886 -10.6388  159.217
 157.954 -10.6027  159.266
 157.023 -10.5672  159.314
 156.088 -10.5315  159.364
 155.147 -10.4942  159.415
 154.208 -10.4576  159.466
 153.268 -10.4205  159.515
 152.326 -10.3835  159.568
 151.389 -10.3477  159.623
 150.449 -10.3121  159.681
 149.507 -10.2776  159.738
 148.562 -10.2434    159.8
 147.614 -10.2087  159.859
 146.665 -10.1723  159.922
 145.715 -10.1358  159.989
 144.755 -10.0962  160.061
 143.801 -10.0596  160.121
 142.842 -10.0208  160.184
 141.883 -9.98078  160.249
 140.903 -9.94371  160.311
 139.932 -9.90937  160.366
 138.949 -9.87364  160.424
 137.962 -9.83765  160.479
  136.97 -9.80128  160.528
 135.969 -9.76342  160.568
 134.958 -9.72508  160.603
 133.945 -9.68536  160.633
 132.928 -9.64546  160.658
 131.907 -9.60559   160.68
 130.881 -9.56679    160.7
 129.848 -9.52819  160.717
 128.809 -9.49208  160.735
 127.762 -9.45887  160.757
 126.705 -9.42423  160.778
 125.643 -9.38615  160.798
 124.576 -9.34747  160.817
 123.504 -9.30711  160.835
  122.43 -9.26418   160.85
 121.356 -9.22047  160.863
 120.283 -9.17803  160.875
 119.207 -9.13571  160.887
 118.132 -9.09342  160.898
 117.055 -9.05231  160.909
 115.979 -9.01218  160.924
 114.905 -8.97277  160.938
 113.835 -8.93442  160.952
  112.76 -8.89545  160.969
 111.683 -8.85456  160.986
110.607 -8.8157     161
 109.524 -8.77567  161.016
 108.446 -8.73584   161.03
107.369 -8.6962 161.044
 106.293 -8.65479  161.058
  105.22 -8.61382  161.072
104.146 -8.5705 161.086
103.072 -8.5271 161.098
102.001  -8.483 161.108
 100.935 -8.43876  161.119
 99.8634 -8.39464  161.128
 98.7922 -8.35038  161.137
97.7236 -8.3084 161.151
 96.6506 -8.26628  161.167
  95.581 -8.22742  161.188
 94.5017 -8.19191  161.218
  93.424 -8.15396  161.254
 92.3416 -8.11396  161.294
 91.2557 -8.07143  161.339
 90.1691 -8.02876  161.386
 89.0784 -7.98384  161.433
 87.9894 -7.94013  161.485
 86.9041 -7.89861  161.539
 85.8153 -7.85763  161.596
 84.7226 -7.81854  161.655
 83.6259 -7.78094  161.717
82.5294  -7.744  161.78
 81.4294 -7.70544  161.842
 80.3298 -7.66608    161.9
 79.2237 -7.62438   161.96
  78.111 -7.58009  162.017
 76.9878 -7.53226  162.069
 75.8744 -7.48459  162.119
 74.7601 -7.43744  162.162
 73.6324 -7.39327  162.203
 72.4977 -7.35304  162.239
 71.3589 -7.31329  162.271
 70.2129 -7.26883  162.296
 69.0686 -7.22228  162.316
 67.9228 -7.17596  162.334
 66.7754 -7.12971  162.353
  65.621 -7.08218  162.371
 64.4621 -7.03431  162.387
63.2994 -6.9859   162.4
 62.1313 -6.93991  162.409
 60.9625 -6.89341  162.415
 59.7875 -6.84571  162.419
58.6112 -6.7985  162.42
57.4403 -6.7481 162.416
 56.2663 -6.69647   162.41
  55.093 -6.64763  162.401
 53.9245 -6.60001  162.391
 52.7558 -6.55265  162.378
 51.5888 -6.50479  162.364
 50.4185 -6.45751  162.349
 49.2524 -6.40915  162.335
 48.0963 -6.36217  162.315
 46.9396 -6.31614  162.296
 45.7921 -6.27324  162.274
 44.6463 -6.23276  162.255
43.5071 -6.1955  162.23
 42.3675 -6.15924  162.206
 41.2268 -6.12371  162.182
 40.0915 -6.08451  162.156
 38.9624 -6.04349  162.127
 37.8424 -6.00246  162.096
 36.7338 -5.95919  162.061
 35.6326 -5.91711  162.022
 34.5468 -5.87359  161.983
 33.4725 -5.82958  161.944
 32.4095 -5.78651  161.905
 31.3601 -5.74476  161.865
  30.326 -5.70417  161.826
 29.3057 -5.66218  161.783
 28.2964 -5.62151  161.739
27.3095 -5.5812 161.694
 26.3417 -5.54123  161.649
  25.387 -5.50291  161.604
 24.4517 -5.46502  161.556
 23.5304 -5.42877  161.509
 22.6234 -5.39193  161.459
  21.735 -5.35572   161.41
 20.8616 -5.32163  161.363
 20.0084 -5.28766   161.32
  19.169 -5.25399   161.28
   18.34 -5.22246  161.247
 17.5239 -5.19265  161.218
 16.7156 -5.16332    161.2
 15.9158 -5.13488  161.193
 15.1281 -5.10754  161.199
 14.3567 -5.08206  161.213
13.5927 -5.0552 161.237
 12.8424 -5.02914  161.271
 12.1028 -5.00496  161.312
 11.3753 -4.98045  161.361
 10.6591 -4.95409  161.418
  9.9535 -4.92825   161.48
 9.25585 -4.90218  161.545
 8.57148 -4.87701  161.612
 7.89686 -4.85088  161.681
 7.23332 -4.82514  161.746
6.58456 -4.8006 161.808
 5.95406 -4.77616  161.864
5.33859 -4.7504 161.913
 4.74111 -4.72554  161.958
 4.16218 -4.70148      162
 3.60173 -4.67915  162.037
 3.06276 -4.65745   162.07
 2.54707 -4.63591  162.098
 2.05281 -4.61451   162.12
 1.58459 -4.59508   162.14
 1.14103 -4.57729  162.157
 0.72422 -4.56095  162.168
0.333391 -4.54479  162.179
-0.0307204   -4.53035    162.189
-0.369448  -4.51642   162.195
-0.684464  -4.50473     162.2
-0.977093  -4.49531   162.202
-1.24813 -4.48738  162.202
-1.49947 -4.47994  162.204
-1.73563 -4.47346  162.206
-1.96166 -4.46745  162.208
-2.18017 -4.46157  162.208
-2.39211 -4.45571  162.209
-2.59856 -4.44889  162.211
 -2.8008 -4.44218  162.212
-3.00185 -4.43597   162.21
-3.20352 -4.42958  162.207
-3.40629 -4.42293  162.206
-3.60865 -4.41608  162.206
-3.81032 -4.40998  162.206
-4.01063 -4.40419  162.204
-4.21045 -4.39765  162.201
-4.40991 -4.39105  162.196
-4.60988 -4.38418  162.187
-4.81347 -4.37754  162.176
-5.02689 -4.37153  162.161
 -5.2578 -4.36526   162.15
 -5.5106 -4.35915   162.14
-5.78393 -4.35245  162.127
  -6.075 -4.34489  162.114
 -6.3816 -4.33599  162.102
-6.70627 -4.32583  162.086
 -7.0516 -4.31426  162.065
-7.41951 -4.30086   162.04
-7.81196 -4.28901  162.013
-8.23053 -4.27997  161.989
-8.67571 -4.26962  161.967
-9.14482 -4.25799  161.948
-9.63651 -4.24307  161.925
-10.1494 -4.22492  161.899
-10.6814 -4.20654  161.878
-11.2294 -4.18885  161.867
-11.7926  -4.1689   161.86
-12.3744 -4.14461  161.847
-12.9756 -4.11774  161.819
-13.5988 -4.08859  161.786
-14.2431 -4.05908  161.763
-14.9061 -4.02867  161.745
-15.5836  -3.9993  161.713
-16.2743 -3.97629  161.669
-16.9767 -3.95312  161.621
-17.6985 -3.92607  161.573
-18.4411 -3.89954  161.521
-19.2129 -3.87997  161.477
-20.0055 -3.86154   161.43
-20.8131 -3.84177  161.384
-21.6305 -3.81637  161.325
-22.4589 -3.79163  161.262
-23.3084  -3.7667  161.203
-24.1768 -3.74352  161.141
 -25.061 -3.72211  161.075
-25.9539  -3.6973  161.011
-26.8548  -3.6692  160.946
-27.7733 -3.64147  160.879
-28.6971 -3.61305  160.812
 -29.635 -3.58432  160.743
-30.5839 -3.55485  160.676
-31.5446 -3.52493  160.611
-32.5201  -3.4974  160.549
-33.5051 -3.46854  160.488
-34.4995 -3.43924   160.43
-35.5019 -3.40766  160.372
-36.5053 -3.37753  160.315
-37.5155 -3.34731  160.257
-38.5343 -3.31809  160.199
-39.5559 -3.28754  160.139
-40.5879 -3.25714  160.078
-41.6232 -3.22733   160.01
-42.6632 -3.19743  159.941
-43.7065  -3.1674  159.874
-44.7548 -3.13716  159.804
-45.8074 -3.10697  159.732
-46.8643 -3.07614  159.665
-47.9193 -3.04094  159.598
-48.9752 -3.00738   159.53
-50.0341 -2.97443  159.461
-51.0973 -2.93924  159.392
-52.1612 -2.90503  159.321
-53.2253 -2.87209  159.248
 -54.286 -2.84256  159.174
-55.3476 -2.81254  159.099
-56.4179 -2.78073  159.022
-57.4914 -2.74423  158.949
-58.5649  -2.7032  158.876
-59.6295 -2.65889  158.802
-60.6823  -2.6159  158.726
-61.7357  -2.5793  158.653
-62.7918 -2.54682  158.581
-63.8555 -2.51655  158.511
-64.9189 -2.48842  158.442
-65.9909  -2.4557  158.376
-67.0534 -2.42485  158.307
-68.1202 -2.39523  158.238
-69.1823 -2.36614  158.167
-70.2579 -2.33878  158.095
-71.3307 -2.31046  158.022
-72.4007 -2.27945  157.947
-73.4745  -2.2479  157.869
-74.5403 -2.21406  157.791
-75.6062 -2.18183  157.709
-76.6795 -2.15156  157.626
-77.7574 -2.12266  157.544
-78.8391  -2.0927  157.461
-79.9241  -2.0601   157.38
-81.0014 -2.02498  157.298
-82.0792 -1.99039  157.212
-83.1509 -1.95719  157.122
-84.2306  -1.9266  157.028
-85.3221 -1.89431  156.935
-86.4021 -1.86272  156.838
-87.4912 -1.83142  156.741
-88.5902 -1.80353  156.644
 -89.684 -1.77839   156.54
-90.7662 -1.75366  156.435
-91.8492 -1.73272  156.327
-92.9511 -1.71204  156.214
-94.0471 -1.68821    156.1
-95.1442 -1.65868  155.982
-96.2375 -1.63031  155.861
-97.3277 -1.59923  155.741
-98.4246  -1.5703  155.618
-99.5198 -1.54583  155.492
-100.613 -1.52318  155.362
-101.728 -1.49946  155.226
-102.834 -1.47587  155.086
-103.933 -1.45044  154.945
-105.034  -1.4219  154.804
-106.134 -1.39478  154.659
-107.228 -1.37004  154.512
-108.318  -1.3459  154.363
-109.415 -1.32327  154.209
 -110.51 -1.30095  154.054
-111.605 -1.27864  153.896
-112.699 -1.25647   153.74
-113.791 -1.23496  153.581
-114.887 -1.21194  153.416
-115.991 -1.18826  153.249
-117.097 -1.16078  153.078
-118.203 -1.13465  152.905
-119.317 -1.11137  152.732
-120.428 -1.08903  152.559
-121.533  -1.0668  152.386
-122.649 -1.04455  152.208
-123.768 -1.02145  152.029
 -124.888 -0.998409   151.857
 -126.004 -0.974058    151.68
-127.107 -0.94786    151.5
 -128.223 -0.926668   151.323
  -129.33 -0.906703   151.143
 -130.441 -0.888125    150.96
 -131.569 -0.866545    150.78
-132.694 -0.84249  150.601
 -133.822 -0.817179   150.416
 -134.946 -0.791249   150.233
 -136.068 -0.766077   150.048
 -137.191 -0.741926   149.861
 -138.323 -0.719018    149.67
 -139.452 -0.697721    149.48
 -140.578 -0.675351   149.293
 -141.707 -0.651904   149.105
 -142.85 -0.62873  148.918
 -143.979 -0.601957   148.734
 -145.123 -0.576119   148.545
 -146.255 -0.554493   148.361
 -147.387 -0.533731   148.174
 -148.519 -0.513572   147.984
 -149.652 -0.495496   147.793
 -150.782 -0.474322   147.602
 -151.914 -0.450764   147.419
 -153.051 -0.427072   147.235
 -154.188 -0.404526   147.051
 -155.316 -0.383662   146.862
 -156.444 -0.362855   146.671
 -157.571 -0.341295   146.481
 -158.699 -0.319216   146.289
 -159.836 -0.293965   146.099
 -160.972 -0.264103    145.91
 -162.081 -0.240279   145.724
 -163.183 -0.218569   145.532
 -164.287 -0.202001   145.342
 -165.391 -0.191589   145.156
 -166.509 -0.175471   144.971
 -167.627 -0.150941   144.793
 -168.729 -0.121423   144.608
  -169.815 -0.0959251    144.423
    -170.9 -0.0757317    144.246
   -171.98 -0.0625318    144.068
   -173.05 -0.0491282    143.892
  -174.131 -0.0302257    143.714
   -175.213 -0.00190795     143.539
 -176.278 0.0358548   143.353
 -177.314 0.0711885   143.168
 -178.342 0.0933889   142.982
-179.37 0.10951 142.801
-180.393 0.121999   142.62
-181.418 0.136354  142.441
-182.439 0.157886   142.26
-183.452 0.184835  142.078
-184.453 0.214817    141.9
-185.454   0.2459  141.722
-186.436 0.272697  141.547
-187.418 0.294174  141.373
-188.385 0.317994  141.201
-189.352 0.343737   141.03
-190.319 0.362807  140.862
-191.272 0.379706  140.693
-192.217 0.401498  140.527
 -193.16 0.418156  140.362
-194.102 0.431649  140.197
-195.037 0.446228  140.034
-195.965 0.461204  139.873
-196.882 0.474697   139.71
-197.787 0.489904  139.543
 -198.69 0.506669  139.374
-199.595 0.522361  139.206
-200.495 0.537319  139.028
-201.398 0.558494  138.857
  -202.3 0.579582  138.688
-203.179 0.594556  138.505
-204.059 0.613172  138.323
-204.924  0.62895  138.135
-205.802 0.643508  137.944
-206.673 0.659006  137.741
-207.538 0.675917  137.533
-208.391 0.694412  137.325
-209.234 0.712353  137.111
-210.073 0.728656  136.891
-210.908 0.743699  136.667
-211.745 0.759418  136.439
-212.577 0.774063  136.215
-213.399 0.790774  135.994
 -214.22 0.812507  135.778
-215.035 0.832582  135.567
-215.839 0.850564  135.354
-216.634 0.870751  135.148
-217.412 0.892062  134.948
-218.184 0.911224  134.758
-218.944 0.927151   134.58
-219.702 0.942165  134.416
-220.451 0.959777   134.27
-221.194  0.97772  134.141
-221.924 0.994291  134.019
-222.644   1.0121  133.905
-223.35 1.02939 133.802
-224.049  1.04658  133.711
-224.742  1.06389  133.635
-225.425  1.08194  133.568
-226.097  1.09982  133.514
-226.762  1.11675  133.473
-227.416  1.13243  133.443
-228.057  1.14558  133.426
-228.679  1.15898  133.417
-229.288  1.16995  133.418
-229.885  1.18104  133.424
-230.474  1.19304  133.443
-231.051  1.20355  133.467
-231.618  1.21133    133.5
-232.173  1.21925  133.536
-232.714  1.23049  133.573
-233.243  1.24271  133.619
-233.761  1.25275  133.667
-234.266  1.26237  133.712
-234.764   1.2726  133.754
-235.249  1.28309  133.791
-235.724  1.29453  133.823
-236.186  1.30371   133.85
-236.636  1.31334  133.872
-237.073  1.32292  133.886
-237.495  1.33266  133.892
-237.902  1.34375  133.887
-238.299  1.35424  133.871
-238.684  1.36339  133.847
-239.056   1.3722  133.813
-239.415  1.38146  133.769
-239.763  1.39087  133.709
-240.096  1.39979  133.632
-240.42 1.40798 133.538
-240.731  1.41523  133.433
-241.032  1.42149  133.319
-241.326  1.42817  133.199
-241.613  1.43653  133.066
-241.893  1.44532  132.924
-242.163  1.45336   132.77
-242.422  1.46169  132.604
-242.67 1.46912 132.432
-242.909   1.4724  132.253
-243.145  1.47842  132.068
-243.377  1.48635  131.878
-243.605  1.49189  131.691
-243.824  1.49636  131.497
-244.029  1.50469  131.297
-244.233  1.51664   131.09
-244.438  1.52863  130.874
-244.64 1.53921 130.653
-244.838  1.54672  130.431
-245.036  1.55029  130.211
-245.239  1.54997  129.993
-245.438   1.5517  129.767
-245.628  1.55677  129.537
-245.817   1.5654  129.302
-246.006   1.5771  129.065
-246.191  1.58743  128.815
-246.377  1.59689  128.553
-246.558  1.60285  128.281
-246.735  1.60621  128.001
-246.909  1.61148  127.709
-247.074  1.61705  127.413
-247.229  1.62214  127.105
-247.379  1.62571   126.78
-247.523  1.63079  126.447
-247.662  1.63914  126.102
-247.796  1.64999  125.743
-247.918  1.66101  125.369
-248.026  1.67266  124.975
-248.119  1.68459  124.557
-248.216  1.68947  124.122
-248.312  1.69041  123.671
-248.394  1.69531  123.199
-248.463  1.70117  122.705
-248.526  1.70816  122.187
-248.593  1.71645  121.648
-248.665  1.72697  121.087
-248.74 1.73545 120.502
-248.809  1.74275  119.896
-248.863  1.74987  119.266
-248.908  1.76145  118.603
-248.941   1.7742  117.917
-248.969  1.78691  117.203
-248.991  1.79344  116.464
-248.996  1.80404  115.698
-248.992  1.81726  114.908
-248.981  1.82833  114.094
-248.964  1.84006  113.251
-248.939  1.85207   112.39
-248.911  1.86019  111.498
-248.88 1.86863  110.59
-248.847  1.88168  109.655
-248.81 1.89157   108.7
-248.773   1.9018  107.723
-248.735  1.91376  106.725
 -248.7 1.92582 105.703
-248.658  1.93966  104.655
-248.609  1.95343  103.585
-248.558   1.9667  102.489
 -248.5 1.97971 101.374
-248.436  1.98981  100.239
-248.372  1.99839  99.0727
-248.31 2.01025 97.8764
-248.245  2.02518  96.6884
-248.18 2.04009 95.4893
-248.116  2.05592  94.2981
-248.046   2.0695  93.1155
-247.97 2.07853 91.9395
-247.891   2.0885  90.7523
-247.807  2.09821  89.5709
-247.719  2.11242  88.3963
-247.633  2.12627  87.2343
-247.543   2.1371  86.0611
-247.453  2.14978  84.8719
-247.361    2.161  83.6838
-247.264  2.17313  82.4984
-247.163  2.18504  81.3175
-247.058  2.19682  80.1376
-246.953  2.20907   78.967
-246.846  2.22215  77.7969
-246.74 2.23292 76.6311
-246.634  2.24443  75.4651
-246.528  2.25569  74.2999
-246.423  2.26612  73.1316
-246.318  2.27797   71.969
-246.207  2.28921  70.8115
-246.096   2.3013  69.6611
-245.982  2.31407  68.5131
-245.867  2.32528  67.3648
-245.748  2.33701  66.2146
-245.628  2.34854  65.0744
-245.506  2.35846   63.935
-245.382  2.36769  62.7963
-245.259  2.37587  61.6673
-245.131  2.38311  60.5316
-245.005  2.39401   59.401
-244.88 2.40527 58.2763
-244.758  2.41448  57.1515
-244.633  2.42342   56.029
-244.511  2.42941  54.9124
-244.392  2.43527  53.7901
-244.282  2.44122  52.6699
-244.177  2.44731  51.5535
-244.081  2.45529  50.4355
-243.987  2.46258   49.317
-243.893  2.47407  48.2024
-243.797  2.48779  47.0954
-243.696  2.50831  45.9914
-243.606  2.52904  44.8817
-243.511  2.55124  43.7871
-243.42  2.5699 42.6892
-243.34 2.58372  41.602
-243.257  2.59476  40.5091
-243.172  2.60686  39.4102
-243.085  2.62079  38.3112
-242.994  2.63825  37.2077
-242.904  2.65502  36.1144
-242.815  2.67382  35.0229
-242.728  2.69389  33.9201
-242.644  2.71131  32.8347
-242.556  2.72832  31.7532
-242.467  2.74401  30.6698
-242.376  2.76025  29.5958
-242.283  2.77584   28.521
-242.186  2.79138  27.4487
-242.09 2.80789 26.3783
-241.992  2.82425   25.308
-241.89 2.84049 24.2393
-241.787  2.85557  23.1773
-241.682  2.86993  22.1171
-241.577  2.88478  21.0605
-241.469  2.89984  20.0068
-241.36 2.91485  18.953
-241.252   2.9293  17.8934
-241.142  2.94458  16.8395
-241.034  2.95916  15.7946
-240.929   2.9732  14.7565
-240.823  2.98727  13.7199
-240.718  2.99968  12.6863
-240.62 3.01286 11.6537
-240.52 3.02583 10.6205
-240.426  3.03908  9.58533
-240.334  3.05344  8.55624
-240.247  3.06748  7.53285
-240.164  3.08234   6.5135
-240.081   3.0955  5.49567
-239.998  3.11008  4.47699
-239.918  3.12394   3.4558
-239.841  3.13789  2.44295
-239.768  3.15135  1.43197
-239.693  3.16481 0.424248
  -239.62   3.17787 -0.583494
-239.549  3.19132 -1.58618
-239.477  3.20565 -2.58645
-239.407  3.21813 -3.58586
-239.333  3.23129 -4.57644
-239.253  3.24473 -5.56702
-239.167  3.25766 -6.54956
-239.074    3.271 -7.52831
 -238.97  3.28377 -8.49965
-238.855  3.29653 -9.46971
-238.729   3.3095 -10.4363
-238.595  3.32336 -11.4022
-238.451  3.33617 -12.3612
-238.299  3.34779 -13.3191
-238.136  3.35828 -14.2643
-237.96 3.36994 -15.209
 -237.77   3.3799 -16.1528
-237.564  3.38921 -17.0918
-237.342  3.39919 -18.0259
-237.106  3.40915 -18.9521
-236.843  3.41751 -19.8786
-236.557  3.42442 -20.7992
-236.251  3.43123 -21.7126
-235.927  3.43862 -22.6224
-235.583  3.44582 -23.5243
-235.216  3.45145 -24.4207
-234.827  3.45483 -25.3124
-234.415  3.45821 -26.1961
-233.984  3.45859  -27.078
-233.524  3.45781 -27.9558
-233.044   3.4576 -28.8233
 -232.54  3.45794 -29.6848
-232.015   3.4576 -30.5428
 -231.47  3.45587 -31.3805
-230.901  3.45639 -32.2102
-230.306  3.45633 -33.0336
-229.69 3.45402 -33.845
-229.056   3.4536  -34.645
-228.403  3.45257 -35.4329
-227.718   3.4448 -36.2296
-227.018  3.43652  -37.014
-226.303  3.42606 -37.7932
-225.568  3.41781 -38.5684
-224.818  3.40822  -39.345
-224.062  3.40049  -40.118
-223.296  3.39097 -40.8933
-222.526  3.37993  -41.672
 -221.75  3.36688 -42.4507
-220.968   3.3533 -43.2328
-220.178   3.3371 -44.0209
-219.382  3.32111 -44.8084
-218.581  3.30487 -45.6009
-217.782  3.28844 -46.3928
-216.979   3.2712 -47.1879
-216.182  3.25478 -47.9838
-215.385  3.23657 -48.7845
-214.589  3.21886 -49.5918
-213.805  3.20158    -50.4
-213.027  3.18487 -51.2111
-212.258  3.16815 -52.0236
-211.496  3.15196 -52.8432
-210.743  3.13509 -53.6722
-210.002  3.11879 -54.5014
 -209.27  3.10298 -55.3368
-208.547   3.0878 -56.1775
-207.835  3.07329 -57.0208
-207.131  3.05847  -57.863
-206.426  3.04374 -58.7035
-205.724  3.02886 -59.5407
-205.026  3.01413 -60.3746
-204.332  2.99949  -61.208
-203.646   2.9863   -62.04
-202.962  2.97268 -62.8703
-202.283   2.9583 -63.6948
-201.609  2.94461 -64.5137
-200.937   2.9317 -65.3305
-200.266  2.91769 -66.1451
-199.602  2.90395 -66.9534
-198.938  2.89157 -67.7626
 -198.28  2.87951 -68.5676
-197.628  2.86843 -69.3699
-196.981  2.85758 -70.1554
-196.347  2.84633 -70.9241
-195.725  2.83588 -71.6778
-195.112  2.82495 -72.4116
-194.515  2.81391 -73.1198
-193.93 2.80156 -73.803
-193.361  2.79107 -74.4578
-192.804  2.78208 -75.0885
-192.255  2.77221 -75.6958
-191.718  2.75958 -76.2807
-191.199  2.74951 -76.8405
-190.692  2.73904 -77.3768
-190.207   2.7289 -77.8907
-189.731  2.72031 -78.3817
-189.269  2.71152 -78.8538
-188.821  2.70149 -79.3044
-188.383  2.69217 -79.7404
-187.957  2.68326 -80.1572
-187.54 2.67492 -80.554
-187.127  2.66606 -80.9348
-186.717  2.65711 -81.3022
 -186.31  2.64676 -81.6531
-185.907  2.63644 -81.9898
 -185.51  2.62773 -82.3143
-185.118  2.61812 -82.6218
-184.167  2.65102 -82.8344
-183.792  2.63863 -83.1074
 -183.42   2.6275 -83.3655
-183.058  2.61599 -83.6003
-182.702  2.60558 -83.8146
 -182.36  2.59278 -83.9999
-182.032   2.5811 -84.1631
-181.725  2.56994 -84.3049
-181.434  2.56052 -84.4283
-181.156  2.55145 -84.5429
-180.879  2.54025 -84.6485
-180.602  2.52953 -84.7489
 -180.32  2.52083 -84.8417
-180.042  2.51143 -84.9222
-179.761  2.50137 -84.9878
-179.484  2.49096  -85.043
-179.208  2.48204  -85.092
-178.933  2.47216 -85.1343
-178.655  2.46162 -85.1669
 -178.37  2.45118 -85.1914
-178.076  2.44294  -85.212
 -177.77  2.43566 -85.2268
-177.455  2.42496  -85.235
-177.131  2.41261 -85.2341
-176.795  2.40199  -85.225
 -176.45  2.39148 -85.2045
-176.092  2.37941 -85.1714
-175.721  2.36502 -85.1277
-175.336  2.35138 -85.0733
-174.938  2.33697 -85.0002
-174.525  2.32309 -84.9085
-174.093  2.30807 -84.8033
-173.642  2.29142 -84.6845
-173.173  2.27506 -84.5517
-172.686  2.25742 -84.4028
-172.176  2.23862 -84.2376
-171.651  2.22117 -84.0523
-171.108  2.20459 -83.8456
-170.547  2.19022 -83.6183
-169.968  2.17817  -83.369
-169.369  2.16338 -83.1016
-168.757   2.1466 -82.8083
-168.133  2.13226  -82.489
-167.502  2.11946 -82.1406
-166.873  2.10477 -81.7686
-166.241  2.08924 -81.3724
-165.604  2.07717 -80.9502
-164.966  2.05864 -80.4953
-164.317   2.0368 -80.0011
-163.658  2.01421 -79.4765
-162.997  1.99191 -78.9301
-162.331  1.97066 -78.3617
-161.659  1.95026 -77.7717
-160.975  1.93131 -77.1575
-160.277  1.91079 -76.5238
-159.569  1.88913 -75.8756
-158.849  1.86616 -75.2193
 -158.12  1.84087 -74.5594
-157.383  1.81636 -73.8952
-156.634  1.79184 -73.2224
 -155.87  1.76484 -72.5382
-155.095  1.73646 -71.8424
-154.304  1.71077 -71.1359
  -153.5  1.68685 -70.4209
-152.682  1.66309 -69.6951
-151.853   1.6395 -68.9625
-151.016  1.61318 -68.2242
-150.162  1.58471 -67.4787
-149.294  1.55559 -66.7244
-148.416  1.52645 -65.9661
-147.527  1.49963 -65.2038
-146.621  1.47824  -64.441
-145.705  1.45495 -63.6804
-144.775  1.43162 -62.9231
-143.823  1.40739 -62.1615
-142.858  1.38238 -61.3974
-141.899  1.35694 -60.6435
-140.935  1.33078 -59.8905
-139.969  1.30287  -59.146
-138.993  1.27273 -58.4084
-138.009  1.24155 -57.6771
-137.015  1.21061 -56.9534
-136.021    1.182 -56.2419
-135.022  1.15596 -55.5325
-134.017  1.12902 -54.8291
-133.011  1.10515 -54.1299
-131.999  1.08188 -53.4314
-131.003  1.05607 -52.7606
-130.003   1.0301  -52.084
-129.005 0.996165 -51.4067
-127.999 0.960618 -50.7218
    -127 0.931689 -50.0367
-126.004 0.904524  -49.351
-125.002  0.87625 -48.6665
-124.004 0.842704 -47.9907
-123.001 0.809005  -47.315
-121.998 0.771325  -46.638
-120.996 0.730467 -45.9571
-119.986 0.689065 -45.2682
-118.981 0.648495 -44.5841
-117.973 0.610408 -43.8991
-116.967 0.571284 -43.2167
 -115.97 0.530432  -42.537
-114.968 0.488172 -41.8571
-113.968 0.445716 -41.1748
-112.969 0.403957 -40.4942
-111.972  0.36541 -39.8175
-110.975 0.328888 -39.1447
-109.985 0.291973 -38.4741
-108.999  0.25346 -37.8051
 -108.02 0.214609 -37.1368
-107.044 0.174432 -36.4694
-106.073 0.135117 -35.8019
 -105.104 0.0967846  -35.1335
 -104.146 0.0570751  -34.4687
  -103.19 0.0192647  -33.8046
  -102.231 -0.0168209   -33.1412
  -101.264 -0.0502543   -32.4792
  -100.307 -0.0777941   -31.8359
 -99.3521 -0.106908  -31.2088
 -98.3908 -0.141436  -30.5894
 -97.4161 -0.179136  -29.9778
 -96.4315 -0.215553  -29.3755
 -95.4396 -0.247456   -28.787
 -94.4447 -0.278709  -28.2146
-93.4453 -0.31156 -27.6522
 -92.4506 -0.347016  -27.0981
  -91.445 -0.382095  -26.5502
 -90.4359 -0.416394  -25.9918
 -89.4426 -0.448429  -25.4439
 -88.4485 -0.480541  -24.9079
 -87.4361 -0.519625   -24.361
-86.4499 -0.56003  -23.834
-85.4465 -0.59899 -23.3055
 -84.4439 -0.636587  -22.7788
 -83.4438 -0.668824  -22.2504
 -82.4393 -0.700339  -21.7125
 -81.4318 -0.729669  -21.1703
-80.4196 -0.76146 -20.6409
 -79.4189 -0.796185  -20.1286
 -78.4079 -0.836844   -19.624
 -77.3832 -0.883709  -19.1266
 -76.3465 -0.931405   -18.633
 -75.3086 -0.974598  -18.1469
-74.2814 -1.01647 -17.6742
-73.2456 -1.05903 -17.2085
-72.2062  -1.1018 -16.7536
 -71.167 -1.14418 -16.3085
-70.1231 -1.18567 -15.8719
-69.0737 -1.22798 -15.4427
-68.0211 -1.26958 -15.0208
-66.9649 -1.30879 -14.6045
-65.8997 -1.34682 -14.1916
-64.8336 -1.38612  -13.784
 -63.767 -1.42711 -13.3825
 -62.703  -1.4688 -12.9856
-61.6406 -1.51152 -12.5897
-60.5769 -1.55474 -12.1936
-59.5121 -1.59346 -11.7976
-58.4532 -1.62975 -11.4107
-57.3937 -1.66539 -11.0281
-56.3382 -1.70077 -10.6514
-55.2852 -1.73675 -10.2824
 -54.234 -1.77264 -9.91488
 -53.188 -1.80708 -9.55109
-52.1405 -1.84158 -9.18624
-51.0979 -1.87686 -8.82384
-50.0566 -1.91234 -8.46541
-49.0154 -1.94819 -8.11089
-47.9743 -1.98269 -7.75976
-46.9352 -2.01659 -7.41083
-45.8991 -2.05052 -7.06643
-44.8621 -2.08464 -6.72706
-43.8264 -2.11911 -6.38993
-42.7935 -2.15447 -6.05291
-41.7584 -2.18941 -5.71677
-40.7285 -2.22126 -5.37924
-39.6979  -2.2543 -5.04849
-38.6747 -2.28613 -4.72042
-37.6515 -2.31877 -4.39613
-36.6209 -2.35545 -4.07539
-35.6041 -2.39511 -3.75921
-34.5852  -2.4337 -3.44446
 -33.571 -2.47273 -3.13046
-32.5531 -2.51179 -2.82123
-31.5379 -2.54989 -2.51556
-30.5284 -2.58805 -2.21501
-29.5267 -2.62584 -1.92259
-28.5277  -2.6651 -1.63323
-27.5335 -2.70698 -1.34608
-26.5415 -2.75011 -1.06101
 -25.551 -2.79179 -0.77996
 -24.5648    -2.832 -0.502389
-23.5786 -2.87156 -0.22598
 -22.5985  -2.90941 0.0468901
-21.6228 -2.94698 0.313465
-20.6577 -2.98461 0.576055
-19.7024 -3.02389  0.83635
-18.7559 -3.06248    1.092
-17.8149  -3.1017  1.34803
-16.8902 -3.14215  1.59807
-15.9711 -3.18134   1.8433
-15.0658 -3.21933  2.08485
-14.1709 -3.25521  2.32039
-13.2864 -3.28994  2.55303
-12.4125 -3.32269  2.77974
-11.5525 -3.35177  3.00337
-10.7066 -3.37754  3.22248
 -9.8806 -3.40105  3.43597
-9.07416 -3.42312  3.64301
-8.28622 -3.44708   3.8462
-7.52015  -3.4718  4.04201
-6.76083 -3.49633  4.23052
-6.02201 -3.52052  4.41195
-5.30494 -3.54459  4.59065
-4.60574 -3.56965  4.76738
-3.91935 -3.59377    4.942
-3.25183 -3.61523  5.11106
-2.60164 -3.63543  5.27568
-1.96968 -3.65741  5.43795
-1.35301 -3.67803  5.59415
-0.750278  -3.69729   5.74492
-0.163277  -3.71603   5.88793
0.405068 -3.73721  6.02564
0.958338 -3.75854  6.15793
1.49412 -3.7778 6.28462
 2.00594 -3.79694  6.40625
 2.49679 -3.81504  6.52618
 2.96392 -3.83421  6.64088
 3.40911 -3.85371  6.74615
 3.82628 -3.87308  6.84466
 4.21913 -3.89241  6.93896
 4.59203 -3.90993  7.03164
 4.94505 -3.92519  7.11481
 5.27622 -3.93988   7.1931
 5.58695 -3.95591  7.27002
 5.88157 -3.97149  7.34699
 6.16417 -3.98843  7.42327
6.43638 -4.0053 7.50369
 6.69854 -4.01974  7.58402
 6.95195 -4.03194  7.66314
 7.19787 -4.04418  7.74482
 7.43867 -4.05527  7.83177
 7.6727 -4.0675 7.92761
 7.90138 -4.08069  8.03044
 8.12627 -4.09187  8.13453
 8.33793 -4.10097  8.23183
 8.52008 -4.10888  8.31431
 8.66435 -4.11518  8.37601
 8.76599 -4.12032  8.42153
 8.83047 -4.12276  8.45433
 8.86608 -4.12391  8.47358
 8.87327 -4.12423  8.47589
 8.85872 -4.12528  8.46767
 8.84799 -4.12993  8.46019
 8.84662 -4.13344  8.45997
 8.84908 -4.13203  8.46098
 8.84783 -4.12933  8.46104
 8.84944 -4.13064  8.46197
 8.85101 -4.13068  8.46305
 8.84976 -4.12969  8.46219
 8.84929 -4.13038   8.4616
 8.85019 -4.12988  8.46215
 8.85087 -4.12957  8.46314
 8.84999 -4.12956   8.4623
8.84998 -4.1295 8.46223
 8.85108 -4.12951  8.46281
 8.85058 -4.12945  8.46245
 8.84991 -4.12945  8.46234
 8.85062 -4.12944  8.46248
 8.85058 -4.12941  8.46305
 8.85016 -4.12942  8.46251
 8.85025 -4.12952  8.46242
 8.85063 -4.12957  8.46314
 8.85026 -4.12965  8.46268
 8.85023 -4.12953  8.46253
 8.85042 -4.12941  8.46287
 8.85056 -4.12929  8.46252
  8.8506 -4.12914   8.4625
 8.85075 -4.12924  8.46259
 8.85077 -4.12914  8.46262
8.85062 -4.1291 8.46243
8.85054 -4.1291 8.46229
 8.85067 -4.12906  8.46245
 8.85055 -4.12903  8.46243
 8.85087 -4.12922  8.46256
 8.85159 -4.12895  8.46276
 8.85144 -4.12919  8.46287
 8.85101 -4.12938  8.46313
 8.85095 -4.12925  8.46326
 8.85102 -4.12944  8.46299
 8.85095 -4.12937  8.46328
 8.85068 -4.12937  8.46307
 8.85065 -4.12937  8.46299
 8.85072 -4.12937  8.46284
 8.85088 -4.12939  8.46283
 8.85088 -4.12931  8.46318
8.85087 -4.1294 8.46318
 8.85088 -4.12939  8.46288
 8.85066 -4.12936  8.46308
 8.85065 -4.12935  8.46291
 8.85064 -4.12941  8.46305
 8.85045 -4.12958  8.46289
 8.85075 -4.12938  8.46292
 8.85049 -4.12942   8.4628
 8.85044 -4.12941  8.46283
 8.85062 -4.12926  8.46307
 8.85057 -4.12933  8.46283
 8.85063 -4.12939  8.46295
 8.85069 -4.12925  8.46294
 8.85053 -4.12942  8.46268
 8.85021 -4.12939  8.46291
 8.85009 -4.12939  8.46269
 8.85022 -4.12948  8.46248
  8.8509 -4.12953  8.46253
 8.85461 -4.12906  8.46354
 8.86133 -4.12799  8.46615
 8.87104 -4.12758   8.4713
 8.88363 -4.12844  8.47547
 8.89842 -4.12935  8.48186
8.91649 -4.1298 8.49026
 8.93612 -4.13015  8.49871
 8.95853 -4.13207  8.50824
 8.98925 -4.13383  8.52477
 9.03426 -4.13585  8.54994
 9.09858 -4.13926  8.58605
 9.18371 -4.14437  8.63485
 9.29101 -4.15065  8.69751
9.41872 -4.1579 8.77667
 9.56566 -4.16536  8.86818
 9.73197 -4.17254  8.97647
 9.91995 -4.17981   9.1025
 10.122 -4.1888 9.24821
 10.3409 -4.19689  9.41267
 10.5709 -4.20467  9.59705
  10.803 -4.21634  9.80811
11.0408 -4.2294 10.0424
  11.284 -4.24439  10.2979
11.5301  -4.261 10.5804
 11.7782 -4.26959  10.8892
 12.0281 -4.27404  11.2234
   12.27 -4.27991  11.5827
 12.5002 -4.28729  11.9678
 12.7216 -4.29568  12.3831
  12.934 -4.30469  12.8269
 13.1359 -4.30924   13.307
  13.321 -4.31417  13.8108
 13.4861 -4.31074  14.3477
 13.6345 -4.31164  14.9192
13.7775 -4.3138 15.5234
 13.8986 -4.31311   16.152
13.9987   -4.31 16.8063
 14.0809 -4.31214  17.4835
 14.1512 -4.31523  18.1874
 14.1968 -4.31551   18.913
 14.2095 -4.31577  19.6589
 14.1953 -4.31948  20.4317
 14.1598 -4.32242  21.2241
 14.0988 -4.32639  22.0353
14.0123 -4.3305 22.8673
 13.9027 -4.33582  23.7194
 13.7732 -4.34393  24.5965
 13.6261 -4.35513  25.4919
 13.4653 -4.36476  26.4103
 13.2943 -4.37364  27.3536
 13.1139 -4.38327  28.3202
 12.9269 -4.39163  29.3088
 12.7331 -4.40087  30.3241
 12.5373 -4.40912  31.3625
 12.3378 -4.41597  32.4181
 12.1374 -4.42188  33.4942
 11.9317 -4.42804  34.5901
 11.7198 -4.43266  35.7068
 11.5043 -4.43453  36.8376
11.2861 -4.4338 37.9775
11.0634 -4.4338 39.1232
 10.8391 -4.43437  40.2662
 10.6116 -4.43505  41.4158
 10.3838 -4.43518  42.5537
 10.1528 -4.43533   43.691
 9.91941 -4.43745  44.8226
9.68377 -4.4391 45.9533
   9.449 -4.44364  47.0867
  9.2105 -4.44797  48.2146
 8.97475 -4.44992  49.3459
 8.73785 -4.44861  50.4746
 8.50034 -4.45011  51.5992
 8.26685 -4.45249  52.7102
 8.03155 -4.45768   53.823
 7.79818 -4.46525  54.9396
 7.56662 -4.47446  56.0538
 7.33582 -4.48465   57.163
 7.10307 -4.49396  58.2809
  6.8699 -4.49784  59.3989
 6.63884 -4.49706  60.5116
 6.41276 -4.49571   61.608
 6.18961 -4.49366  62.7024
5.95887  -4.499  63.802
 5.72882 -4.50698  64.8866
 5.49841 -4.51482  65.9736
 5.26125 -4.52719  67.0776
 5.02698 -4.53588  68.1711
 4.7996 -4.5419 69.2547
 4.57483 -4.54841  70.3365
 4.35108 -4.55401  71.4172
 4.12694 -4.55784  72.4915
 3.90341 -4.56123  73.5623
 3.67926 -4.56474  74.6287
 3.45445 -4.56917  75.6904
 3.22918 -4.57349  76.7483
 3.00289 -4.58048  77.8037
 2.77518 -4.58582    78.86
 2.54549 -4.58867  79.9179
2.31572 -4.5899 80.9723
 2.08743 -4.58807  82.0175
  1.8612 -4.58616  83.0625
 1.63345 -4.58757   84.106
 1.40673 -4.59059  85.1489
1.18047 -4.5914 86.1871
0.953755 -4.59399  87.2227
0.725703 -4.59516  88.2577
0.498578 -4.59564  89.2905
0.272572 -4.59646  90.3198
0.0516061  -4.59753   91.3423
-0.168655  -4.59856   92.3675
-0.388031  -4.60072   93.3879
-0.605368  -4.60164   94.4019
-0.82209 -4.59978  95.4124
-1.03831 -4.59904  96.4269
-1.25158 -4.60044  97.4365
-1.46086 -4.60408  98.4384
-1.66747 -4.61027   99.438
-1.87522 -4.61969  100.448
-2.08212 -4.62962  101.461
-2.28517 -4.63547  102.476
-2.48148 -4.63822  103.484
-2.67147 -4.64063   104.49
-2.85489 -4.64493  105.482
-3.03518 -4.65374  106.463
  -3.216 -4.66758  107.441
-3.40108 -4.68731  108.428
-3.58942 -4.70803  109.419
-3.77728 -4.72503  110.421
-3.96937  -4.7355  111.428
-4.16245 -4.74386  112.443
-4.35156 -4.74717  113.467
-4.54847 -4.74081  114.499
 -4.7479 -4.73476  115.547
-4.95039 -4.72308   116.61
-5.15411 -4.70916  117.672
-5.35655  -4.6974  118.739
-5.56399 -4.69379  119.806
-5.77191 -4.69743  120.883
-5.98311 -4.70674  121.967
-6.20452 -4.72378  123.085
-6.42926 -4.73711  124.213
-6.65168 -4.74456  125.339
-6.87768  -4.7516  126.463
-7.10829 -4.76012  127.592
-7.34121 -4.76731  128.738
-7.57691  -4.7762  129.887
-7.81423 -4.78286  131.036
-8.05159 -4.78535  132.174
-8.29047 -4.78864  133.309
-8.53134 -4.79469  134.439
-8.77277 -4.79997  135.566
 -9.0159 -4.80489  136.688
-9.26239 -4.80946  137.814
 -9.5074 -4.81373  138.933
-9.75414 -4.81788  140.062
-9.99926 -4.82363   141.18
-10.2433 -4.82884  142.299
-10.4874 -4.83326   143.42
-10.7329 -4.83509  144.537
-10.9809 -4.83368  145.643
-11.2303 -4.83266  146.744
-11.4785 -4.83489  147.833
 -11.724 -4.83799  148.915
-11.9661 -4.84319  149.982
-12.204 -4.8495  151.05
-12.4369 -4.85554  152.105
-12.6678 -4.86056  153.152
-12.8966 -4.86523  154.195
-13.1236 -4.86899  155.235
-13.3486 -4.87258  156.274
-13.5708 -4.87614  157.303
-13.7922 -4.87978  158.329
-14.009 -4.8848 159.351
-14.2242 -4.89153  160.367
-14.4423 -4.90016  161.381
-14.6494 -4.90646  162.398
 -14.853 -4.91566  163.405
-15.0577 -4.92274   164.42
-15.2617 -4.93208  165.423
-15.4675 -4.94255  166.418
-15.6781 -4.95304  167.413
-15.8903 -4.96548  168.414
-16.0999 -4.98212  169.421
-16.3097 -4.99767  170.427
-16.5173 -5.00881  171.437
-16.7184 -5.02095  172.448
-16.9259 -5.02912  173.477
-17.1436 -5.03372  174.512
-17.3599 -5.03205  175.554
-17.5766 -5.02414  176.596
-17.7987 -5.01439  177.639
-18.0277 -5.00501  178.679
-18.2567 -5.00055  179.728
 -18.492 -5.00242  180.788
-18.7285 -5.00646  181.858
-18.9667 -5.01427  182.926
-19.1989 -5.02325  184.022
-19.4332 -5.03218  185.114
-19.6723 -5.04311  186.212
-19.9111 -5.05264  187.316
-20.1566 -5.06497  188.422
-20.4012 -5.07333  189.543
-20.6443 -5.08211  190.675
  -20.88 -5.09354  191.784
-21.1117 -5.10462  192.887
-21.3454  -5.1187  193.983
-21.5813 -5.13397  195.093
-21.8209 -5.14925  196.189
-22.0602 -5.15975  197.282
 -22.296 -5.16893  198.385
-22.5326 -5.17939   199.48
-22.7646 -5.19057  200.579
-22.9949 -5.19975  201.668
-23.2279  -5.2087  202.746
-23.4592  -5.2168  203.828
-23.6938 -5.22569  204.907
 -23.919 -5.23145  205.964
-24.1401 -5.23511  207.008
-24.3545 -5.23952  208.038
-24.5649 -5.24523  209.037
-24.7656 -5.25182  210.019
-24.9665 -5.25749  210.973
-25.1681 -5.26868  211.937
-25.3652 -5.27902  212.891
-25.5555 -5.28737  213.829
-25.7416 -5.29437  214.757
-25.9314 -5.30349   215.68
-26.1227 -5.31192  216.607
-26.3079  -5.3192  217.532
-26.4943 -5.32678  218.457
-26.6768 -5.33323  219.381
-26.8589 -5.33955  220.309
-27.0379 -5.34756  221.236
-27.2157 -5.35224   222.17
-27.3906 -5.35676  223.104
-27.5638 -5.35668  224.041
-27.7289 -5.36396  224.976
-27.9009 -5.37658  225.897
 -28.078 -5.39415  226.809
-28.2481 -5.41032  227.725
-28.4258 -5.43632  228.646
-28.6191  -5.4641  229.578
-28.8185 -5.48525  230.512
-29.0274 -5.50121  231.447
-29.2518  -5.5121   232.39
-29.4847 -5.51558  233.344
 -29.718 -5.51191  234.303
 -29.959 -5.50804  235.266
 -30.215 -5.50296  236.235
-30.4631 -5.49995  237.209
-30.7059 -5.49838  238.214
-30.9447 -5.49928  239.211
-31.1846 -5.50282  240.223
-31.4228 -5.50764  241.254
-31.6682 -5.51691  242.295
-31.9194 -5.52909  243.349
-32.1711 -5.54235   244.41
-32.4286 -5.55579  245.489
-32.6876 -5.56429  246.584
-32.9442 -5.56959  247.696
-33.2024 -5.57579  248.817
-33.4604 -5.58396  249.943
-33.7236 -5.59434  251.086
-33.9844 -5.60986   252.22
 -34.255 -5.62708  253.369
-34.5283 -5.64301  254.532
-34.7981 -5.65523    255.7
-35.0689 -5.66432  256.864
 -35.337 -5.67375  258.016
-35.6024 -5.68253  259.168
-35.8709 -5.69627  260.311
-36.1309 -5.70604  261.451
-36.3919 -5.72131  262.585
-36.652 -5.7392 263.711
-36.9053 -5.75524  264.844
-37.1624 -5.77066  265.978
-37.4231 -5.78313  267.099
-37.6834 -5.79203  268.219
-37.9466 -5.80221   269.34
-38.2081 -5.81506   270.45
-38.4657 -5.83103  271.555
-38.7164 -5.84387  272.654
-38.9658  -5.8545  273.754
-39.2124 -5.86651  274.838
-39.4587 -5.87775  275.908
-39.7034 -5.88863  276.957
-39.9457 -5.90024  277.991
-40.1875 -5.91325   279.01
-40.4258 -5.92611  280.013
-40.6625 -5.93561  281.003
-40.8988 -5.94138  281.981
-41.1313 -5.94482  282.945
-41.3597 -5.94628  283.882
-41.5868 -5.94718  284.811
 -41.813 -5.95078  285.736
-42.0395 -5.95613  286.671
 -42.268 -5.96141  287.596
-42.4945 -5.96628  288.516
-42.7209 -5.97162  289.433
-42.946 -5.9799 290.347
-43.1702 -5.99031  291.254
 -43.391 -6.00142  292.161
-43.6081 -6.01486  293.072
-43.8242 -6.03073  293.995
 -44.036 -6.04771  294.906
-44.2424 -6.06286  295.824
-44.4426 -6.07867  296.746
-44.6406 -6.09178  297.673
-44.8393 -6.10304   298.61
-45.0348 -6.11215  299.548
-45.2309 -6.11678  300.493
 -45.429 -6.12292  301.453
-45.6261 -6.12907  302.418
-45.8198 -6.13483  303.394
-46.0102 -6.13892  304.378
-46.1952 -6.14215   305.38
 -46.379 -6.14932  306.387
-46.5581 -6.15624  307.401
-46.7367 -6.16606  308.416
-46.9145 -6.18101  309.441
-47.0916 -6.20087  310.482
-47.2686 -6.22132  311.541
-47.4404 -6.23633  312.606
-47.6085 -6.25011  313.674
-47.7723 -6.26747  314.746
-47.9332 -6.29018  315.823
-48.0899 -6.31621  316.914
-48.2446 -6.34102  318.015
-48.3953 -6.36504  319.126
-48.5404 -6.38496  320.244
-48.6821 -6.39958  321.369
-48.8221 -6.41302  322.508
-48.9561 -6.42795  323.655
-49.0888  -6.4445  324.797
-49.2246 -6.46214  325.947
-49.3606  -6.4841  327.111
-49.4954 -6.50665  328.276
-49.6337 -6.52999  329.458
-49.7681 -6.55001  330.649
-49.9017 -6.56985   331.84
-50.0381 -6.59089  333.038
-50.1766  -6.6143  334.239
-50.3169 -6.63802   335.44
-50.4562 -6.66059  336.644
-50.5952 -6.68095  337.848
 -50.736 -6.69856  339.047
-50.8764 -6.71466  340.234
-51.0222 -6.73197  341.411
-51.1698 -6.75163  342.587
-51.3172 -6.77294  343.772
-51.4646 -6.79398  344.958
-51.6128 -6.81457  346.136
-51.7657 -6.83596  347.311
-51.9184 -6.85566  348.482
-52.0718 -6.87562  349.647
-52.2253 -6.89604  350.809
-52.3796 -6.91764  351.965
-52.5366 -6.94232  353.122
-52.6915 -6.96668  354.271
-52.8473 -6.99177  355.417
-53.0106 -7.01176  356.565
-53.1768 -7.02306  357.707
-53.3407  -7.0289   358.83
-53.5098 -7.03167  359.933
-53.6797  -7.0433  361.031
-53.8455 -7.05661  362.137
-54.0142 -7.07475  363.244
-54.1815 -7.09029  364.334
-54.3488 -7.10049  365.433
-54.5142 -7.11338  366.522
-54.6802 -7.12699  367.597
