10
38
50
24
44
24
31
22
142
19
17
22
17
25
18
19
16
16
33
31
25
26
49
25
28
66
24
31
37
18
28
28
60
46
37
31
26
50
63
26
35
27
22
27
18
31
19
24
21
27
30
14
27
32
18
12
15
27
16
14
20
22
13
22
17
29
11
28
17
15
10
17
27
27
12
14
11
11
12
16
26
40
25
13
19
28
24
12
24
14
16
12
13
25
23
28
25
23
12
31
18
11
10
12
17
20
102
83
835
29
34
40
25
111
45
15
16
42
20
18
18
16
21
15
20
13
110
17
14
41
21
21
44
31
31
39
33
75
121
175
130
104
100
119
92
78
48
48
31
62
36
114
37
24
17
26
36
22
17
21
19
16
20
22
33
30
35
19
33
24
28
27
42
42
55
105
122
115
245
143
57
47
23
25
29
29
25
137
61
52
39
17
110
65
22
19
78
16
19
26
41
60
297
456
86
130
31
27
26
45
13
17
13
15
12
26
11
13
14
13
12
13
12
6
19
24
9
11
21
10
27
9
12
20
34
16
10
25
38
17
24
12
24
25
35
16
14
16
19
162
70
73
48
61
252
43
81
62
14
14
14
30
12
58
26
41
14
14
15
16
11
22
28
15
12
27
14
22
14
8
16
31
22
22
96
25
25
32
130
55
212
72
60
80
48
48
35
15
13
25
12
25
9
15
13
20
10
10
14
26
10
14
37
25
33
15
17
27
23
14
26
14
16
24
12
21
13
18
25
79
113
224
76
94
95
37
22
14
12
32
28
13
28
15
27
20
40
24
19
14
13
13
23
31
12
16
30
14
31
65
17
17
14
27
15
33
31
15
20
26
69
173
543
216
118
16
12
56
62
19
21
25
16
22
13
12
13
16
75
38
16
13
18
13
29
16
30
13
45
35
17
40
307
86
173
223
268
23
25
40
68
42
19
12
32
26
15
45
55
26
63
17
30
15
34
20
17
50
28
14
18
10
16
15
13
13
12
102
33
43
109
72
91
81
192
274
28
12
56
19
34
22
5
35
27
6
40
18
12
28
15
23
42
25
11
26
12
20
42
14
11
38
22
23
55
24
21
18
169
63
263
110
42
174
49
43
63
38
7
14
32
10
65
23
16
19
11
21
43
14
38
17
18
11
27
19
21
102
17
13
14
15
15
45
22
146
176
151
69
77
104
124
111
33
38
71
42
26
24
39
64
47
33
17
15
29
20
18
13
17
31
25
12
23
13
17
16
25
27
13
17
49
26
33
47
31
40
214
167
68
77
105
35
33
11
11
69
21
13
20
13
10
12
20
25
15
15
21
18
21
15
19
25
20
17
46
21
23
18
35
81
15
11
24
21
44
29
70
65
82
83
88
117
64
37
28
16
23
39
17
22
15
14
20
13
18
22
21
11
18
26
14
26
23
15
16
26
25
14
20
21
26
23
36
29
10
14
10
16
16
89
133
146
60
102
65
55
46
21
15
25
14
13
12
9
14
9
13
10
14
12
13
13
24
25
30
15
13
12
13
13
24
15
11
38
16
14
29
23
30
73
54
194
193
77
64
69
62
46
22
18
15
26
9
21
10
11
60
10
14
11
13
84
62
13
71
20
58
63
10
9
13
21
14
11
8
22
14
18
20
28
56
42
54
61
68
63
51
41
17
16
14
35
14
20
9
13
21
21
13
23
11
12
14
20
21
13
65
10
16
15
18
19
27
26
13
12
12
25
25
30
17
34
338
60
76
62
95
89
20
17
31
15
10
14
10
21
9
14
10
13
11
14
12
10
4
33
20
19
25
13
10
10
27
85
37
30
12
41
42
27
45
199
87
139
193
92
144
29
63
31
36
45
18
17
7
35
20
7
66
37
13
20
16
18
12
43
28
37
19
25
23
37
25
38
35
14
68
157
159
90
116
107
85
134
37
20
32
30
21
28
39
20
19
25
26
15
20
15
11
11
17
20
44
107
26
18
19
21
15
19
21
24
50
28
25
43
93
68
98
62
26
16
17
14
17
17
16
13
12
12
69
16
18
19
13
21
94
47
29
27
20
27
14
16
18
17
14
20
18
56
22
21
15
20
15
20
19
18
13
15
21
16
13
35
13
12
14
14
25
17
57
48
24
20
25
17
15
15
15
18
15
16
12
15
11
13
15
14
14
17
14
14
20
22
24
22
13
12
23
51
16
11
12
25
21
14
11
34
15
11
12
16
16
53
56
19
24
19
11
13
31
25
22
32
63
86
67
77
36
29
18
14
11
15
13
10
41
11
11
10
9
13
25
17
14
12
14
11
14
27
26
62
70
78
66
157
34
18
14
15
13
10
9
10
10
11
10
11
16
12
10
13
11
16
11
22
14
18
24
31
28
28
35
139
58
62
70
32
23
20
12
16
13
17
10
13
16
11
11
12
10
14
13
10
97
9
12
10
29
17
54
18
12
28
11
18
16
14
11
12
33
16
20
14
19
13
12
15
17
21
13
22
72
75
120
281
105
100
73
27
