0
43
21
14
8
12
6
8
10
12
10
9
8
9
10
9
6
8
16
7
9
8
8
5
8
7
10
6
8
13
8
12
10
9
5
9
8
7
8
11
11
10
14
13
9
13
11
11
18
13
10
13
8
19
14
16
9
20
11
21
25
11
40
9
13
8
21
16
6
16
24
18
7
15
15
15
15
9
10
12
12
14
19
12
11
10
17
9
6
41
11
12
11
13
9
9
21
11
8
14
9
6
12
14
16
11
11
12
16
13
9
15
11
12
8
17
13
13
16
15
9
10
11
7
8
11
11
17
16
12
15
14
11
20
5
11
11
23
15
14
13
7
9
7
12
16
11
13
10
7
10
9
13
10
6
14
8
5
6
11
6
13
13
14
9
8
12
13
9
11
9
20
13
15
17
7
16
16
11
8
10
12
8
11
8
7
12
16
8
11
9
12
8
9
10
6
11
10
10
11
18
8
10
6
10
8
11
9
11
13
16
9
10
15
10
18
8
19
11
12
10
12
16
12
12
15
13
10
8
14
13
7
7
7
21
7
12
20
13
57
29
19
18
13
14
13
11
7
14
8
30
43
12
9
12
6
12
6
14
8
36
8
11
8
16
8
10
18
11
9
9
