0
9
6
13
10
9
11
9
13
11
17
10
10
11
12
15
11
20
19
14
12
23
20
22
15
24
23
34
14
24
21
14
22
25
22
18
20
13
19
17
16
18
18
11
6
6
29
23
8
13
9
9
7
9
10
10
9
8
16
20
19
11
8
8
9
9
6
10
12
8
11
7
12
9
11
7
29
12
9
9
17
11
16
13
16
13
14
19
13
9
11
10
12
9
8
7
13
7
7
9
9
21
8
10
6
7
13
7
7
7
6
16
8
9
7
7
9
9
8
10
13
12
7
13
18
19
15
28
19
14
17
16
14
12
14
18
16
7
6
7
15
12
15
10
7
29
13
10
7
7
10
9
9
9
7
10
8
6
6
6
8
9
6
6
8
9
8
7
5
7
9
7
10
12
10
12
9
7
10
15
8
14
12
11
11
9
9
9
12
9
8
9
7
6
5
5
10
4
8
19
9
8
7
7
14
10
11
8
7
8
9
8
10
8
9
8
10
6
7
10
8
7
4
6
9
7
8
8
12
11
9
9
9
8
5
6
8
10
11
11
18
9
12
19
10
22
16
12
11
8
9
5
6
6
4
6
5
5
5
8
8
7
8
6
5
6
9
11
7
6
5
9
10
11
9
11
7
11
12
13
12
16
15
7
10
6
15
8
12
13
7
9
11
7
6
8
16
10
9
9
7
7
7
11
9
9
12
10
12
10
9
9
8
10
13
9
10
13
11
12
13
10
9
13
16
20
28
19
30
15
25
21
14
22
31
18
18
12
14
10
8
12
6
11
10
9
10
9
8
9
20
7
9
11
8
6
5
7
7
7
10
8
8
9
12
8
9
7
7
6
8
9
7
6
7
6
6
7
10
9
8
9
10
11
7
11
10
7
12
7
7
9
10
7
9
7
7
7
7
15
8
6
8
7
14
8
10
8
7
7
7
7
6
8
6
9
9
8
8
7
8
8
8
10
7
6
7
8
6
5
14
9
6
9
8
8
5
11
8
9
14
10
14
12
5
4
6
5
7
6
6
7
9
8
9
9
9
11
37
16
17
10
10
7
15
13
8
10
7
7
7
10
11
16
13
11
9
8
6
5
6
7
6
6
5
5
5
4
8
7
5
9
6
7
8
6
4
6
6
7
5
8
7
10
8
6
8
7
9
8
8
8
8
12
22
8
11
10
24
16
14
11
12
11
13
9
8
7
12
12
15
8
8
6
7
7
6
11
15
12
11
10
11
10
17
11
18
16
10
7
7
7
8
13
8
9
10
8
8
5
7
6
12
8
9
7
7
12
11
7
10
12
10
10
13
12
9
11
12
15
14
8
12
12
6
6
7
6
10
13
10
17
13
7
6
7
6
8
11
11
11
9
8
6
5
7
5
6
6
7
8
14
7
17
16
7
8
8
5
7
9
12
25
5
8
8
7
7
8
13
11
20
10
12
17
22
26
42
219
87
400
400
12
115
20
23
27
10
7
6
5
9
7
9
12
4
7
10
11
7
9
6
7
7
11
9
6
6
4
4
3
3
3
3
3
3
4
4
4
5
6
7
7
7
8
9
7
8
7
8
8
11
7
4
3
3
3
3
3
3
6
8
9
9
6
7
5
7
7
6
6
6
8
8
10
11
10
6
8
6
6
8
4
9
10
13
7
13
11
12
8
14
10
12
13
15
13
24
15
15
14
13
16
40
22
14
19
19
19
16
16
11
10
10
11
10
11
8
10
13
11
10
13
9
15
9
10
10
10
13
9
9
43
13
10
13
10
11
12
22
8
11
18
8
16
10
11
21
19
15
18
18
11
9
10
10
15
14
9
11
23
13
13
14
14
11
7
6
15
9
13
16
11
10
14
8
12
18
9
17
9
8
8
9
32
25
20
13
14
22
6
20
9
9
12
10
13
12
17
15
19
16
6
18
18
13
13
10
16
16
17
15
10
27
16
9
8
8
10
10
12
9
13
14
11
19
14
9
16
9
7
10
11
13
9
8
9
7
15
6
10
11
11
15
25
10
17
10
18
19
12
19
25
20
11
11
14
13
8
13
25
18
19
8
11
10
15
7
6
8
9
8
10
8
8
12
20
30
127
14
10
5
10
6
9
9
25
5
7
8
7
7
15
7
11
11
6
9
11
16
12
9
9
9
9
7
9
7
6
10
9
7
8
9
10
10
8
23
12
8
11
13
8
10
11
15
10
9
11
14
16
7
13
12
8
10
11
8
10
6
6
8
7
7
8
7
19
8
6
6
6
7
11
7
21
9
14
6
7
8
9
7
7
9
8
8
11
8
6
6
5
14
10
9
7
4
7
7
6
6
7
8
6
6
6
9
6
7
8
7
9
8
7
10
8
9
9
7
7
7
6
11
17
8
17
17
15
9
9
11
11
7
7
9
10
9
9
11
8
13
9
9
10
7
12
16
10
13
9
10
16
10
7
13
12
7
10
7
8
9
10
9
6
6
8
7
8
7
9
8
9
7
7
10
7
8
8
5
6
5
6
