-0  0 -0
-0.00840605 -0.00155762   0.0922242
 -0.0176019 -0.00238047    0.187083
 -0.0281132 -0.00286487     0.28505
 -0.0418153 -0.00300996    0.389159
  -0.058069 -0.00283563    0.503097
 -0.0793799 -0.00378535    0.629112
  -0.107086 -0.00389012    0.767248
  -0.137991 -0.00519234    0.917056
  -0.174034 -0.00709638     1.07687
 -0.220136 -0.0105213    1.24275
  -0.27798 -0.0147216    1.41394
 -0.345113 -0.0203286    1.58964
-0.418177 -0.025918   1.77249
 -0.495369 -0.0282502    1.96056
 -0.582625 -0.0310468    2.15207
 -0.680059 -0.0319234    2.34756
 -0.785042 -0.0315826    2.54364
 -0.897362 -0.0333286     2.7339
  -1.01666 -0.0329775    2.92031
  -1.14161 -0.0311734    3.10861
  -1.26901 -0.0315909    3.29509
  -1.40713 -0.0346729    3.47901
  -1.56657 -0.0414055     3.6571
  -1.75023 -0.0485073    3.82878
  -1.94572 -0.0521311    3.99798
  -2.15348 -0.0530656    4.16812
  -2.37369 -0.0517154    4.34002
  -2.61163 -0.0492716    4.50386
  -2.87383 -0.0465217    4.65677
  -3.15371 -0.0417297    4.80026
   -3.4532 -0.0357839    4.93255
  -3.77192 -0.0289127    5.04557
  -4.10994 -0.0226639    5.14641
  -4.46391 -0.0173098    5.22901
  -4.84082 -0.0130896    5.30164
  -5.22318 -0.0139412    5.35771
  -5.61917 -0.0121195    5.39391
   -6.03286 -0.00765619     5.40827
  -6.46324 0.00140285    5.40757
  -6.9101 0.0112669   5.39785
 -7.37177 0.0187068   5.38038
-7.84774 0.023611   5.3509
 -8.33856 0.0290302   5.30869
 -8.84556 0.0379954   5.25904
 -9.36771 0.0487361    5.2061
 -9.91352 0.0564461   5.14517
 -10.4714 0.0572767   5.07779
 -11.0439 0.0583953   5.00505
 -11.6337 0.0657984   4.93404
 -12.2408 0.0770631   4.86602
 -12.8603 0.0853627    4.7977
 -13.4967 0.0912671   4.72423
 -14.1483 0.0984909   4.64836
-14.8113 0.108017  4.57291
-15.4939 0.121265  4.49891
-16.2002 0.136076  4.42403
-16.9218 0.148054  4.34735
-17.6559 0.158414  4.26927
-18.4007 0.174292  4.18915
-19.1585 0.190618  4.10793
-19.9249 0.206434  4.03088
 -20.709 0.221826  3.95815
-21.5029 0.235273  3.88515
-22.3008 0.248398  3.80939
-23.1006 0.259792  3.73289
-23.9106 0.269653  3.65867
-24.7278 0.281366  3.58602
  -25.56 0.290523  3.50931
-26.3988 0.296251  3.42623
-27.2435 0.308499  3.34133
-28.0891 0.321162  3.25678
-28.9308 0.334839  3.17198
-29.7681  0.35009  3.09042
-30.6034 0.366955   3.0086
-31.4417 0.383013  2.92539
-32.2839 0.395119  2.83968
-33.1225 0.407254  2.75479
-33.9538 0.420527  2.67129
-34.7869  0.43267  2.58612
-35.6263 0.443441  2.50319
-36.4644 0.451227  2.42173
-37.3098 0.463716  2.33965
-38.1509 0.481213  2.26035
-38.9887 0.496409  2.18005
-39.8224 0.514971  2.09991
-40.6466 0.535188  2.02138
-41.4711 0.550491  1.94044
-42.2974 0.564525  1.85491
-43.1292 0.577312  1.76878
-43.955 0.58428 1.68907
-44.7785 0.591707  1.61407
-45.5985 0.600256  1.53629
-46.4193 0.606408  1.45422
 -47.246 0.612369  1.37248
-48.0647 0.621336  1.29061
-48.8738 0.631551  1.20578
-49.6749 0.638733  1.11302
-50.4717  0.64841  1.01804
-51.2663 0.656728 0.922738
-52.0602 0.661483 0.830251
-52.8493 0.667495 0.741056
-53.6322 0.673719 0.648505
 -54.414 0.680157 0.556342
-55.1948 0.688748 0.467245
-55.9679 0.698084 0.379831
-56.7382 0.707402 0.289651
-57.4976 0.718244 0.201547
-58.2516 0.730258  0.11448
 -58.9985  0.742082 0.0271553
  -59.7326   0.752485 -0.0595666
 -60.4565  0.761168 -0.145246
  -61.168  0.769067 -0.229959
 -61.8629  0.773866 -0.312027
 -62.5442  0.778664 -0.386768
 -63.2123  0.784131 -0.453157
 -63.8672   0.78856 -0.512975
 -64.5051   0.79261 -0.567255
 -65.1285  0.798026 -0.613088
 -65.7409   0.80593 -0.647325
 -66.3368  0.814243 -0.664486
 -66.9063  0.820426 -0.664727
 -67.4546  0.825837 -0.644807
  -67.985  0.832482 -0.603056
 -68.4896  0.837994 -0.541244
 -68.9767  0.843253 -0.461159
 -69.4502  0.847148 -0.361979
 -69.9143  0.851795 -0.239626
  -70.3589   0.852805 -0.0960469
 -70.7792  0.852023 0.0753572
-71.1853 0.853112 0.266677
-71.5812 0.859621 0.479357
-71.9702 0.866995 0.706307
-72.3455 0.873265 0.958028
-72.6994 0.877382  1.23738
-73.0318 0.879762  1.54096
 -73.347 0.880466  1.84674
-73.6526 0.884506  2.16275
 -73.941 0.889424   2.4994
-74.2227 0.893604  2.86562
-74.4957  0.89563  3.26917
-74.7427   0.8951  3.69437
-74.9816 0.891971  4.14577
-75.2022 0.881467  4.62723
 -75.414 0.873743  5.13203
-75.6061 0.866366  5.64545
-75.7866 0.859572  6.18336
-75.9534 0.847715  6.74427
-76.1115 0.837921  7.32403
-76.2661 0.831197  7.92411
-76.4187 0.825621  8.54133
-76.5713 0.821438  9.17356
-76.7187 0.815336   9.8229
-76.8529 0.810877   10.488
-76.9816 0.806509  11.1703
-77.1041 0.805053   11.869
 -77.22 0.80062 12.5824
-77.3287  0.79183  13.3082
-77.4316 0.781209  14.0416
-77.5259 0.774247  14.7859
-77.6184 0.766524  15.5497
-77.7098 0.753517  16.3194
-77.8033 0.738521  17.0927
-77.8898 0.727317  17.8666
-77.9703 0.720455  18.6337
-78.0502 0.713089  19.4018
 -78.127 0.707725  20.1743
-78.2008 0.700818  20.9505
-78.2719 0.693884  21.7222
-78.3428 0.685828  22.4881
-78.4171 0.678069   23.245
-78.4883 0.665763  24.0007
-78.5574 0.652487  24.7593
-78.6264 0.635268  25.5197
-78.6975 0.616958  26.2813
-78.7661 0.600161  27.0405
-78.8263 0.589084  27.7998
 -78.881 0.576588   28.551
-78.9357 0.563176  29.3033
-78.9947 0.553429  30.0542
-79.0485 0.543719  30.8095
-79.1041 0.531756  31.5698
-79.1664 0.522473  32.3371
-79.2267  0.51184  33.1119
-79.2866 0.499653  33.8916
 -79.347 0.489809  34.6757
-79.4154 0.480206  35.4629
-79.4913 0.467911  36.2534
-79.5682 0.454227  37.0446
-79.6438 0.442822  37.8447
-79.7206 0.429224  38.6564
-79.8004 0.410996  39.4827
 -79.879 0.393009   40.309
-79.9585  0.37871  41.1453
 -80.043 0.364486  41.9835
-80.1285 0.351062  42.8395
-80.2135 0.339525  43.6936
-80.3026 0.330757  44.5523
-80.3869 0.322121  45.4168
-80.4666  0.31099  46.2841
-80.5424 0.298267  47.1607
  -80.62 0.287268  48.0343
-80.6957 0.272777  48.9086
 -80.768 0.258859  49.7849
-80.8427 0.245717  50.6535
-80.9226 0.230342  51.5217
-81.0007 0.213127  52.3833
-81.0789 0.193966   53.241
-81.1595 0.169296  54.0924
-81.2332 0.143704  54.9457
-81.3006 0.123922  55.7987
-81.3714 0.100488  56.6559
 -81.4449 0.0808406   57.5132
  -81.517 0.0698804   58.3585
-81.5854 0.055677  59.1995
-81.6601 0.039792  60.0315
 -81.7434 0.0211482   60.8585
  -81.8282 0.00171363    61.6849
  -81.9127 -0.0180781    62.5004
  -82.0035 -0.0431671    63.3084
  -82.1016 -0.0689547    64.1167
  -82.2019 -0.0902399    64.9225
 -82.3031 -0.113998   65.7258
 -82.4034 -0.135321   66.5272
  -82.505 -0.151129   67.3214
 -82.6112 -0.163849   68.1089
   -82.72 -0.175984   68.8962
-82.8368 -0.18833  69.6732
  -82.965 -0.200828   70.4445
 -83.0944 -0.211348   71.2105
 -83.2223 -0.223661   71.9784
 -83.3585 -0.237952   72.7442
 -83.5005 -0.248015    73.511
 -83.6423 -0.259632   74.2702
 -83.7864 -0.276094   75.0262
 -83.9359 -0.285307    75.775
 -84.0895 -0.292937   76.5146
 -84.2504 -0.305806   77.2532
-84.4219 -0.32119  77.9914
 -84.6029 -0.328647   78.7294
 -84.7923 -0.337182   79.4566
 -84.9894 -0.346145    80.181
 -85.1977 -0.354613   80.8902
 -85.4113 -0.361243     81.59
 -85.6294 -0.363741   82.2915
 -85.8568 -0.367562   83.0011
-86.1003 -0.37823  83.7169
-86.3509 -0.38523  84.4296
 -86.6063 -0.387963   85.1329
 -86.8709 -0.392543   85.8326
  -87.14 -0.40305  86.5242
 -87.4154 -0.412462   87.2224
 -87.7025 -0.424417   87.9259
 -88.0019 -0.441403   88.6198
 -88.3012 -0.457835   89.3182
 -88.6051 -0.465496   90.0226
  -88.917 -0.473338   90.7286
 -89.2458 -0.485671   91.4256
 -89.5785 -0.492062    92.111
 -89.899 -0.49516  92.7941
 -90.2183 -0.500795   93.4854
 -90.5506 -0.508825   94.1754
 -90.8947 -0.519705    94.865
 -91.2398 -0.531316   95.5645
 -91.5801 -0.545532   96.2576
-91.9275 -0.55724  96.9374
-92.2812 -0.56712   97.622
 -92.6394 -0.581875   98.3055
 -93.0022 -0.600749   98.9914
 -93.3675 -0.617654   99.6744
 -93.7327 -0.633945   100.353
-94.0982 -0.65042  101.028
 -94.4644 -0.665788   101.698
 -94.8332 -0.681322   102.364
 -95.2061 -0.696863   103.022
 -95.5822 -0.714229    103.68
 -95.9544 -0.731163   104.329
 -96.3249 -0.751209   104.972
 -96.7015 -0.769448   105.613
 -97.0801 -0.785592   106.249
 -97.4585 -0.802815   106.882
-97.8316 -0.81984  107.509
 -98.1989 -0.833015   108.122
  -98.556 -0.840342   108.716
 -98.9115 -0.848615   109.295
 -99.2608 -0.856824   109.857
 -99.6038 -0.866672   110.409
 -99.9354 -0.876589   110.942
  -100.26 -0.889683   111.457
 -100.575 -0.901217   111.956
-100.876 -0.91142  112.435
 -101.165 -0.921056   112.896
 -101.445 -0.930991   113.332
 -101.718 -0.941984   113.744
 -101.978 -0.950779   114.139
 -102.225 -0.957651   114.521
 -102.461 -0.963624   114.887
 -102.695 -0.970407    115.23
 -102.926 -0.978083   115.553
  -103.15 -0.985471   115.859
 -103.364 -0.991376    116.15
 -103.562 -0.996261   116.424
 -103.749 -0.999467   116.681
 -103.93 -1.00118   116.92
-104.107  -1.0038  117.142
-104.282 -1.00708  117.344
-104.457 -1.00986  117.529
-104.624 -1.01396  117.699
-104.787 -1.01701  117.855
-104.944 -1.01785      118
-105.105 -1.01596  118.134
-105.274 -1.01415  118.262
-105.442 -1.01351  118.391
-105.608 -1.01037  118.524
-105.778 -1.00789  118.652
-105.956 -1.00606  118.769
-106.141 -1.00346  118.875
-106.329  -1.0005  118.977
 -106.519 -0.998628   119.072
 -106.711 -0.997014   119.159
 -106.908 -0.995707   119.237
 -107.106 -0.996895    119.31
 -107.307 -0.997469   119.381
 -107.523 -0.996977   119.446
 -107.758 -0.992087   119.507
 -108.012 -0.985767   119.563
 -108.287 -0.977014   119.613
 -108.581 -0.967173    119.65
 -108.888 -0.956932   119.674
 -109.211 -0.947348   119.684
 -109.548 -0.938832   119.676
 -109.894 -0.932625   119.656
-110.252  -0.9266  119.623
 -110.618 -0.921869   119.573
 -110.998 -0.916503     119.5
 -111.393 -0.906621   119.406
 -111.798 -0.896031   119.286
 -112.213 -0.882707    119.14
 -112.634 -0.869932    118.97
 -113.064 -0.860831   118.775
 -113.498 -0.851021   118.555
 -113.933 -0.840913   118.302
 -114.375 -0.829402   118.023
 -114.817 -0.819924   117.714
 -115.267 -0.809709   117.381
 -115.727 -0.798753   117.026
 -116.196 -0.786804   116.652
-116.679 -0.77481  116.258
 -117.172 -0.763416   115.853
 -117.675 -0.751993   115.433
-118.187 -0.74078  114.998
 -118.706 -0.727928   114.547
 -119.239 -0.714223    114.08
 -119.782 -0.700809   113.602
 -120.337 -0.686647   113.111
 -120.903 -0.671264   112.609
 -121.481 -0.655305   112.095
-122.069 -0.64044  111.571
 -122.669 -0.624611   111.036
 -123.281 -0.608364   110.489
 -123.905 -0.591067    109.93
  -124.54 -0.574015   109.357
 -125.184 -0.558011   108.775
 -125.835 -0.541648   108.189
 -126.494 -0.523435   107.594
 -127.163 -0.503991    106.99
 -127.844 -0.486765   106.376
-128.534 -0.47201  105.755
 -129.227 -0.458405   105.123
-129.926 -0.44602  104.484
 -130.634 -0.435322   103.834
 -131.349 -0.427703   103.171
 -132.072 -0.422008   102.504
 -132.806 -0.415658   101.831
  -133.54 -0.407437    101.16
 -134.272 -0.398251   100.492
 -135.002 -0.388779   99.8233
  -135.73 -0.379032   99.1562
 -136.456 -0.367962   98.4861
 -137.187 -0.356197   97.8126
 -137.918 -0.343845   97.1398
 -138.646 -0.331832   96.4694
 -139.373 -0.320096   95.7998
   -140.1 -0.307228   95.1287
-140.825 -0.29534  94.4592
  -141.55 -0.283961   93.7876
 -142.274 -0.273279   93.1131
 -142.993 -0.263165   92.4421
-143.713 -0.25249  91.7705
 -144.433 -0.241831   91.0976
 -145.153 -0.231377   90.4208
 -145.871 -0.222095   89.7487
 -146.594 -0.212565    89.076
 -147.316 -0.202238   88.4053
 -148.043 -0.192886   87.7373
 -148.768 -0.183875   87.0751
 -149.499 -0.169483   86.4108
 -150.229 -0.153665   85.7494
 -150.956 -0.137531   85.0873
 -151.677 -0.117794   84.4299
  -152.397 -0.0983871    83.7721
   -153.12 -0.0822795    83.1123
  -153.843 -0.0685536    82.4515
  -154.564 -0.0548942    81.7938
  -155.285 -0.0395457    81.1355
  -155.994 -0.0248225    80.4859
   -156.705 -0.00953569     79.8313
  -157.419 0.00671762    79.1739
 -158.134 0.0247858   78.5177
 -158.846 0.0451837   77.8639
 -159.547 0.0648141   77.2175
 -160.246 0.0840232    76.571
-160.944 0.102223  75.9208
-161.639 0.118291  75.2735
-162.331 0.134151   74.631
-163.025 0.150177  73.9874
-163.717 0.165872  73.3466
 -164.41 0.181567  72.7116
-165.097 0.196927   72.079
-165.783 0.212362  71.4478
-166.476 0.228404  70.8156
-167.166 0.244464  70.1911
 -167.85 0.258234  69.5683
-168.525 0.270745  68.9513
-169.199 0.284441  68.3378
-169.873  0.29638   67.728
-170.538 0.303898  67.1159
-171.201 0.310757  66.5088
-171.853 0.317508  65.9133
-172.495 0.324485  65.3291
-173.128 0.332002  64.7508
-173.749 0.338405  64.1858
 -174.36 0.343359  63.6258
-174.964 0.349407  63.0743
-175.561 0.356675  62.5319
-176.152 0.364342  61.9934
-176.736 0.372969  61.4613
-177.314 0.382156  60.9363
 -177.88 0.392519  60.4234
-178.438 0.403452  59.9182
-178.981 0.414257   59.423
-179.508  0.42541  58.9378
-180.028 0.437155  58.4628
-180.534 0.446968  57.9978
-181.028 0.455863  57.5394
 -181.51 0.465542   57.085
-181.977 0.474984  56.6326
-182.431 0.484171   56.181
-182.869 0.491601  55.7301
-183.293 0.498926  55.2769
-183.699  0.50618   54.826
-184.084 0.512935  54.3717
-184.447 0.519484  53.9107
-184.787 0.525898  53.4453
-185.099 0.531909  52.9746
-185.383 0.536743  52.5031
-185.647 0.542069  52.0282
-185.886 0.548223  51.5535
-186.089 0.553408  51.0807
-186.259 0.557939  50.6062
-186.399 0.560052   50.135
-186.521 0.561887   49.659
-186.622   0.5596  49.1883
-186.706 0.561773  48.7147
 -186.77 0.565726  48.2381
-186.811 0.571287  47.7562
-186.816  0.57538  47.2733
-186.789 0.583688  46.7893
-186.745 0.593601  46.3115
-186.689 0.608104  45.8401
-186.613 0.619281  45.3765
-186.507 0.626127  44.9242
-186.373 0.630691  44.4832
-186.214 0.638278  44.0568
-186.036 0.651015  43.6418
-185.845 0.661692  43.2317
-185.628 0.668482  42.8281
 -185.38 0.671489  42.4322
-185.116 0.674559  42.0386
-184.846 0.678777  41.6473
-184.566 0.682745   41.261
-184.269 0.687801  40.8837
-183.958 0.695195   40.509
-183.639 0.702864  40.1372
-183.312 0.710559   39.761
-182.976   0.7169  39.3838
-182.633 0.722772  39.0052
-182.283 0.730635  38.6223
-181.927 0.739338   38.231
-181.564 0.746952  37.8305
-181.196 0.752864  37.4234
-180.813 0.755946  37.0153
-180.418  0.76006  36.6039
-180.013 0.767577  36.1781
-179.604 0.777042  35.7343
-179.192 0.782364  35.2789
-178.765 0.783196  34.8161
-178.326  0.78654  34.3508
-177.879 0.794626  33.8733
-177.421 0.798846  33.3766
-176.952 0.799503  32.8619
-176.465 0.798703  32.3374
-175.963 0.798893  31.8066
-175.451 0.798253  31.2608
-174.934 0.800987  30.7018
-174.404  0.80726  30.1293
-173.861 0.815741  29.5403
-173.303 0.820845  28.9441
 -172.74 0.827357  28.3449
 -172.17 0.838147  27.7303
-171.594 0.848557   27.101
-171.005 0.856459  26.4594
-170.409 0.865348  25.8093
-169.807 0.873759  25.1501
-169.197 0.883953  24.4834
-168.583 0.893196  23.8067
-167.959 0.898163  23.1293
-167.323 0.901696   22.442
-166.686 0.903713  21.7529
-166.047 0.905842  21.0609
-165.408 0.908347  20.3664
-164.776 0.913028  19.6682
-164.151 0.918951  18.9706
-163.516 0.927167  18.2722
-162.884 0.939003  17.5776
-162.252 0.952565  16.8833
-161.619 0.966827  16.1921
-160.993 0.978126   15.518
-160.369 0.987423   14.841
-159.748 0.993324  14.1629
-159.126 0.994286  13.4836
-158.505 0.996124  12.8028
 -157.89 0.998815  12.1252
-157.276  1.00332  11.4513
-156.668  1.00747  10.7765
-156.071  1.01084  10.0972
-155.492  1.01441  9.41288
-154.929   1.0208  8.71897
-154.38 1.02857 8.01413
-153.852  1.03577   7.2964
-153.345  1.04729   6.5704
-152.859  1.06042  5.83911
-152.393  1.07877  5.07346
-151.954  1.09375  4.30461
-151.544  1.10971  3.51849
-151.165  1.12249  2.73755
-150.812  1.13277  1.95302
-150.479  1.13784  1.16466
-150.169  1.13943 0.364807
 -149.882     1.136 -0.447585
 -149.62   1.1336 -1.27303
-149.376  1.13741 -2.10526
-149.14 1.14147 -2.9504
-148.913   1.1427 -3.80874
-148.704  1.14814 -4.67661
-148.51  1.1568 -5.5478
-148.326  1.16228 -6.42894
-148.156  1.16746 -7.32054
-147.999  1.18001 -8.23035
-147.846  1.19167 -9.15804
-147.694  1.20796 -10.0883
-147.532  1.23059 -11.0098
-147.366  1.25242 -11.9478
-147.192  1.27253 -12.8992
-147.012  1.28959 -13.8618
-146.834  1.30519 -14.8346
 -146.66   1.3226 -15.8237
-146.482  1.34006 -16.8203
-146.302  1.35899 -17.8257
-146.119  1.37703 -18.8364
-145.933  1.39411 -19.8576
-145.745   1.4097 -20.8823
-145.556   1.4231 -21.9106
-145.366  1.43553 -22.9474
 -145.18  1.44716 -23.9865
-144.997  1.45889 -25.0297
-144.816  1.47079 -26.0734
-144.637  1.48453  -27.121
-144.457  1.49748 -28.1679
-144.279    1.511 -29.2119
-144.101   1.5245 -30.2525
-143.927  1.53778 -31.2912
-143.753  1.55053 -32.3254
 -143.58  1.56119 -33.3581
-143.408  1.57153 -34.3857
-143.239  1.58314 -35.4137
-143.075  1.59334 -36.4364
-142.914  1.60606  -37.454
-142.756  1.61795 -38.4757
-142.601  1.62955 -39.4922
-142.453   1.6396 -40.5086
-142.304  1.65208  -41.527
-142.159    1.666 -42.5387
-142.018  1.68019 -43.5447
-141.881  1.69469 -44.5502
-141.744   1.7094 -45.5489
-141.607  1.72296 -46.5471
 -141.47  1.73432 -47.5445
-141.338  1.74496 -48.5317
-141.204  1.75439 -49.5162
-141.072  1.76164  -50.501
-140.941    1.767 -51.4845
-140.809  1.77336 -52.4652
-140.678    1.779 -53.4407
-140.546  1.78537 -54.4132
-140.412  1.79314 -55.3829
-140.276  1.80018 -56.3447
 -140.14   1.8084 -57.3037
-140.005  1.81532 -58.2591
-139.868   1.8211 -59.2081
-139.726  1.82608 -60.1537
-139.584  1.82949  -61.098
-139.441  1.83353 -62.0365
-139.296  1.83794 -62.9698
-139.151  1.84105 -63.8933
-139.009  1.84517 -64.8097
-138.871  1.85043 -65.7123
-138.736  1.85631 -66.6023
-138.604  1.86264 -67.4753
 -138.48  1.86851 -68.3403
-138.363  1.87363 -69.1879
-138.256  1.87842 -70.0197
 -138.16  1.88434 -70.8344
-138.077  1.89053 -71.6295
-138.004  1.89522 -72.3973
 -137.94  1.90092 -73.1421
-137.882  1.90881 -73.8644
-137.831  1.91432 -74.5601
-137.787  1.91807 -75.2264
-137.748  1.92312 -75.8659
-137.715  1.92935 -76.4809
-137.689  1.93438 -77.0652
 -137.67  1.93996 -77.6278
-137.651  1.94496 -78.1643
-137.641  1.95206 -78.6751
-137.632  1.95971  -79.155
-137.628  1.96887 -79.6027
-137.624  1.97736 -80.0175
-137.628  1.98836 -80.3963
-136.239  1.97186 -81.0036
-134.843  1.90578 -81.5771
-134.827    2.052 -82.5431
-134.822  2.05928 -82.8025
-134.824  2.06265 -83.0307
-134.825  2.06524 -83.2391
-134.828  2.06552 -83.4349
-134.831  2.06727 -83.6278
-134.834  2.06958  -83.816
-134.832  2.07223 -83.9966
-134.829  2.07522 -84.1669
-134.826  2.07863 -84.3255
-134.826  2.08085 -84.4732
-134.824  2.08308  -84.614
-134.819  2.08564 -84.7461
-134.808  2.08777 -84.8708
-134.794  2.08815 -84.9884
-134.782  2.08951  -85.099
 -134.77  2.09109 -85.1967
-134.759  2.09127 -85.2774
-134.751  2.09171 -85.3411
-134.744  2.09294 -85.3908
 -134.74  2.09451 -85.4284
-134.738  2.09423 -85.4553
-134.735  2.09459 -85.4727
-134.734  2.09428 -85.4815
-134.735  2.09413 -85.4808
-134.736  2.09468 -85.4761
-134.735  2.09294 -85.4749
-134.735  2.09117  -85.476
-134.735  2.09212 -85.4755
-134.735  2.09233 -85.4747
-134.735  2.09252 -85.4753
-134.735  2.09401 -85.4754
-134.735  2.09322  -85.475
-134.734  2.09321 -85.4748
-134.735   2.0932 -85.4754
-134.735   2.0931 -85.4756
-134.735  2.09289 -85.4751
-134.735  2.09256  -85.475
-134.736   2.0926 -85.4754
-134.736  2.09273 -85.4751
-134.735  2.09244 -85.4751
-134.736   2.0924 -85.4751
-134.736  2.09298 -85.4753
-134.735  2.09268  -85.475
-134.735  2.09261  -85.475
-134.735  2.09255 -85.4752
-134.735  2.09269 -85.4751
-134.735  2.09251 -85.4749
-134.735  2.09229 -85.4748
-134.735  2.09262  -85.475
-134.734  2.09248 -85.4752
-134.734   2.0926 -85.4754
-134.735  2.09278 -85.4753
-134.735  2.09325 -85.4751
-134.734  2.09352  -85.475
-134.734  2.09311 -85.4745
-134.735  2.09228 -85.4746
-134.734  2.09234 -85.4747
-134.734  2.09226  -85.475
-134.734  2.09212  -85.475
-134.734   2.0921  -85.475
-134.734  2.09231 -85.4747
-134.734  2.09236 -85.4749
-134.734  2.09249  -85.475
-134.734  2.09275  -85.475
-134.733  2.09265  -85.475
-134.733  2.09259 -85.4749
-134.733   2.0924 -85.4748
-134.733  2.09234 -85.4745
-134.733   2.0923 -85.4742
-134.733  2.09241 -85.4741
-134.734  2.09247 -85.4742
-134.734  2.09244 -85.4741
-134.734  2.09269 -85.4742
-134.734  2.09255 -85.4741
-134.734  2.09252 -85.4741
-134.735  2.09192 -85.4745
-134.732  2.09205 -85.4779
 -134.73  2.09277 -85.4872
-134.723  2.09363 -85.5009
-134.719  2.09303 -85.5188
-134.711  2.09283 -85.5405
-134.701  2.09299 -85.5661
-134.691  2.09361 -85.5958
-134.679   2.0941 -85.6294
-134.665  2.09472 -85.6673
 -134.65  2.09511 -85.7084
-134.632  2.09481 -85.7526
-134.612  2.09484 -85.8009
-134.591    2.095 -85.8548
-134.564  2.09614  -85.917
-134.531  2.09655 -85.9932
-134.492   2.0983  -86.086
-134.449  2.10104 -86.1969
-134.402  2.10267 -86.3241
-134.348  2.10401 -86.4641
-134.281  2.10528  -86.615
-134.205  2.10869 -86.7795
-134.121   2.1118 -86.9489
 -134.03  2.11423 -87.1275
-133.93  2.1161 -87.313
-133.817  2.11811 -87.5027
-133.692  2.12053  -87.696
-133.553  2.12347 -87.8891
-133.396  2.12546 -88.0902
-133.213  2.12558  -88.303
-133.007   2.1252 -88.5308
-132.776  2.12873 -88.7758
 -132.51  2.13465 -89.0286
-132.205  2.14314 -89.2864
-131.862  2.14936   -89.55
-131.481  2.15249 -89.8157
 -131.06  2.15756 -90.0772
-130.601  2.16071 -90.3263
-130.107   2.1674 -90.5634
-129.581  2.17578 -90.7868
-129.023  2.18419 -90.9887
-128.432  2.19075 -91.1634
 -127.81  2.19675 -91.3128
-127.163  2.20333 -91.4384
-126.493  2.20855 -91.5396
-125.794   2.2127  -91.616
-125.067  2.21609 -91.6716
-124.321  2.21601 -91.7095
 -123.55  2.21278 -91.7393
-122.752  2.20825 -91.7594
-121.933  2.20092 -91.7706
-121.091  2.18875 -91.7708
-120.232  2.17568 -91.7586
-119.349  2.16159  -91.732
-118.444  2.14403 -91.6883
-117.519  2.12209 -91.6346
-116.569  2.09903 -91.5729
-115.594  2.07741 -91.5124
-114.595  2.05742 -91.4533
-113.569   2.0379 -91.3958
-112.527  2.01656  -91.332
 -111.46   1.9956 -91.2622
-110.388  1.97095 -91.1828
-109.297  1.94504 -91.0988
-108.191  1.91873 -91.0078
-107.064  1.89234 -90.9111
-105.926  1.86746  -90.811
-104.765  1.84382 -90.7013
-103.587  1.82393 -90.5882
-102.402  1.80234 -90.4688
  -101.2  1.77875 -90.3511
-99.9936  1.75303 -90.2354
-98.7804  1.72639 -90.1206
-97.5734  1.70034 -90.0086
-96.3739  1.67194 -89.8942
 -95.175  1.64403 -89.7815
-93.9818  1.61438  -89.669
-92.7917  1.58471 -89.5561
-91.5911  1.55594 -89.4435
 -90.387   1.5275 -89.3315
-89.1901  1.49691 -89.2184
-87.9967   1.4677 -89.1058
 -86.815  1.43865 -88.9965
-85.6269  1.40573 -88.8861
-84.4418  1.37589 -88.7756
-83.2609    1.346 -88.6631
-82.0695  1.31894 -88.5497
-80.9072  1.29226 -88.4348
-79.7428  1.26708 -88.3242
-78.5876  1.23913 -88.2133
 -77.433  1.20994 -88.1018
-76.2724  1.18227 -87.9952
-75.1149   1.1546 -87.8891
-73.9591  1.12904 -87.7854
-72.8047   1.1025 -87.6781
-71.6539  1.07282 -87.5691
 -70.507   1.0428 -87.4551
-69.3619   1.0137 -87.3377
-68.2261 0.984851 -87.2125
-67.0939 0.954095 -87.0824
-65.9676    0.925 -86.9524
 -64.848 0.896025 -86.8225
-63.7335  0.86543 -86.6895
-62.6213 0.836137 -86.5545
-61.5196 0.807572 -86.4177
-60.4152 0.778016 -86.2813
-59.3133 0.750034 -86.1429
-58.2107 0.722816 -86.0021
-57.1139 0.694779 -85.8634
-56.0168 0.669303  -85.729
-54.9203 0.643199    -85.6
-53.8266 0.618256 -85.4765
-52.7346  0.59166  -85.355
-51.6439 0.563761 -85.2361
-50.5498 0.537657  -85.119
-49.4592  0.51044 -85.0017
-48.3672 0.484506 -84.8838
-47.2777 0.461503 -84.7681
 -46.194  0.43554 -84.6528
-45.1168  0.40798 -84.5413
-44.0382 0.379047 -84.4323
 -42.963 0.348295 -84.3279
-41.8895 0.315627 -84.2231
-40.8113 0.282663 -84.1184
 -39.732 0.252123 -84.0124
-38.6589 0.222058 -83.9044
-37.5868 0.194362 -83.7914
-36.5199 0.166495 -83.6749
-35.4533 0.140815 -83.5609
 -34.386 0.114468 -83.4466
 -33.3226 0.0863374  -83.3345
 -32.2636 0.0581074   -83.222
 -31.2008 0.0284436  -83.1119
  -30.1308 0.00389383   -83.0044
  -29.0588 -0.0222968   -82.8954
   -28.001 -0.0435116    -82.785
  -26.9495 -0.0637998   -82.6737
  -25.8984 -0.0884359   -82.5589
 -24.8482 -0.117218  -82.4416
 -23.8026 -0.148556  -82.3234
 -22.7607 -0.181373   -82.209
 -21.7225 -0.215466  -82.0942
 -20.6936 -0.250042  -81.9818
-19.6639 -0.28533  -81.869
  -18.635 -0.320392  -81.7582
 -17.6078 -0.354235  -81.6482
 -16.5824 -0.387062  -81.5392
 -15.5645 -0.418479  -81.4271
 -14.5518 -0.449017   -81.315
 -13.5374 -0.478469  -81.2056
 -12.5254 -0.509256  -81.0987
  -11.512 -0.538717   -80.993
 -10.5066 -0.566565    -80.89
 -9.50548 -0.594356  -80.7867
 -8.50925 -0.622057  -80.6838
 -7.52588 -0.650709  -80.5805
 -6.55928 -0.679447  -80.4812
 -5.61075 -0.707831  -80.3834
 -4.68312 -0.733683  -80.2875
 -3.77418 -0.761467  -80.1923
 -2.89017 -0.788486  -80.1012
-2.03252 -0.81331 -80.0123
 -1.18965 -0.837755  -79.9191
-0.366209 -0.862925  -79.8212
 0.440562 -0.889314  -79.7207
  1.22394 -0.915456   -79.621
  1.98342 -0.940523  -79.5198
  2.72312 -0.964959  -79.4146
  3.44003 -0.992066  -79.3026
 4.13174 -1.01908 -79.1825
 4.80096 -1.04605 -79.0561
 5.44624 -1.07192 -78.9267
 6.06709 -1.09707 -78.7938
 6.66267 -1.12071 -78.6462
 7.23616 -1.14454 -78.4867
 7.79601 -1.16766 -78.3208
 8.34348 -1.18896 -78.1504
 8.87624 -1.21103 -77.9702
 9.39378 -1.23302 -77.7776
 9.89582 -1.25416 -77.5735
 10.3796 -1.27577 -77.3591
  10.844 -1.29782  -77.132
 11.2949 -1.32071 -76.8882
 11.7298 -1.34308 -76.6292
 12.1412 -1.36639 -76.3528
 12.5236 -1.39469 -76.0554
 12.8837 -1.42321 -75.7374
 13.2225 -1.44831 -75.4084
 13.5494 -1.47149 -75.0712
 13.8604 -1.49438 -74.7215
 14.1434  -1.5196 -74.3446
 14.3986 -1.54485 -73.9473
 14.6372 -1.56703 -73.5382
 14.8664 -1.58274 -73.1139
 15.0754 -1.59945 -72.6772
 15.2529 -1.61501 -72.2245
15.3917 -1.6274 -71.757
 15.5133 -1.63515 -71.2888
 15.6221 -1.63944 -70.8168
  15.713 -1.64592 -70.3388
 15.7813 -1.65218 -69.8561
 15.8266 -1.65564 -69.3618
 15.8558  -1.6595 -68.8678
 15.8821 -1.66773 -68.3629
 15.9016   -1.677 -67.8502
 15.9137 -1.68447 -67.3273
 15.9241 -1.68968 -66.7966
 15.9257 -1.69561 -66.2548
  15.917 -1.70259 -65.6988
 15.9026 -1.70918 -65.1266
 15.8796 -1.71561  -64.542
 15.8494 -1.72214 -63.9418
 15.8126 -1.72989 -63.3212
 15.7647 -1.73693 -62.6868
 15.7063 -1.74436 -62.0357
 15.6436 -1.75243 -61.3664
 15.5789 -1.76077 -60.6791
 15.5104 -1.76959 -59.9782
 15.4395 -1.78029 -59.2576
 15.3642 -1.79117 -58.5198
 15.2873 -1.80317 -57.7715
 15.2067 -1.81345 -57.0135
 15.1241 -1.82339 -56.2511
 15.0382  -1.8322 -55.4892
 14.9511 -1.83945 -54.7262
 14.8619 -1.84602 -53.9641
 14.7681 -1.85265 -53.1996
 14.6681 -1.85761 -52.4343
 14.5668 -1.86308 -51.6687
  14.464 -1.87003 -50.9036
   14.36 -1.87737 -50.1425
 14.2542  -1.8854 -49.3813
 14.1482 -1.89342   -48.62
 14.0426 -1.90093 -47.8582
 13.9392 -1.90792 -47.0961
 13.8345 -1.91509 -46.3363
 13.7301 -1.92195 -45.5795
 13.6271 -1.92775 -44.8234
 13.5226 -1.93372  -44.071
 13.4185 -1.93955 -43.3205
 13.3164 -1.94591 -42.5726
 13.2181 -1.95201  -41.831
 13.1181 -1.95898  -41.092
 13.0185 -1.96646 -40.3591
 12.9256 -1.97293 -39.6322
 12.8356 -1.97878 -38.9163
  12.741 -1.98397 -38.2161
 12.6495 -1.99187 -37.5233
 12.5656 -1.99826 -36.8484
 12.4826 -2.00428 -36.1824
 12.3923 -2.00937 -35.5254
 12.3046 -2.01881 -34.8743
 12.2208 -2.02939  -34.229
 12.1375 -2.03824 -33.5861
 12.0558 -2.04795 -32.9497
 11.9746 -2.05886 -32.3217
 11.8917 -2.06924 -31.6967
 11.8096 -2.07895 -31.0736
 11.7291 -2.08845 -30.4514
 11.6492  -2.1001 -29.8326
 11.5695 -2.11228 -29.2176
 11.4889 -2.12259 -28.6053
 11.4087 -2.13159 -27.9969
 11.3266 -2.14185 -27.3927
 11.2444 -2.15305 -26.7903
 11.1621 -2.16504 -26.1913
 11.0798 -2.17785  -25.598
 10.9974 -2.18978 -25.0048
 10.9118 -2.19997 -24.4133
 10.8243 -2.20992 -23.8269
 10.7359  -2.2199 -23.2453
 10.6487 -2.23003 -22.6689
 10.5627 -2.23895 -22.1001
 10.4779  -2.2469 -21.5402
 10.3932 -2.25497 -20.9889
 10.3096 -2.26277 -20.4488
 10.2303 -2.27116 -19.9192
 10.1545 -2.27961 -19.4022
 10.0823 -2.28742 -18.8967
 10.0114 -2.29622 -18.4038
 9.94302 -2.30514 -17.9213
 9.87584 -2.31283 -17.4481
 9.81065 -2.32086 -16.9863
 9.74687  -2.3286 -16.5348
 9.68749 -2.33664 -16.0976
   9.631  -2.3454 -15.6754
 9.57696 -2.35386   -15.27
 9.52276 -2.36055 -14.8819
 9.47091 -2.36745 -14.5147
 9.42391 -2.37413 -14.1694
 9.38233 -2.38076 -13.8453
 9.34321 -2.38579 -13.5408
 9.30561 -2.39104 -13.2528
 9.26846 -2.39628 -12.9768
9.23352 -2.4017  -12.71
 9.19998 -2.40649 -12.4485
 9.16635 -2.41102 -12.1892
 9.13278 -2.41522 -11.9301
 9.09912 -2.41964 -11.6725
 9.06695  -2.4245 -11.4173
 9.03616 -2.42986 -11.1637
 9.00472 -2.43497 -10.9118
 8.97278 -2.43954 -10.6624
 8.94061 -2.44368 -10.4148
 8.90908 -2.44823  -10.168
 8.87633 -2.45253 -9.92293
 8.83926 -2.45647  -9.6801
 8.79788 -2.46025 -9.43962
 8.75473 -2.46409 -9.20136
  8.7077 -2.46728 -8.96392
 8.65936 -2.47037 -8.72709
 8.61266 -2.47426 -8.49266
 8.56883 -2.47798 -8.25832
 8.52334 -2.48138 -8.02417
 8.47473 -2.48404 -7.79222
 8.42447  -2.4869 -7.56216
 8.37768 -2.49088 -7.33313
 8.33585 -2.49466  -7.1052
 8.29652 -2.49817 -6.87765
 8.25771 -2.50212 -6.65094
 8.21886 -2.50619 -6.42547
 8.18149 -2.50972 -6.20093
  8.1454 -2.51333 -5.97778
    8.11   -2.517 -5.75457
 8.07605 -2.52075 -5.53277
 8.04395 -2.52396  -5.3104
 8.01252 -2.52678 -5.08861
 7.98125 -2.52958 -4.86324
 7.94982 -2.53294 -4.62937
 7.91831 -2.53746 -4.38346
 7.88651 -2.54135 -4.12666
 7.85479 -2.54533 -3.85803
 7.82354 -2.54974 -3.57748
 7.79449 -2.55438 -3.28553
 7.76594 -2.55899 -2.98326
 7.73619 -2.56378 -2.67265
 7.70442 -2.56888 -2.35479
 7.67211 -2.57298 -2.02818
 7.64064 -2.57715 -1.69276
  7.6113 -2.58114 -1.34872
  7.58335  -2.58744 -0.997768
  7.55513  -2.59457 -0.639638
  7.52573  -2.60073 -0.273391
 7.49048 -2.60569 0.103052
 7.45277 -2.60867 0.493187
 7.41602 -2.61168 0.891877
 7.3942 -2.6162 1.29559
 7.38644 -2.62308  1.70019
 7.37828 -2.63686  2.09652
 7.35412 -2.65095  2.48537
 7.30875 -2.66221  2.86597
 7.25069 -2.66779  3.23942
 7.18161 -2.67291  3.60831
 7.11578 -2.67839  3.97441
 7.04801 -2.68609  4.33588
 6.96261 -2.69883  4.69376
 6.85817 -2.70938  5.04464
 6.74527 -2.71473  5.38616
 6.62944 -2.71868   5.7196
 6.51336 -2.72248  6.05051
6.39459 -2.7263 6.38062
 6.26728 -2.73119  6.70649
 6.13805 -2.73422  7.03189
 6.01725 -2.73306  7.36076
 5.90707 -2.73208  7.68725
 5.81027 -2.73301  8.01116
 5.73004 -2.73407  8.31691
 5.65849 -2.73103  8.58743
5.59486 -2.7303 8.82128
 5.54469 -2.73249  9.01915
 5.50934 -2.73466  9.18122
 5.48781 -2.73566  9.30882
 5.47233 -2.73601  9.40167
 5.45962 -2.73533  9.45983
 5.45205 -2.73461  9.48682
 5.45305 -2.73331  9.48564
 5.45593 -2.73637  9.47003
 5.45564 -2.74188    9.464
 5.45573 -2.74406  9.46548
 5.45742 -2.74174  9.46339
  5.4579 -2.74008  9.46332
 5.45667 -2.74077  9.46741
  5.4556 -2.74036  9.46803
 5.45615 -2.73996  9.46553
