9
17
14
18
22
23
16
16
17
15
19
15
14
16
13
14
13
15
13
15
12
16
14
14
14
13
26
17
15
14
18
18
17
16
15
31
18
15
17
19
16
18
23
17
54
47
29
28
23
19
16
16
15
27
20
16
27
18
19
18
22
19
27
79
27
17
17
16
58
48
26
25
22
20
17
15
15
16
16
16
16
15
15
18
21
18
18
18
17
16
19
23
16
18
17
24
17
19
33
16
17
15
17
38
18
16
18
16
16
17
45
20
20
83
53
33
26
24
19
25
22
21
22
20
19
21
16
17
15
18
16
16
16
14
17
15
17
19
17
18
18
53
26
20
22
58
27
43
105
22
22
21
20
18
23
19
18
18
43
33
26
22
20
18
17
15
17
41
16
16
19
16
13
14
15
17
21
31
19
19
14
13
13
18
12
13
12
30
11
12
21
12
13
11
12
13
16
12
11
12
10
12
14
11
12
11
11
17
12
15
11
12
13
11
100
13
21
14
14
13
45
15
15
13
14
15
19
14
15
19
13
16
28
30
30
17
22
19
19
17
16
19
15
19
17
15
14
18
15
14
16
14
14
15
15
134
17
22
20
22
28
20
48
22
22
19
57
32
40
24
29
21
22
20
20
21
17
66
39
35
27
21
24
19
20
21
62
32
26
22
20
17
20
14
15
18
16
18
18
18
24
19
62
31
26
19
36
16
18
19
18
22
16
33
17
27
20
19
18
19
18
19
17
14
15
21
27
17
77
39
21
25
20
22
16
14
15
21
15
13
15
16
16
35
53
83
31
22
32
14
15
18
19
17
23
18
19
15
16
23
17
28
17
32
176
20
25
34
18
15
43
30
24
39
19
18
17
14
15
12
13
14
17
19
16
15
16
14
18
15
12
14
12
13
13
14
14
14
21
31
16
16
24
16
21
12
29
15
20
12
15
12
19
14
14
15
22
25
18
19
22
19
17
14
20
17
15
13
16
13
46
17
16
21
17
15
20
17
18
42
15
18
60
29
24
23
21
26
17
21
20
124
18
23
16
15
19
18
16
18
18
56
36
44
21
19
15
14
19
14
14
15
16
46
12
16
16
22
15
16
19
17
18
15
23
16
17
15
41
29
22
25
23
17
16
20
18
19
14
11
13
21
20
16
19
15
18
16
19
19
17
19
19
67
39
24
47
24
16
17
13
17
14
16
16
13
15
82
53
28
65
19
16
13
12
14
18
16
17
14
18
15
15
15
42
37
21
20
18
25
17
18
16
16
17
16
13
13
14
14
13
16
16
16
15
19
18
15
18
66
34
27
24
21
18
19
14
15
18
17
16
17
15
11
15
11
17
15
14
14
12
15
14
14
15
15
15
18
19
15
12
20
18
17
13
17
14
15
14
12
13
14
16
13
12
14
13
23
13
20
13
17
13
16
21
13
14
23
16
13
16
13
15
16
18
17
13
15
15
19
18
17
16
24
15
14
17
18
15
17
18
15
16
16
16
17
22
17
27
17
74
40
93
27
25
19
18
16
24
26
39
38
25
30
22
20
21
19
19
29
21
19
18
57
35
34
22
25
19
17
22
22
20
20
19
17
14
16
29
19
20
106
61
35
35
25
24
18
16
16
18
21
16
19
18
16
15
15
61
26
21
21
17
14
20
15
16
15
16
18
23
21
19
17
65
45
30
63
21
19
47
15
17
18
20
17
17
15
19
21
17
17
17
17
20
14
15
16
27
30
19
19
13
12
17
14
62
13
13
13
16
14
14
14
16
13
16
19
15
51
29
25
21
16
13
19
16
15
13
16
15
16
17
25
23
191
19
19
18
13
14
45
35
23
21
18
33
16
15
15
13
12
15
14
12
13
14
19
14
16
16
15
13
14
15
17
14
14
25
15
16
46
42
27
22
17
15
13
18
16
18
18
65
33
27
20
21
19
19
17
17
16
17
23
23
21
26
24
27
19
15
19
252
20
26
18
23
25
26
26
22
23
45
18
18
21
21
22
23
21
28
19
17
19
17
17
15
13
50
19
20
16
17
14
12
16
17
14
18
13
26
49
37
31
26
23
19
61
21
17
14
14
15
52
56
195
26
68
27
27
59
19
18
18
20
16
16
16
14
16
18
47
32
25
25
21
21
16
14
13
13
13
13
16
51
19
18
14
16
27
16
16
20
16
18
17
40
23
29
23
17
60
22
26
31
24
33
24
67
33
31
27
20
27
27
14
15
17
15
14
14
14
18
16
14
13
15
16
17
18
15
17
77
41
31
34
78
32
20
18
19
16
15
15
18
16
15
16
16
15
16
15
14
16
15
14
15
20
15
14
15
17
23
15
21
14
15
30
23
21
16
15
16
13
18
18
15
15
15
15
17
24
13
16
13
14
15
16
14
14
33
25
22
19
19
14
16
16
15
13
15
25
25
15
15
15
14
16
14
15
25
27
16
15
14
22
16
22
19
18
24
14
14
15
15
16
18
16
15
15
15
15
16
15
16
15
24
17
16
25
14
18
24
23
48
48
19
18
19
59
48
40
26
33
33
25
35
23
18
20
44
24
19
15
58
33
27
23
19
17
13
17
13
13
13
14
60
17
14
18
12
17
16
83
31
22
35
19
16
16
14
17
15
16
19
24
32
40
25
18
15
15
14
16
58
24
24
21
27
19
17
13
21
18
43
30
23
19
18
21
14
16
14
12
13
13
17
17
23
24
17
14
14
15
18
15
18
13
32
48
36
19
20
21
25
19
21
19
15
16
18
15
15
18
21
70
107
28
23
22
19
14
18
17
16
15
18
53
38
42
20
16
27
18
14
14
14
14
16
16
41
16
17
23
17
15
13
22
21
16
19
17
16
15
17
58
41
33
20
69
22
64
21
17
34
47
17
15
18
19
14
15
16
16
15
16
15
14
189
22
18
21
18
19
20
14
15
18
15
16
16
17
18
70
39
27
26
20
66
23
17
55
20
19
16
18
16
16
17
19
22
21
27
22
21
16
52
65
31
22
40
17
17
16
14
17
24
16
16
15
14
14
16
73
32
28
26
22
17
15
20
16
15
15
38
26
60
16
14
25
15
18
14
16
15
16
18
28
26
21
51
18
15
21
15
18
16
16
17
20
63
24
21
15
16
17
17
14
20
12
13
15
18
18
12
59
26
17
15
19
23
22
55
26
23
19
29
21
28
24
38
23
17
17
13
14
14
12
13
12
15
58
37
45
24
18
22
67
19
16
16
22
19
18
15
15
12
14
14
14
16
18
22
40
31
25
36
21
32
21
17
14
32
39
20
14
16
12
12
15
16
20
15
15
16
26
20
24
37
29
27
27
21
22
25
19
19
20
21
15
14
17
19
190
28
77
40
39
30
32
43
27
25
19
44
33
54
17
20
16
15
70
26
22
20
18
32
29
23
39
20
28
18
20
60
37
28
27
22
25
27
25
17
20
24
21
23
23
23
19
20
28
20
17
17
22
54
18
19
22
20
19
18
38
20
19
19
17
18
38
28
36
20
20
18
17
20
18
16
16
16
22
18
18
18
17
19
18
30
26
25
18
17
17
18
19
20
18
17
15
23
19
16
21
67
23
19
69
29
29
21
18
17
17
27
17
14
13
42
25
26
