-0  0 -0
-0.00610731  -0.0208781     1.20777
-0.0104083 -0.0424811    2.41403
 -0.011787 -0.0644519    3.62045
-0.0130794 -0.0854744    4.82129
-0.0131454  -0.106656    6.02104
-0.012821 -0.128736   7.21957
-0.0109683  -0.150605    8.41694
-0.00891569   -0.172525     9.61579
-0.00796669   -0.193783     10.8119
-0.00918943   -0.214672     12.0054
-0.0153932  -0.235068     13.205
-0.0233201  -0.256033    14.3997
-0.0334692  -0.277508    15.5978
-0.0426769   -0.29836    16.7975
-0.0520748  -0.318707    17.9938
-0.063015 -0.339506   19.1967
-0.0748178   -0.36045    20.3977
-0.0869249  -0.380463    21.5968
-0.101236 -0.401528   22.8012
-0.114426 -0.423995   24.0073
-0.128488 -0.446235   25.2102
-0.144564 -0.467304   26.4173
-0.159422 -0.488631   27.6225
-0.176415 -0.508536   28.8213
-0.193481 -0.528423   30.0242
-0.210811 -0.549099   31.2253
-0.231711 -0.570179   32.4252
-0.253529 -0.591511   33.6269
-0.275979 -0.612203   34.8278
-0.298405  -0.63226    36.029
-0.319646 -0.652043   37.2291
-0.343424 -0.671184    38.441
-0.369902 -0.690056   39.6483
-0.397226 -0.708608   40.8555
-0.425177 -0.726616   42.0659
-0.454879 -0.743658   43.2796
-0.484485   -0.7605   44.4907
-0.509509 -0.775394   45.7047
-0.533013 -0.786683   46.9138
-0.554382 -0.793192   48.1287
-0.572176 -0.798599    49.342
 -0.58662 -0.800217   50.5544
-0.602229 -0.804071   51.7642
-0.616192 -0.809415    52.978
-0.628344 -0.816102   54.1881
-0.640456 -0.824788   55.3935
-0.654817 -0.832783   56.6049
-0.671367 -0.841956   57.8166
-0.690414 -0.850178   59.0282
-0.710918 -0.858363   60.2348
-0.731599 -0.866926   61.4426
-0.750767  -0.87648   62.6509
-0.769769  -0.88641   63.8593
-0.788233 -0.895755   65.0657
-0.808363 -0.906468   66.2745
-0.830196 -0.916208   67.4784
-0.855052 -0.923993   68.6792
-0.881118 -0.934721   69.8799
-0.906533 -0.945132   71.0741
-0.931089 -0.954239   72.2641
-0.952167 -0.964417   73.4586
-0.972882 -0.973039   74.6433
-0.986818 -0.984945    75.829
-0.994986 -0.996069   77.0097
-1.00378 -1.00838  78.1887
-1.00725 -1.02438  79.3691
-1.00918 -1.03751   80.546
-1.00784 -1.04864  81.7186
-1.00007 -1.06478  82.8848
-0.986652  -1.08315   84.0456
-0.969081  -1.10417   85.2066
-0.950994  -1.12636   86.3729
-0.928597  -1.14764   87.5289
-0.90114 -1.16829  88.6849
-0.869111  -1.18975   89.8384
-0.83275 -1.21158  90.9971
-0.791986  -1.23422   92.1582
-0.747543  -1.25457    93.318
-0.698913  -1.27339   94.4851
-0.648412  -1.29196   95.6424
-0.595789  -1.31067   96.8051
-0.539176   -1.3301   97.9693
-0.482255  -1.35207   99.1349
-0.422027  -1.37607   100.312
-0.360429  -1.40062   101.499
-0.298227  -1.42481   102.703
-0.235077   -1.4473   103.911
-0.176668  -1.46891   105.126
-0.122572  -1.48933    106.34
-0.0730027   -1.50969    107.556
-0.030312  -1.53054   108.767
0.00961751   -1.55155    109.982
0.0451717  -1.57258   111.203
0.0749484   -1.5933   112.421
0.0993483  -1.61317   113.649
0.117286 -1.63265  114.879
0.128595 -1.65157  116.106
0.135332 -1.67115  117.341
0.134509 -1.69129  118.573
 0.12691 -1.71163  119.811
0.117099 -1.73295  121.045
0.106754 -1.75318  122.292
0.0930485  -1.77379   123.539
0.0785503  -1.79345   124.788
0.065448 -1.81392  126.041
0.0457935  -1.83031   127.293
0.0270209   -1.8456   128.549
0.0114265  -1.85874   129.804
-0.00677968    -1.86991     131.065
-0.0216197    -1.8831    132.325
-0.0383763   -1.89675    133.591
-0.0554118   -1.90829    134.867
-0.0734288   -1.91947     136.14
-0.0889268   -1.92879    137.416
-0.105337  -1.93894   138.687
-0.121971  -1.95112   139.964
-0.140908   -1.9628   141.246
-0.159404   -1.9743   142.525
-0.180051  -1.98627   143.809
-0.198295  -1.99829   145.087
-0.216004  -2.00947   146.368
-0.232371  -2.02596   147.647
-0.247206  -2.04528    148.92
-0.263405  -2.06838   150.199
-0.279495  -2.09494   151.479
-0.29413 -2.12323  152.753
-0.309169  -2.15041   154.028
-0.326037  -2.17725   155.304
-0.343675  -2.20289   156.577
-0.362144    -2.228   157.848
-0.380504  -2.25223   159.122
-0.398943  -2.27659   160.397
-0.420101   -2.3006   161.665
-0.442161  -2.32426   162.938
-0.463776  -2.34816   164.211
-0.488291  -2.37267   165.477
-0.512203  -2.39943   166.749
-0.538932  -2.42576   168.028
-0.566221  -2.45213   169.302
-0.594592  -2.47787   170.588
-0.623233  -2.50292   171.868
-0.653518  -2.52735   173.141
-0.68179 -2.55287  174.416
-0.712067  -2.57905   175.696
-0.743595  -2.60425   176.968
-0.775235  -2.63057   178.242
-0.808025  -2.65808   179.515
-0.838776  -2.68559   180.783
-0.866814  -2.71426   182.049
-0.898974  -2.74029   183.319
-0.930428  -2.76528   184.587
-0.963783  -2.78543   185.846
-0.998785  -2.80591   187.092
-1.03115 -2.82962  188.337
-1.06393 -2.85602  189.585
-1.09605 -2.88307  190.834
-1.12993 -2.90865  192.081
-1.16189 -2.93316  193.326
-1.19416 -2.95693  194.571
-1.22072 -2.98101  195.805
-1.24563 -3.00669  197.037
-1.26855 -3.03313  198.264
-1.29171 -3.05935  199.485
-1.3119 -3.0852 200.702
-1.33493 -3.11005  201.915
-1.35516 -3.13277  203.128
-1.37391 -3.15604  204.334
-1.38992 -3.18027  205.535
 -1.4057 -3.20323  206.733
-1.42017 -3.22709   207.91
-1.43304 -3.25094  209.079
-1.44676 -3.27433  210.237
-1.45995  -3.2984  211.376
-1.47361 -3.32166  212.492
-1.48828 -3.34434   213.59
-1.50402 -3.36687  214.677
-1.51984  -3.3895  215.752
-1.53682 -3.41221  216.813
-1.55626 -3.43324   217.87
-1.57592 -3.45318  218.914
-1.59962 -3.47334  219.945
-1.62538 -3.49291  220.961
-1.6532 -3.5103 221.955
-1.68358  -3.5277  222.925
-1.71662 -3.54681  223.876
-1.75216 -3.56559  224.802
-1.78846 -3.58296  225.703
-1.82652 -3.60102  226.582
-1.86865 -3.61861  227.441
-1.91188   -3.637  228.278
-1.95715 -3.65425  229.094
-2.00078 -3.66991  229.895
-2.0424 -3.6855 230.676
-2.0819  -3.701 231.439
-2.12023  -3.7156  232.185
-2.15785 -3.72951   232.92
-2.19364 -3.74389  233.652
-2.22809 -3.75845   234.38
-2.26225 -3.77359  235.105
-2.29374 -3.78875   235.83
-2.32415 -3.80361  236.549
-2.35213 -3.81908  237.264
 -2.3781 -3.83517  237.978
-2.40262 -3.84995  238.687
-2.42284  -3.8643  239.393
-2.44144  -3.8799  240.094
-2.45909  -3.8959  240.791
-2.47492 -3.91013  241.484
-2.48922  -3.9231  242.176
-2.50281  -3.9365   242.87
-2.51409  -3.9509  243.566
-2.52341 -3.96485  244.268
 -2.5315 -3.97861  244.972
-2.53738 -3.99262  245.676
-2.54193 -4.00719  246.381
-2.54466 -4.02048  247.091
 -2.5456 -4.03429  247.808
-2.54701 -4.04971  248.534
-2.54864 -4.06787  249.264
-2.55258 -4.08487  250.005
 -2.5565 -4.10271  250.755
-2.55763 -4.12051  251.495
-2.55494 -4.14184  252.246
-2.55118 -4.16126  253.016
-2.55602 -4.17663   253.79
-2.56373 -4.19312  254.573
-2.56317 -4.21134  255.365
-2.55634 -4.22496  256.158
  -2.553 -4.23674  256.953
-2.54659 -4.25213  257.756
-2.53663 -4.27093  258.576
-2.52144 -4.29187  259.408
-2.50005 -4.31186  260.253
-2.47578 -4.33016  261.091
-2.45336 -4.34795  261.937
-2.43222  -4.3675  262.784
-2.40713 -4.38655  263.625
-2.37837 -4.40565   264.47
-2.34959 -4.42666  265.318
-2.31917 -4.44895  266.166
-2.28556 -4.46966  267.014
-2.24904 -4.48932  267.858
-2.20754 -4.50871  268.705
-2.16299 -4.52806  269.555
-2.11989 -4.54806  270.405
-2.07788 -4.56777  271.262
-2.03647 -4.58711  272.115
-1.99465 -4.60556   272.97
-1.95355 -4.62568  273.829
-1.91268  -4.6462  274.689
-1.87401 -4.66607  275.549
-1.83758 -4.68636  276.407
 -1.8039 -4.70906   277.27
-1.77214 -4.73242  278.126
-1.74078  -4.7542   278.98
-1.71172 -4.77636  279.832
-1.68409 -4.79793  280.678
-1.66066 -4.81867  281.522
 -1.6436 -4.83795  282.357
-1.63106 -4.85541  283.185
-1.62171 -4.87238  284.002
-1.61503 -4.88972  284.809
-1.61286 -4.90745  285.598
-1.61448 -4.92455   286.37
-1.61855 -4.94179  287.125
-1.62401 -4.96032  287.858
-1.63185  -4.9776   288.57
-1.64643 -4.99565  289.262
-1.66598 -5.01301  289.934
-1.68932 -5.03003  290.585
-1.71989 -5.04762  291.228
-1.76095 -5.06664  291.856
-1.81675 -5.08725  292.474
-1.88562 -5.10342   293.08
 -1.9704 -5.12103  293.678
-2.06685 -5.13649  294.251
-2.17944 -5.15038  294.814
-2.30773  -5.1653  295.359
 -2.4507 -5.17787  295.889
-2.6116 -5.1901 296.407
-2.79261 -5.20271  296.902
-2.99079 -5.21202  297.385
-3.20437 -5.22163  297.844
-3.43028 -5.22781  298.286
-3.67745 -5.23522  298.708
-3.94619 -5.24038  299.118
-4.23178 -5.24374  299.513
-4.53897 -5.24729  299.887
-4.86412 -5.25062  300.236
 -5.2062 -5.25282   300.57
-5.55872 -5.25618  300.872
-5.92763 -5.25501  301.154
-6.30938 -5.25563  301.398
-6.70663 -5.25675  301.606
-7.11315 -5.25923  301.777
-7.51992 -5.25764  301.921
-7.92497 -5.25236   302.04
-8.32194  -5.2463  302.133
-8.72244  -5.2406  302.203
-9.12797 -5.23618  302.245
-9.53183 -5.23094  302.262
-9.95782 -5.22369   302.25
-10.3782 -5.21526  302.221
-10.8176 -5.20036  302.161
-11.2658 -5.18391  302.069
-11.7141 -5.16887  301.953
-12.1682  -5.1488  301.798
-12.6279 -5.12439  301.609
-13.0804 -5.09821  301.383
 -13.533 -5.06725  301.121
-13.9806 -5.03527  300.825
-14.4301 -5.00026  300.489
-14.8773 -4.96531  300.121
-15.3248 -4.93122  299.717
-15.7703 -4.89616  299.283
-16.2175 -4.85901  298.815
-16.6525 -4.82202  298.308
-17.0783 -4.78133  297.757
-17.4879 -4.74085  297.168
-17.8828   -4.702  296.546
-18.2632 -4.66103  295.881
-18.6275 -4.62432  295.182
-18.973 -4.5938 294.446
-19.2948 -4.56683  293.675
-19.5973  -4.5387  292.872
-19.8785  -4.5105   292.04
-20.1323 -4.48622  291.172
 -20.354 -4.45818  290.273
-20.5482 -4.43002  289.346
-20.7101 -4.40512  288.392
-20.8384  -4.3751   287.41
-20.9388 -4.34807  286.399
-21.0083 -4.32579  285.354
-21.0456 -4.30569  284.288
-21.0562 -4.28595  283.201
-21.0353 -4.26652  282.095
-20.9816 -4.24777  280.947
-20.9039 -4.22798  279.789
-20.8006 -4.21074   278.62
-20.6728 -4.19491  277.435
-20.5262 -4.17987  276.229
-20.3674 -4.16522  275.006
-20.2038 -4.14963  273.768
-20.0374 -4.13072  272.499
-19.8707 -4.11182  271.211
-19.7076  -4.0944   269.91
-19.5492 -4.07863  268.605
-19.3916 -4.06205  267.278
-19.2382 -4.04489  265.944
-19.0937 -4.02777  264.606
-18.9571 -4.01076  263.263
-18.8272 -3.99418  261.925
-18.7026 -3.97606  260.583
-18.5855 -3.95936  259.237
-18.4775  -3.9417  257.888
-18.3744 -3.92302  256.525
 -18.281 -3.90375  255.168
-18.1921 -3.88012  253.806
-18.1087 -3.85614  252.447
-18.0282 -3.83463  251.089
-17.9517 -3.81594  249.734
-17.8775 -3.79742  248.376
-17.8051 -3.78092  247.009
-17.7364 -3.76183  245.635
-17.6676 -3.73984   244.26
-17.6021 -3.71785  242.882
-17.5345 -3.69626  241.498
-17.4666 -3.67646  240.109
-17.3972 -3.65815  238.725
-17.3275 -3.63908  237.332
-17.2543 -3.61911  235.943
-17.1768 -3.59567  234.539
-17.098 -3.5722 233.137
-17.0156 -3.54894  231.728
-16.9314 -3.52574  230.317
-16.8502  -3.5035  228.903
-16.7705 -3.48308  227.488
-16.6919 -3.46303  226.067
-16.6105 -3.44328  224.639
-16.5273 -3.42089  223.206
-16.4437 -3.39898  221.773
-16.3621 -3.37649  220.338
  -16.28 -3.35513  218.907
-16.1995 -3.33284  217.466
-16.1172 -3.31019  216.024
-16.0343  -3.2874  214.582
-15.9506 -3.26545  213.133
-15.8684 -3.24462   211.68
-15.7855 -3.22512  210.224
-15.7007 -3.20322  208.764
-15.6161 -3.18306  207.303
-15.5312 -3.16331  205.836
-15.4461 -3.14151  204.371
-15.3635 -3.12137    202.9
-15.2798 -3.10149  201.428
-15.1973 -3.08175  199.958
-15.1161 -3.05971  198.492
-15.0329 -3.03665  197.025
-14.9539 -3.01263  195.553
 -14.875 -2.98879  194.094
-14.7999 -2.96469  192.641
-14.7267 -2.94193   191.18
-14.6544 -2.92022  189.726
-14.5805 -2.89912  188.269
-14.5077 -2.87701  186.823
-14.4369 -2.85557  185.378
-14.3677 -2.83293  183.931
-14.3003 -2.81019  182.489
-14.2357 -2.78651  181.058
-14.1727  -2.7651  179.625
-14.1129 -2.74362  178.198
-14.0577 -2.72194  176.776
-14.0071 -2.69844  175.365
 -13.958 -2.67538  173.964
-13.9098 -2.65359  172.565
-13.8668 -2.63139  171.188
-13.8283 -2.60987  169.832
-13.7939 -2.58805  168.498
-13.7659 -2.56485  167.195
-13.7368 -2.54289  165.907
-13.7093 -2.52055  164.641
-13.6809 -2.49892  163.398
-13.6542 -2.47924   162.19
-13.6282 -2.46146  160.996
-13.6009  -2.4441  159.826
-13.5727 -2.42634  158.683
-13.5464 -2.40839  157.571
-13.5187 -2.39083  156.485
-13.4905 -2.37347  155.428
-13.4644 -2.35491  154.395
-13.4394 -2.33836  153.388
-13.4118 -2.32127  152.401
 -13.387 -2.30629  151.444
-13.3608  -2.2925  150.516
-13.3333   -2.276   149.61
-13.3072 -2.25949  148.724
-13.2794 -2.24568  147.858
-13.2538 -2.23208  147.004
-13.2329 -2.21669  146.165
-13.2102 -2.20217  145.343
-13.1836 -2.19123  144.532
-13.1607 -2.18092  143.738
-13.1421  -2.1694  142.967
-13.1223  -2.1573  142.199
-13.0997 -2.14741  141.441
-13.0784 -2.13809  140.691
-13.0593 -2.12927  139.952
-13.0422 -2.11871  139.221
-13.0252 -2.10767  138.498
-13.0092 -2.09817  137.778
-12.9917 -2.09292  137.062
-12.9759 -2.08788   136.35
-12.9564 -2.08165  135.645
-12.9373 -2.07652  134.937
-12.9224 -2.07109   134.23
-12.9105 -2.06503  133.528
-12.8889  -2.0636  132.834
-12.8629 -2.06283  132.141
 -12.843 -2.05973  131.449
-12.8297 -2.05404  130.756
-12.8065 -2.05299  130.066
-12.7788 -2.05457  129.343
-12.7534 -2.05118  128.603
-12.7297 -2.04858  127.868
-12.7057   -2.047  127.123
-12.6778 -2.04361  126.364
-12.6471 -2.03577  125.592
-12.6115 -2.02732  124.805
-12.5731  -2.0196  124.003
-12.5334 -2.01024  123.183
-12.4924 -1.99897  122.344
-12.4477 -1.98586  121.491
-12.3994 -1.96939  120.622
-12.3466 -1.95376  119.737
-12.2905 -1.93873  118.832
-12.2269 -1.92294  117.906
-12.1581 -1.90922  116.965
 -12.084 -1.89319  116.006
-12.0071 -1.87693  115.033
-11.9232 -1.86123  114.047
 -11.832 -1.84556  113.041
-11.7356 -1.83149  112.018
 -11.634 -1.81957  110.982
-11.5291 -1.80993  109.924
-11.4199 -1.79955  108.854
-11.3089  -1.7924  107.769
-11.1991 -1.78374  106.661
-11.0861 -1.77602  105.528
-10.9711 -1.76826  104.374
-10.8561 -1.75395  103.206
-10.7391 -1.73815  102.026
 -10.619 -1.72328  100.828
 -10.498 -1.71071   99.618
-10.3783 -1.70067  98.3908
-10.2564 -1.68703  97.1425
-10.1358 -1.67434  95.8812
-10.0124 -1.66034  94.6022
-9.89033 -1.64328  93.3153
-9.77039 -1.62467  92.0099
-9.65068  -1.6127   90.694
-9.53523 -1.59974  89.3594
-9.42557 -1.59315  88.0122
-9.31694 -1.58998   86.643
-9.20895 -1.57692  85.2607
-9.10248 -1.55799  83.8643
 -8.9987 -1.53856  82.4563
-8.89868 -1.52271  81.0334
-8.80013 -1.50847  79.5833
-8.70504 -1.49423  78.1199
-8.61289 -1.47912   76.649
-8.52261 -1.46467  75.1722
-8.43505 -1.44862  73.6919
-8.34971 -1.43374  72.2151
  -8.269 -1.41691  70.7419
-8.18991 -1.39941  69.2671
  -8.114 -1.38348  67.7981
-8.03741 -1.36833  66.3286
-7.96087 -1.35191  64.8532
 -7.8856 -1.33603  63.3793
-7.81242 -1.31948  61.9107
-7.74113 -1.30299  60.4359
-7.67062 -1.28532  58.9611
-7.59777 -1.26276  57.4936
-7.52336 -1.23895   56.031
-7.44988 -1.21778  54.5764
-7.37488 -1.20235  53.1224
-7.30006 -1.18964   51.666
-7.22193 -1.17774   50.209
-7.14593 -1.16126  48.7516
-7.06781 -1.14173  47.2955
-6.98913 -1.12032  45.8485
-6.90932 -1.10076  44.4042
-6.83171 -1.08553  42.9637
-6.75639 -1.07336  41.5197
-6.68159 -1.05978  40.0762
-6.6049 -1.0447 38.6305
-6.52804 -1.02781  37.2006
-6.45085 -1.01257  35.7678
 -6.37629 -0.998637   34.3397
 -6.30409 -0.985992   32.9104
 -6.23639 -0.974318   31.4848
 -6.16855 -0.962664    30.064
 -6.09963 -0.951176   28.6465
-6.03043  -0.9382  27.2313
 -5.95843 -0.925405   25.8194
-5.88645 -0.91477  24.4155
 -5.81421 -0.903228   23.0146
   -5.744 -0.891741   21.6172
  -5.6761 -0.879641   20.2199
 -5.61123 -0.865182   18.8298
 -5.54407 -0.850173   17.4393
 -5.47654 -0.836016   16.0563
 -5.40927 -0.825026    14.683
 -5.33784 -0.816325   13.3098
  -5.2665 -0.808348   11.9362
 -5.19715 -0.797735   10.5644
  -5.1309 -0.783849   9.19195
 -5.06934 -0.768043   7.81886
 -5.00902 -0.751106   6.44747
 -4.94646 -0.732687   5.07844
 -4.88203 -0.713602    3.7055
 -4.81385 -0.695765   2.33061
  -4.743 -0.68044 0.956362
 -4.67349  -0.66638 -0.420607
 -4.60728 -0.653137   -1.7941
 -4.54284 -0.640227  -3.17628
 -4.47808 -0.627937   -4.5597
-4.41248 -0.61704 -5.94945
 -4.34482 -0.605542  -7.34318
 -4.27623 -0.592251  -8.73966
 -4.20762 -0.578206   -10.144
 -4.14133 -0.563525  -11.5462
  -4.0754 -0.549038  -12.9553
-4.00967 -0.53677 -14.3615
 -3.94457 -0.527139  -15.7676
-3.87636 -0.51878 -17.1773
 -3.80827 -0.512521  -18.5838
 -3.74198 -0.508078  -19.9941
 -3.67626 -0.504753  -21.4091
 -3.61352 -0.499146    -22.83
 -3.54899 -0.492313   -24.255
 -3.47992 -0.486948  -25.6859
 -3.40738 -0.483158  -27.1162
  -3.3364 -0.479538  -28.5376
 -3.26566 -0.474686  -29.9733
-3.19588 -0.46633 -31.4149
   -3.126 -0.458256  -32.8526
 -3.05531 -0.452364  -34.2878
 -2.98351 -0.446951  -35.7161
 -2.91306 -0.440364  -37.1415
 -2.84338 -0.433024  -38.5667
 -2.77314 -0.425152  -39.9936
  -2.7028 -0.416741  -41.4116
 -2.63155 -0.409906  -42.8264
 -2.5605 -0.40503 -44.2361
 -2.48814 -0.404385  -45.6438
  -2.4139 -0.403913  -47.0524
 -2.33812 -0.400383  -48.4536
 -2.26221 -0.397052  -49.8582
 -2.18678 -0.391992   -51.267
 -2.11117 -0.388776  -52.6783
 -2.03608 -0.384351  -54.0934
 -1.96055 -0.381335  -55.4972
  -1.8874 -0.379134  -56.9007
-1.81714 -0.37793  -58.307
  -1.7487 -0.377162  -59.7116
 -1.67998 -0.376854  -61.1159
 -1.61113 -0.376301  -62.5213
 -1.54246 -0.374605  -63.9279
 -1.47555 -0.371744  -65.3337
 -1.41218 -0.369127  -66.7399
 -1.34804 -0.365844  -68.1455
 -1.28589 -0.365372  -69.5479
 -1.22257 -0.365435  -70.9478
 -1.15871 -0.367827  -72.3397
 -1.09418 -0.371351  -73.7356
 -1.02979 -0.372904  -75.1255
-0.964094 -0.372176  -76.5128
-0.897456 -0.370358  -77.8886
-0.829093 -0.369172  -79.2567
-0.758033 -0.371658  -80.6183
-0.686558 -0.376208  -81.9836
-0.616176 -0.376737  -83.3379
-0.546788 -0.373044  -84.6936
-0.476836 -0.367177  -86.0533
-0.408949 -0.362599  -87.3937
-0.340699 -0.359593  -88.7395
-0.272831 -0.359266  -90.0766
-0.205525 -0.358184  -91.4169
-0.140474 -0.356639  -92.7553
-0.0786792  -0.353818   -94.0872
-0.0145197  -0.350194   -95.4288
0.0459161 -0.348209  -96.7616
 0.105969 -0.346574  -98.0883
 0.165583 -0.343013  -99.4141
 0.222127 -0.339889  -100.732
   0.2781 -0.337845  -102.041
 0.334795 -0.334629  -103.353
  0.38949 -0.331266  -104.657
 0.445768 -0.328332  -105.962
 0.498938 -0.326091  -107.259
 0.549944 -0.324827  -108.554
 0.601121 -0.323346  -109.849
 0.651486 -0.322222  -111.133
 0.701232 -0.318859  -112.409
 0.754324 -0.315763  -113.686
 0.804933 -0.314589   -114.96
 0.856324 -0.312967  -116.235
 0.908238 -0.309777  -117.503
 0.960795 -0.307867  -118.761
  1.01216 -0.304316  -120.013
 1.06263     -0.3 -121.257
  1.11286 -0.297651  -122.496
  1.16282 -0.295387  -123.725
  1.21274 -0.294061  -124.945
  1.26129 -0.292058  -126.159
  1.30858 -0.289564  -127.366
   1.3537 -0.287193  -128.563
  1.39655 -0.285094   -129.75
 1.43723 -0.28222 -130.923
  1.47709 -0.280085  -132.085
  1.51551 -0.277622  -133.227
  1.55158 -0.273722  -134.353
  1.58766 -0.271085  -135.458
  1.62775 -0.265988  -136.544
  1.66308 -0.264196  -137.609
  1.69988 -0.258542  -138.649
  1.73655 -0.252631  -139.664
   1.7671 -0.249739  -140.649
  1.79375 -0.247292  -141.613
  1.81449 -0.243942  -142.563
  1.83775 -0.241881   -143.47
  1.86062 -0.239522  -144.352
  1.88619 -0.237885  -145.198
  1.92119 -0.236889  -146.012
  1.97241 -0.236658  -146.797
  2.04405 -0.237569  -147.555
  2.13773 -0.237025  -148.285
  2.25284 -0.235414  -148.989
   2.3855 -0.236691  -149.656
  2.53565 -0.241337  -150.288
  2.70608 -0.242984  -150.887
   2.9006 -0.243428  -151.449
  3.11771 -0.247898   -151.98
  3.35836 -0.257463   -152.48
  3.62131 -0.269062  -152.952
  3.91262 -0.279329  -153.397
  4.23062 -0.288547  -153.816
  4.57709 -0.298484  -154.215
  4.94124 -0.313569  -154.583
  5.33143 -0.328326  -154.922
  5.73827 -0.339578  -155.228
  6.15657 -0.350634  -155.496
  6.55648 -0.367738  -155.715
  6.97997 -0.386416    -155.9
   7.4174 -0.402725  -156.064
  7.87235 -0.417568  -156.202
  8.31598 -0.434413  -156.326
  8.76743 -0.454074   -156.41
  9.22761 -0.473197  -156.448
  9.69368 -0.491451  -156.465
  10.1473 -0.510139  -156.447
  10.6095 -0.525973  -156.403
 11.0745  -0.5439 -156.321
  11.5434 -0.559685  -156.198
  12.0131 -0.572977  -156.037
  12.4781 -0.575691  -155.838
  12.9462 -0.569759  -155.611
  13.4053 -0.560883  -155.334
  13.8595 -0.545903  -155.018
  14.2946 -0.535708  -154.655
  14.7102 -0.528455  -154.253
  15.1038 -0.519577  -153.812
  15.4814 -0.506443  -153.339
  15.8376 -0.492728  -152.832
  16.1691 -0.481205  -152.288
  16.4734 -0.473524  -151.704
  16.7397 -0.469384   -151.09
  16.9692 -0.464671  -150.449
 17.1557 -0.46594 -149.782
  17.2987 -0.471519  -149.094
  17.4043 -0.475293   -148.38
 17.4822 -0.47901 -147.644
 17.5391 -0.48375 -146.884
  17.5799 -0.490029  -146.099
  17.5994 -0.497208  -145.289
   17.595 -0.502581  -144.453
  17.5647 -0.508865  -143.595
  17.5154 -0.515781  -142.716
 17.4526 -0.52149 -141.817
  17.3802 -0.529971    -140.9
  17.3058 -0.538195   -139.96
  17.2356 -0.547125  -138.996
  17.1645 -0.556383  -138.013
  17.0895 -0.565697  -137.014
  17.0116 -0.574622  -135.996
  16.9276 -0.582003  -134.962
  16.8397 -0.588488  -133.907
  16.7489 -0.594768  -132.834
 16.6566 -0.60122 -131.742
  16.5596 -0.607524  -130.634
    16.46 -0.612779  -129.506
  16.3557 -0.620077  -128.355
  16.2465 -0.629191  -127.181
  16.1364 -0.639986  -125.999
  16.0248 -0.649999  -124.808
  15.9122 -0.660653  -123.596
  15.8002 -0.672313  -122.369
  15.6862 -0.685058  -121.119
  15.5727 -0.698899  -119.857
  15.4617 -0.715772  -118.583
 15.3535 -0.73616 -117.289
  15.2427 -0.756697  -115.975
 15.1316 -0.78166  -114.65
  15.0134 -0.806058  -113.307
  14.8938 -0.832558  -111.954
  14.7686 -0.861391  -110.586
  14.6419 -0.889149  -109.215
  14.5092 -0.917507  -107.829
 14.3727 -0.94341 -106.428
  14.2341 -0.972351  -105.016
 14.0918 -1.00072 -103.591
 13.9428 -1.03126 -102.146
  13.795 -1.06145 -100.685
 13.6432 -1.09045 -99.2038
 13.4935 -1.11732 -97.7156
 13.3437 -1.13917  -96.219
 13.1939 -1.15904 -94.7047
  13.044 -1.17214 -93.1933
 12.8922 -1.18118 -91.6837
 12.7394 -1.18979 -90.1731
 12.5893 -1.19784  -88.661
 12.4417 -1.20756 -87.1533
 12.2943 -1.21847 -85.6494
 12.1491  -1.2306 -84.1387
 12.0025 -1.24255 -82.6348
 11.8573 -1.25208 -81.1185
 11.7117  -1.2635 -79.6076
 11.5663 -1.27446  -78.103
 11.4236 -1.28553 -76.5994
 11.2813 -1.29277 -75.0956
 11.1395 -1.29974 -73.5913
 10.9965 -1.30653 -72.0888
 10.8499 -1.31608 -70.5881
 10.6979 -1.32739 -69.0887
 10.5454 -1.33994 -67.5872
 10.3905 -1.35224 -66.0832
 10.2425 -1.36367 -64.5853
 10.0945 -1.37508 -63.0979
 9.94572 -1.38681 -61.6072
 9.79255 -1.39711 -60.1192
 9.64123 -1.41068 -58.6352
 9.48721 -1.42597 -57.1539
 9.33132 -1.44012 -55.6695
 9.17373 -1.44817 -54.1868
 9.01566 -1.45663 -52.7281
 8.85519 -1.46779 -51.2734
 8.69386 -1.48019  -49.814
 8.53393 -1.49205 -48.3587
 8.37581 -1.50365 -46.9077
 8.22037 -1.51577 -45.4575
 8.06573 -1.52896  -44.004
  7.9129 -1.54164 -42.5594
 7.75987 -1.55341  -41.119
 7.60819 -1.56514 -39.6826
 7.45545 -1.57705 -38.2443
 7.30475 -1.59026 -36.8087
  7.1538 -1.60414 -35.3774
 7.00514 -1.61796 -33.9472
 6.85733 -1.62929 -32.5182
 6.71128 -1.63977 -31.0843
 6.56784 -1.65143 -29.6495
 6.42703 -1.66406 -28.2147
 6.28686 -1.67789 -26.7846
 6.14854 -1.69168 -25.3621
 6.01229 -1.70464 -23.9468
 5.87582 -1.72229 -22.5381
 5.74275   -1.747 -21.1316
  5.6144 -1.77467 -19.7286
5.48764 -1.8027 -18.324
 5.36439 -1.83099 -16.9245
 5.23836 -1.85707 -15.5206
 5.11146 -1.88203 -14.1199
 4.98651 -1.90722 -12.7342
 4.85928 -1.93324 -11.3476
 4.72794 -1.96017 -9.96478
 4.59716 -1.98721 -8.58712
 4.46117 -2.00976 -7.20486
  4.3282 -2.03239  -5.8356
 4.19308 -2.05393 -4.45891
 4.06057 -2.07685 -3.09364
3.92511 -2.1029 -1.7199
  3.78995  -2.12924 -0.346558
 3.65292 -2.15595  1.02309
 3.51694 -2.18085  2.38495
 3.38045 -2.20569  3.74592
3.24481 -2.2304 5.10331
 3.10808 -2.25464  6.46389
 2.97167 -2.28023  7.81914
 2.83612 -2.30547  9.17102
  2.6999 -2.33038  10.5293
 2.56318 -2.35518  11.8872
 2.42633 -2.37992  13.2349
 2.28837 -2.40404  14.5857
  2.1519 -2.42853  15.9366
 2.01403 -2.45327  17.2894
 1.87773 -2.47785  18.6458
 1.73957 -2.50229  19.9968
 1.60187 -2.52641  21.3484
  1.4665 -2.55024  22.6957
 1.32907 -2.57463  24.0458
 1.19262 -2.60088  25.3955
 1.05493 -2.62608  26.7407
0.917392 -2.65108  28.0852
0.780541 -2.67516   29.427
0.644618 -2.69823  30.7609
0.510855 -2.72262  32.0885
0.375125 -2.74632   33.412
0.240175 -2.77104  34.7429
0.105542 -2.79438  36.0652
-0.0262601   -2.81749    37.3806
-0.153478   -2.8405   38.6943
-0.287683  -2.86121   40.0163
-0.422539  -2.88176   41.3334
-0.560737  -2.90214   42.6477
-0.699251  -2.92108   43.9568
-0.842601  -2.94048   45.2582
-0.983824  -2.95762   46.5637
-1.12699  -2.9701  47.8653
-1.26903 -2.97758  49.1623
-1.40998 -2.98397  50.4499
-1.55001 -2.98705  51.7418
 -1.6936 -2.99375  53.0252
-1.83738 -3.00051  54.3027
-1.98325 -3.01012  55.5786
-2.12908 -3.01847  56.8479
-2.27401  -3.0287  58.1168
-2.41967 -3.03921   59.383
-2.56708 -3.04872  60.6462
-2.71476 -3.05867  61.9049
-2.8622 -3.0687 63.1609
-3.00899 -3.08009   64.412
-3.15532 -3.09113  65.6597
 -3.3031 -3.10302  66.9111
 -3.4533 -3.11425  68.1532
-3.60641 -3.12414  69.3919
-3.76076 -3.13644  70.6311
-3.91417 -3.14822  71.8639
-4.06431 -3.15885  73.0907
-4.21023 -3.17012  74.3189
-4.35298 -3.17953  75.5306
-4.48775 -3.19133  76.7333
-4.61769 -3.20279  77.9136
-4.74811 -3.21546  79.0773
-4.87143 -3.23158  80.2256
-4.99041  -3.2433   81.348
-5.10353 -3.25466   82.451
 -5.2098 -3.27064  83.5469
-5.31076  -3.2894  84.6413
-5.40885 -3.30966  85.7361
-5.50533  -3.3306  86.8335
-5.60185 -3.35099  87.9261
-5.69907 -3.37004  89.0156
-5.79396 -3.38994  90.0995
 -5.8875 -3.41034  91.1779
-5.97976 -3.43181   92.257
-6.07057 -3.45209  93.3336
-6.16146 -3.46957  94.4066
-6.25313 -3.48683   95.475
-6.34717 -3.50396  96.5488
-6.44612 -3.52156  97.6183
-6.55011 -3.53931  98.6725
-6.66466 -3.55856  99.7364
-6.63261 -3.56804  100.613
-6.75725 -3.59175  101.684
-6.88828 -3.61484  102.757
-7.02688 -3.63739  103.843
 -7.1744 -3.65766  104.931
-7.32972 -3.67631  106.023
 -7.4932 -3.69449  107.126
-7.66076  -3.7122  108.225
-7.82871 -3.72981  109.334
-7.99245 -3.74766  110.448
-8.14821 -3.76632  111.566
-8.29722 -3.78402    112.7
-8.43718 -3.80236   113.84
-8.56755 -3.82001  114.985
-8.6879 -3.8375 116.145
-8.79364  -3.8563  117.315
-8.88898 -3.87609  118.491
-8.97248 -3.89627   119.67
-9.04795 -3.91589  120.864
-9.11696  -3.9362  122.059
-9.18076 -3.95567  123.263
-9.24123 -3.97314  124.472
 -9.2982 -3.99072  125.698
-9.35177  -4.0067  126.928
-9.39984 -4.01959  128.176
-9.44541 -4.03576  129.422
 -9.4896 -4.05029  130.682
-9.53032 -4.06545  131.945
-9.57615 -4.08349  133.229
-9.62602 -4.09658  134.524
-9.68194 -4.10857  135.828
-9.74475 -4.12194  137.135
 -9.8184 -4.13362  138.453
-9.90178 -4.14635  139.778
-9.99564 -4.15964  141.114
-10.1001 -4.17163  142.467
-10.2127 -4.18378  143.822
-10.3359 -4.19578  145.198
-10.4669 -4.20793  146.576
-10.6039 -4.22433  147.957
-10.7473 -4.24598  149.358
-10.8964 -4.27126   150.76
-11.0475 -4.30139  152.171
-11.2022 -4.33354  153.589
-11.3613 -4.36519  155.026
-11.5238 -4.39518   156.46
 -11.688 -4.42451  157.898
-11.8543 -4.45377  159.338
-12.0234  -4.4819  160.784
-12.1962    -4.51  162.224
-12.3707 -4.53705  163.658
-12.5498 -4.56507  165.098
  -12.73 -4.59546  166.541
-12.9111 -4.62654  167.978
-13.0931 -4.65744   169.42
-13.2732 -4.68857  170.859
-13.4521 -4.71799  172.295
-13.6296 -4.74635  173.729
-13.8061 -4.77556  175.166
-13.9804 -4.80494  176.589
-14.1543 -4.83489  178.017
-14.3248 -4.86615  179.446
-14.4905 -4.89789  180.865
-14.6514 -4.93088  182.275
-14.8124 -4.96148  183.688
-14.9708 -4.98871  185.095
-15.1291 -5.01113   186.49
-15.2855  -5.0348  187.886
-15.4365 -5.06296  189.275
-15.5859 -5.09245  190.659
-15.7339 -5.12168  192.047
-15.881 -5.1498 193.435
-16.0276 -5.17658   194.82
 -16.172 -5.20413  196.195
-16.3171 -5.23345  197.564
-16.4632 -5.26366  198.935
-16.6106 -5.29389    200.3
-16.7578  -5.3228  201.664
-16.9062 -5.34954  203.023
-17.0554 -5.37536  204.385
-17.2043 -5.40238  205.745
-17.352 -5.4282 207.097
-17.4992  -5.4558  208.452
-17.6452  -5.4839    209.8
-17.7908 -5.51245  211.136
-17.9363 -5.54089  212.469
-18.0809 -5.56861  213.795
-18.2251 -5.59582  215.109
-18.3691 -5.62305  216.409
-18.5147 -5.64939  217.692
-18.6589 -5.67382  218.954
-18.8034 -5.69831  220.194
-18.9481 -5.72182  221.411
-19.0894 -5.74247  222.595
-19.2302 -5.76528  223.751
-19.3718 -5.78855  224.876
-19.5127 -5.81114  225.972
-19.6543 -5.83338  227.035
-19.7964 -5.85602   228.07
-19.9389  -5.8778  229.072
-20.0767  -5.8978  230.042
-20.2098 -5.91727  230.978
-20.3394 -5.93646  231.881
-20.4666 -5.95313  232.751
-20.5883 -5.96836  233.587
-20.7091  -5.9847  234.395
-20.8282 -6.00131  235.183
-20.9435 -6.01847  235.959
-21.0545 -6.03583  236.732
-21.1594 -6.05315  237.508
-21.2588  -6.0699  238.285
-21.3537 -6.08574  239.058
-21.4465  -6.1031  239.826
-21.5364 -6.12049   240.59
-21.6237 -6.13689  241.349
-21.7083 -6.15143  242.104
-21.7896 -6.16681  242.856
-21.8682 -6.18256  243.607
-21.9453 -6.19757  244.353
-22.0201 -6.21222  245.096
-22.0945 -6.22706  245.834
-22.1685 -6.24123  246.572
-22.2435 -6.25507   247.31
-22.317 -6.2703 248.059
-22.3912 -6.28747  248.818
-22.4663 -6.30639  249.577
-22.5457 -6.32415  250.341
 -22.624 -6.34209    251.1
-22.6978 -6.36307  251.863
-22.7715 -6.38184  252.636
-22.8473 -6.39959   253.42
-22.9317  -6.4159  254.212
-23.0097 -6.43411   255.01
-23.0804 -6.44889  255.802
-23.1523 -6.46055  256.598
-23.2248 -6.47422  257.399
-23.2949 -6.49219  258.209
 -23.364 -6.51082   259.03
-23.4274 -6.53018  259.854
-23.4871 -6.54714  260.683
-23.5507 -6.56486   261.52
-23.6176 -6.58405  262.359
-23.6828 -6.60181  263.208
-23.7451 -6.62002  264.066
-23.8072  -6.6408  264.935
-23.8699 -6.66264  265.813
-23.9326 -6.68429  266.703
-23.9935  -6.7044  267.596
-24.0527 -6.72448    268.5
-24.1143 -6.74558  269.417
-24.1758 -6.76691  270.338
-24.2369 -6.78811  271.263
-24.3002   -6.808  272.199
-24.3655 -6.82841  273.138
-24.4324 -6.84992  274.079
-24.5005 -6.87185  275.021
-24.5707 -6.89238  275.961
-24.6447  -6.9149  276.899
-24.7221 -6.93927  277.839
-24.8016 -6.96292  278.774
-24.8823 -6.98638  279.706
-24.9644 -7.00903  280.639
-25.0484 -7.03054   281.57
-25.1349 -7.05105  282.499
-25.2222 -7.07024  283.424
-25.3091 -7.09055  284.348
-25.3938 -7.11119  285.265
-25.4813 -7.13181  286.175
-25.5698 -7.15176  287.081
-25.6581 -7.17152  287.976
-25.7454 -7.19448  288.842
-25.8325 -7.21476  289.686
-25.9186 -7.23767  290.516
-26.0052  -7.2605  291.342
-26.0938 -7.28667  292.168
-26.1824 -7.30865  292.997
-26.2696 -7.33294  293.825
-26.3544 -7.35677  294.644
-26.4401 -7.38067  295.468
-26.5225 -7.40492  296.291
-26.6044 -7.42805  297.116
-26.6858  -7.4534  297.929
-26.7662 -7.47327  298.747
-26.8488 -7.49301  299.557
-26.9309 -7.51142  300.362
-27.0127 -7.52816  301.166
 -27.097 -7.54405   301.97
