-0  0 -0
-0.00547834  -0.0207116      1.3329
-0.0104585 -0.0422006    2.66375
-0.0150825 -0.0621897    3.99036
-0.0217914 -0.0824194    5.32101
-0.0291447  -0.103253    6.66088
-0.0343284  -0.123113    8.00608
-0.0412877  -0.142638    9.33941
-0.0504352   -0.16191    10.6836
-0.0630083  -0.182487     12.029
-0.0781705  -0.205177    13.3766
-0.0925746  -0.229439    14.7281
-0.105246 -0.252871   16.0834
-0.112486 -0.273291   17.4426
-0.115979 -0.293252   18.8007
-0.120857 -0.312378   20.1628
-0.127673 -0.331471   21.5216
-0.139656 -0.355661   22.8912
-0.152827    -0.376   24.2612
-0.161419 -0.397389   25.6352
-0.165372 -0.412789   27.0156
-0.165573 -0.429465   28.3843
  -0.1701 -0.448547   29.7585
-0.175919 -0.470922   31.1476
-0.186116  -0.49648   32.5262
-0.194439 -0.522742   33.9119
-0.201777 -0.549215   35.3031
-0.209306 -0.576178    36.704
-0.217715 -0.601451    38.107
-0.230942 -0.626643   39.5145
-0.242534 -0.651587   40.9223
 -0.25372 -0.676694   42.3309
-0.261738 -0.701341   43.7405
   -0.269 -0.726203   45.1559
-0.277718 -0.750678   46.5702
 -0.28728 -0.776012    47.994
-0.298863 -0.799769   49.4123
-0.313207 -0.824281   50.8343
-0.328773 -0.846941   52.2635
-0.345829 -0.871294   53.7039
-0.361633 -0.894983   55.1437
 -0.37665 -0.918201   56.5836
-0.391293  -0.94078   58.0136
-0.406952 -0.964172    59.445
-0.422374 -0.987946   60.8745
-0.437581  -1.01133   62.3048
-0.451558  -1.03475   63.7331
-0.46473 -1.05875  65.1538
-0.480414  -1.08401   66.5785
-0.497265  -1.10943   68.0055
-0.515135  -1.13458   69.4117
-0.533993   -1.1579   70.8375
-0.552301  -1.18083    72.241
-0.56985 -1.20249  73.6511
-0.585433  -1.22555   75.0533
-0.598206  -1.24895   76.4686
-0.607962   -1.2717    77.868
-0.615811  -1.29519    79.266
-0.622879  -1.31919   80.6501
-0.630433    -1.344   82.0486
-0.640365   -1.3684   83.4427
-0.65094 -1.39199  84.8334
-0.663101  -1.41618   86.2162
-0.676391  -1.43879   87.6075
-0.688869   -1.4608   89.0046
-0.699625  -1.48301   90.3765
-0.713119  -1.50473   91.7606
-0.728798  -1.52615   93.1447
-0.745178  -1.54792   94.5279
-0.762206  -1.57087   95.8874
-0.779208  -1.59418    97.246
-0.79775 -1.61785  98.6071
-0.817013  -1.64207   99.9665
-0.834933  -1.66542    101.32
-0.852929  -1.68864    102.67
-0.86904 -1.71147  104.018
-0.884842  -1.73351   105.355
-0.900449  -1.75757    106.69
-0.913523  -1.78197   108.032
-0.925992  -1.80551   109.375
-0.938382  -1.82757   110.721
-0.949931  -1.84999   112.057
 -0.9638 -1.87335  113.393
-0.977219   -1.8986   114.731
-0.99075 -1.92545   116.07
-1.00092 -1.95187  117.419
-1.00594 -1.97678   118.77
-1.00728 -1.99905  120.112
-1.00986 -2.02044  121.457
 -1.0138 -2.04206  122.808
-1.01764 -2.06379  124.167
 -1.0183 -2.08627  125.515
-1.01767 -2.10963  126.857
-1.01463 -2.13351  128.216
-1.00935 -2.15762  129.574
-1.00227  -2.1815  130.928
-0.993629  -2.20469   132.282
-0.984229  -2.22657   133.639
-0.97543 -2.24789  134.988
-0.96586 -2.27074   136.33
-0.958923  -2.29125    137.68
-0.952325  -2.31205   139.031
-0.945626  -2.33367   140.377
-0.941879  -2.35458    141.72
-0.939501  -2.37575   143.076
-0.940133  -2.39705   144.427
-0.939416  -2.42162   145.785
-0.933282  -2.44461   147.135
-0.923644  -2.46848   148.488
-0.914109  -2.48842   149.828
-0.911925  -2.51061   151.181
-0.915642  -2.53587   152.526
-0.925161   -2.5663   153.872
-0.931085  -2.59828   155.228
-0.930843   -2.6288   156.585
-0.925429  -2.65666   157.941
-0.920439  -2.68013   159.294
-0.917942  -2.70371   160.647
-0.921617  -2.72736   162.001
 -0.9276 -2.75145  163.352
-0.931575  -2.77532   164.704
-0.934721    -2.799   166.057
-0.935076  -2.82433   167.419
-0.935698  -2.85067   168.784
-0.936713  -2.87716   170.148
-0.939552  -2.90723   171.511
-0.94586 -2.93949  172.878
-0.952961  -2.97118   174.257
-0.957627  -3.00273   175.634
-0.957857  -3.03087   177.023
-0.953518  -3.05649   178.414
-0.950473   -3.0814   179.807
-0.950854  -3.10825   181.207
-0.957448   -3.1395   182.598
-0.971407  -3.17477       184
-0.986188  -3.21098   185.411
-0.999325  -3.24354   186.826
-1.00984  -3.2744  188.244
-1.01818   -3.302  189.671
-1.02517 -3.32978   191.11
-1.02868 -3.35718  192.537
 -1.0301 -3.38454  193.959
-1.03091 -3.41158  195.399
-1.02967 -3.43746  196.839
-1.02858 -3.46267  198.285
-1.03219 -3.49078  199.722
-1.04334 -3.52218  201.148
-1.05958 -3.55752  202.592
-1.07484 -3.59252  204.035
-1.08032 -3.62276    205.5
-1.07838 -3.65064  206.954
-1.07371 -3.67965   208.41
-1.07165 -3.71069  209.867
-1.07331  -3.7432  211.336
-1.07885 -3.77527  212.807
-1.08648 -3.80697  214.274
-1.09239 -3.83827  215.747
-1.09801 -3.86989  217.221
-1.10327 -3.90244  218.691
-1.11086 -3.93642   220.18
-1.11897 -3.97128  221.676
-1.12708 -4.00554  223.169
 -1.1378 -4.04035  224.659
-1.14659 -4.07459  226.161
-1.15651 -4.11017  227.668
 -1.1655 -4.14578   229.17
 -1.1753 -4.18142  230.684
 -1.1841 -4.21732  232.195
-1.19224 -4.25394   233.71
-1.20123 -4.28969  235.227
-1.20985 -4.32619  236.738
-1.21811 -4.36233  238.257
-1.22799 -4.39801  239.779
-1.23667 -4.43162  241.308
-1.24286 -4.46443  242.828
  -1.249 -4.49765  244.349
-1.25484 -4.53182  245.869
-1.26079 -4.56772  247.391
-1.26483 -4.60352  248.916
-1.26843 -4.63975  250.453
-1.27327 -4.67403  251.987
-1.27963 -4.70886  253.528
-1.28721 -4.74261  255.065
-1.29302 -4.77724  256.607
 -1.2963 -4.81137  258.146
-1.29853 -4.84528  259.682
-1.29897 -4.87926  261.224
-1.29921 -4.91333  262.762
-1.30242  -4.9476  264.296
-1.30478 -4.98177   265.83
  -1.307 -5.01505  267.377
-1.30805 -5.04485  268.913
-1.31024 -5.07601  270.463
-1.31449 -5.10946  272.004
-1.31847 -5.14388  273.543
-1.32137 -5.17816  275.085
-1.32181 -5.21385  276.636
-1.32073 -5.24875  278.172
-1.31849 -5.28459  279.721
-1.31378 -5.32124  281.292
-1.30448 -5.35851  282.854
-1.29421 -5.39614  284.422
-1.28292 -5.43209  285.967
-1.27264 -5.46976  287.525
-1.26181 -5.50752  289.101
-1.25227  -5.5474  290.656
-1.24471 -5.58416  292.186
 -1.2371 -5.62374  293.745
-1.23206 -5.66329  295.345
-1.22934 -5.70475  296.916
-1.22647 -5.74602  298.492
-1.22484 -5.78612   300.08
-1.22666 -5.82476  301.673
-1.22862 -5.86177  303.272
-1.22896 -5.89797  304.875
-1.22519 -5.93439  306.481
-1.21907 -5.97228  308.088
-1.21396 -6.01243   309.69
-1.21098 -6.05508  311.297
-1.21208 -6.10004  312.907
-1.21565 -6.14494  314.535
 -1.2225 -6.18789  316.164
 -1.2256 -6.22657  317.808
 -1.2283 -6.26171   319.44
-1.23081 -6.29835  321.084
-1.23394 -6.33739  322.732
-1.23891 -6.37817  324.381
-1.24285 -6.41872  326.017
-1.24833 -6.46061  327.646
-1.25154 -6.50298  329.278
-1.25275 -6.54516   330.91
-1.25127  -6.5857  332.542
-1.24917 -6.62472  334.176
 -1.2507 -6.66544  335.801
  -1.255 -6.70684  337.421
-1.25999 -6.75111  339.043
-1.26554  -6.7968  340.664
-1.27123 -6.84029  342.268
-1.27853 -6.88131  343.884
-1.28745 -6.92009  345.499
-1.29821 -6.95868  347.094
-1.31003 -7.00043  348.706
-1.32376 -7.04079  350.315
-1.33918 -7.08018  351.912
  -1.355 -7.12083  353.521
-1.37191 -7.16186  355.129
-1.38854 -7.20363  356.725
-1.40426 -7.24615  358.319
-1.42229 -7.28797  359.925
-1.43895 -7.33136  361.525
-1.45683 -7.37502   363.12
-1.47176  -7.4186  364.716
-1.48706 -7.46219  366.314
-1.50207 -7.50443  367.924
-1.51675 -7.54557  369.531
-1.53443 -7.58713  371.139
-1.55276 -7.62971  372.739
-1.57012 -7.67178   374.35
-1.58557 -7.71389   375.96
-1.59945 -7.75582  377.561
-1.61392 -7.79892  379.177
-1.62893 -7.84282  380.793
-1.64594 -7.88515  382.396
-1.66434 -7.92841  384.012
-1.68176 -7.97135  385.626
-1.69813 -8.01445  387.236
-1.71358 -8.05802  388.854
-1.72799 -8.10212  390.469
-1.74199 -8.14632  392.088
-1.75706 -8.18962  393.711
 -1.7725 -8.23252  395.331
