9
17
16
15
15
22
25
20
14
16
18
126
20
17
15
50
31
25
21
21
18
28
18
16
16
13
15
15
13
13
16
19
17
15
17
17
16
19
27
23
21
19
17
13
26
15
17
57
24
13
14
15
18
23
22
18
17
43
12
46
159
15
16
20
15
13
16
14
13
12
18
14
15
18
39
16
20
21
17
17
16
15
14
16
55
29
23
20
17
15
12
16
15
15
24
16
16
16
18
15
28
19
17
16
16
18
53
31
24
22
17
15
14
13
15
18
14
19
18
19
13
149
17
25
32
20
16
15
16
16
18
16
42
28
21
17
14
38
10
12
15
14
13
16
12
30
12
12
12
12
11
12
14
12
13
17
13
14
13
14
14
14
14
15
13
16
17
14
18
17
15
14
13
12
13
22
19
20
46
14
39
17
22
14
13
15
19
24
16
17
28
23
48
32
24
22
18
118
19
15
21
13
14
13
12
12
13
42
30
20
18
17
24
14
14
12
13
14
17
12
18
15
13
14
14
13
15
16
16
13
15
14
19
14
14
14
16
15
16
15
16
15
15
16
14
13
19
19
14
13
13
17
15
15
13
19
14
72
45
25
26
18
17
17
15
17
16
15
16
16
16
11
12
21
18
15
12
11
16
12
13
14
17
96
16
12
13
16
14
13
18
60
36
33
19
16
42
13
15
15
13
18
15
15
15
41
29
24
18
15
19
12
13
11
28
12
14
13
18
14
16
17
59
30
25
22
20
20
14
15
15
14
12
13
14
18
20
58
17
13
13
13
13
12
15
14
17
13
12
11
12
13
13
12
14
14
18
13
13
15
15
18
15
17
15
22
17
52
31
21
17
16
14
12
13
12
12
14
15
44
35
27
175
21
16
20
21
16
15
26
18
14
34
27
24
19
18
16
146
18
18
15
18
17
20
18
16
16
58
34
26
26
23
21
17
16
17
16
16
16
53
34
41
19
19
15
15
16
13
15
16
15
13
18
13
14
12
13
17
11
11
18
18
13
14
18
18
18
14
11
24
16
16
45
28
22
23
21
24
20
17
16
19
20
20
15
16
13
12
19
14
18
14
12
19
18
14
13
16
18
14
14
14
16
15
13
12
15
15
12
17
14
13
14
44
38
23
19
32
18
15
14
13
15
12
17
11
12
12
12
42
34
17
17
24
13
22
11
12
14
14
14
12
13
12
15
13
71
30
27
19
18
17
17
14
13
27
16
14
18
22
16
17
13
18
14
17
14
17
13
16
20
13
12
14
12
14
33
39
45
33
28
19
19
16
15
16
14
13
14
14
20
14
51
27
20
22
18
16
14
15
14
16
22
50
33
24
23
16
36
16
13
14
19
15
13
14
13
13
12
32
21
15
17
16
20
30
19
19
56
30
26
22
28
18
20
26
21
19
19
21
19
33
21
22
24
21
18
31
21
35
27
19
18
23
16
18
16
19
15
23
18
15
17
22
21
32
24
20
19
20
93
36
31
27
20
19
21
17
18
19
15
15
15
18
17
14
16
16
50
26
22
20
16
16
15
15
17
15
15
18
20
17
25
17
58
42
32
36
35
19
25
43
17
15
17
21
15
25
19
74
36
27
23
19
22
20
20
17
34
21
20
30
21
15
15
30
48
47
29
26
23
24
37
28
19
18
15
16
45
30
22
19
18
16
15
20
19
23
15
120
18
149
15
17
25
18
15
32
19
22
20
18
15
16
15
19
18
17
16
21
15
36
31
21
17
15
143
17
24
18
26
24
22
34
33
53
27
16
16
14
18
15
13
46
30
32
18
169
24
21
16
20
18
12
15
158
13
21
18
17
51
18
17
15
14
16
17
15
36
25
21
17
17
16
18
21
16
25
19
23
23
19
22
50
29
23
18
18
15
18
17
15
16
24
15
17
15
16
19
16
17
18
14
14
14
14
24
21
16
61
34
25
29
19
18
18
17
25
20
19
17
25
119
19
21
44
28
22
20
17
20
18
22
17
16
17
16
20
15
23
20
16
16
17
48
33
49
22
18
21
22
20
16
19
17
16
16
21
27
20
17
17
15
48
20
26
14
16
25
15
15
15
15
13
12
12
14
19
15
18
19
15
13
15
14
16
22
59
28
25
20
15
13
17
17
14
17
23
15
20
17
54
35
31
17
21
23
16
15
14
14
14
15
15
16
18
15
14
45
38
33
23
17
15
14
13
40
17
15
40
22
20
17
17
13
15
16
17
17
18
13
43
41
25
20
17
16
13
17
15
13
13
14
16
13
19
16
24
19
27
22
17
16
15
15
14
15
15
14
15
57
41
35
22
22
17
17
14
14
13
12
12
13
42
14
36
13
12
12
12
11
11
11
13
36
17
134
19
17
26
16
21
13
14
14
15
15
15
14
16
16
16
17
54
37
32
25
17
19
15
13
14
15
14
13
15
13
14
24
21
20
15
15
14
13
16
13
16
15
15
12
12
15
20
16
14
22
130
19
16
21
19
17
20
13
13
15
16
19
35
26
24
20
21
18
16
73
21
18
16
28
19
18
48
18
18
15
17
18
18
19
15
15
15
50
18
15
14
15
14
15
14
15
13
16
13
15
13
15
18
15
13
14
14
14
15
16
16
22
16
18
15
17
18
17
16
16
17
41
28
21
21
17
20
15
16
15
15
17
17
16
14
14
16
16
18
15
16
48
49
27
23
18
20
16
15
15
15
15
15
16
14
15
16
14
16
17
19
17
16
