-0  0 -0
  0.0108584 -0.00149931    0.127108
  0.0280065 -0.00260083    0.271535
  0.0561074 -0.00297604    0.432886
  0.0991636 -0.00358052    0.607733
   0.158109 -0.00349865     0.79224
   0.230725 -0.00259629    0.989549
    0.31422 0.000142916     1.19751
  0.411213 0.00438382    1.41613
  0.532566 0.00436213    1.64347
  0.682622 0.00356954    1.87346
   0.83518 0.00619748    2.09477
 0.998305 0.0101507   2.31793
  1.18367 0.0159641   2.54175
  1.39245 0.0221731   2.75927
  1.62102 0.0277991   2.97284
 1.86966 0.035856  3.18403
  2.14389 0.0486199    3.3952
  2.44197 0.0647095   3.60841
  2.76308 0.0798616   3.82431
  3.11175 0.0953425   4.03512
 3.48881 0.112395   4.2398
3.89412 0.12963 4.44283
 4.32455 0.148293  4.64248
 4.78286 0.168244  4.83316
 5.27126 0.191154  5.01497
5.78791 0.21381 5.19262
 6.32907 0.237083  5.36972
 6.89799 0.260424  5.54757
 7.49577 0.282834  5.72832
8.12012 0.30485 5.91206
 8.76773 0.328713  6.10005
 9.44082 0.354499  6.28867
 10.1348 0.382406  6.47441
 10.8513 0.411612  6.65838
 11.5875 0.442588  6.83934
 12.3453 0.474802  7.01678
 13.1182 0.508726  7.19052
 13.9033 0.544723  7.35919
 14.6972 0.580463  7.51653
 15.4947 0.616857  7.66421
 16.2969 0.654306  7.80106
 17.1066 0.693043  7.92778
 17.9219 0.731628  8.04031
 18.7435 0.768095  8.13665
 19.5751 0.804311  8.21451
 20.4128 0.840023  8.26552
21.2538 0.87434 8.28671
 22.0949 0.904881  8.27679
 22.9367 0.934288  8.23791
 23.7773 0.962542  8.17258
 24.6162 0.987054  8.08167
25.4521 1.00825 7.95583
26.2801 1.02587 7.79902
27.1068 1.03963  7.6155
27.9292 1.04808 7.40644
 28.745 1.05253 7.17041
29.5504 1.04899 6.91641
30.3399 1.03644 6.64755
31.1181 1.01688 6.36542
  31.887 0.987561  6.06622
 32.6476 0.944863   5.7424
 33.4016 0.894813  5.39792
 34.1502 0.842952  5.03456
 34.8813 0.791281  4.65784
 35.6026 0.742488  4.26043
 36.3071 0.696268  3.86691
 37.0045 0.651775   3.4673
 37.6964 0.606959  3.06273
38.3838 0.55869 2.66132
 39.0656 0.511992  2.24968
 39.7414 0.468574  1.82068
 40.4233 0.422119   1.3806
 41.1144 0.378334 0.937105
 41.8208 0.334032 0.485466
  42.5423  0.286773 0.0257629
  43.2831  0.236799 -0.431383
  44.0416  0.188025 -0.889243
 44.8174 0.137898 -1.34986
 45.6099 0.086141 -1.81076
  46.4209 0.0342717  -2.27303
   47.2505 -0.0189906   -2.74448
  48.0908 -0.073206  -3.22411
  48.9409 -0.128212  -3.71382
  49.8025 -0.182675  -4.21403
  50.6746 -0.237695  -4.72168
 51.5538 -0.29295 -5.23318
  52.4425 -0.349864  -5.74958
  53.3359 -0.407759  -6.26603
  54.2284 -0.467088  -6.78359
  55.1174 -0.526036  -7.29787
  56.0042 -0.585063  -7.80901
  56.8922 -0.643379  -8.31963
  57.7781 -0.700664  -8.82579
 58.6647 -0.75506 -9.32758
  59.5518 -0.809387  -9.82913
  60.4352 -0.864251  -10.3266
  61.3177 -0.920853  -10.8234
  62.1925 -0.978858  -11.3189
 63.0632 -1.03743 -11.8178
 63.9266 -1.09533 -12.3237
 64.7865 -1.15347 -12.8371
 65.6409 -1.20995 -13.3484
 66.4868 -1.26368 -13.8664
 67.3216 -1.31817 -14.3833
 68.1458 -1.37587 -14.8947
 68.9709 -1.43477 -15.4139
 69.7882 -1.49222 -15.9363
 70.6088 -1.54336 -16.4674
 71.4296  -1.5942 -16.9979
 72.2397 -1.63836 -17.5232
 73.0409 -1.67634 -18.0427
 73.8371 -1.72019 -18.5645
 74.6315 -1.76487  -19.094
 75.4258 -1.81473 -19.6237
 76.2201    -1.86 -20.1432
 77.0141 -1.89901 -20.6604
 77.8088  -1.9397 -21.1731
 78.6068  -1.9769 -21.6751
 79.4039 -2.00616 -22.1741
 80.1984 -2.03924 -22.6875
 80.9879 -2.07407 -23.1969
 81.7774 -2.10354 -23.6942
 82.5683 -2.13641 -24.1892
 83.3637 -2.17385 -24.6799
 84.1684 -2.20328 -25.1492
 84.9784  -2.2321 -25.6034
 85.7922 -2.26324 -26.0516
 86.6107 -2.29393 -26.4867
 87.4298 -2.31907 -26.9072
 88.2524  -2.3481 -27.3198
 89.0797  -2.3843 -27.7181
  89.904 -2.41386 -28.1051
 90.7309 -2.44758 -28.4769
 91.5779 -2.49005 -28.8403
 92.4256 -2.53317 -29.1931
 93.2668  -2.5765 -29.5312
 94.1094 -2.62194 -29.8575
 94.9511 -2.66689 -30.1781
 95.7944 -2.71919  -30.499
 96.6394 -2.77458 -30.8205
 97.4793 -2.82836 -31.1361
  98.326  -2.8804 -31.4458
 99.1762 -2.93325  -31.752
 100.022  -2.9855 -32.0506
 100.877 -3.03184 -32.3358
 101.729 -3.07804 -32.6106
 102.573 -3.12809 -32.8913
 103.416  -3.1774 -33.1687
 104.275 -3.22598 -33.4392
 105.136 -3.27849 -33.7047
 105.998 -3.32853 -33.9634
 106.858  -3.3746 -34.2131
 107.715 -3.42341 -34.4573
 108.571 -3.47219 -34.6917
 109.434 -3.52358 -34.9246
 110.291 -3.57401 -35.1544
 111.156 -3.62469 -35.3799
 112.021 -3.67535 -35.5933
 112.888 -3.72566 -35.7913
 113.757 -3.77592 -35.9848
 114.636 -3.82677 -36.1872
 115.511 -3.87701 -36.3856
 116.382 -3.92595 -36.5739
 117.253 -3.97259 -36.7665
  118.13  -4.0191 -36.9601
 119.002   -4.068 -37.1408
 119.877 -4.11244 -37.3107
 120.748 -4.15604 -37.4776
 121.619 -4.20467 -37.6414
 122.493 -4.25079 -37.8061
 123.369 -4.29336  -37.976
124.244 -4.3378 -38.142
 125.115 -4.37896 -38.3052
 125.971 -4.41851 -38.4648
 126.824 -4.45761 -38.6237
  127.68 -4.49855 -38.7782
 128.534 -4.54522 -38.9334
 129.384 -4.58871 -39.0955
 130.221 -4.62839 -39.2483
 131.064 -4.67616 -39.3888
 131.897  -4.7244 -39.5302
 132.723 -4.77405  -39.682
 133.547 -4.82559 -39.8325
 134.366 -4.87787 -39.9755
 135.182 -4.92728 -40.1285
 135.997 -4.97869 -40.2821
  136.81 -5.02768 -40.4285
 137.623 -5.07317 -40.5689
 138.426 -5.12088 -40.7034
 139.224 -5.16441 -40.8305
 140.026 -5.20442 -40.9476
 140.827 -5.25273 -41.0584
 141.628 -5.29877  -41.164
 142.413 -5.34042 -41.2562
   143.2 -5.38274 -41.3302
 143.985 -5.42711  -41.395
 144.776 -5.47523 -41.4517
  145.55 -5.52663  -41.488
 146.315 -5.57877 -41.5063
 147.081 -5.63166 -41.5192
 147.845 -5.68734  -41.527
 148.613 -5.74841 -41.5213
 149.378  -5.8124 -41.5056
 150.131 -5.87643 -41.4837
 150.879 -5.93619   -41.46
 151.629 -5.99454 -41.4338
 152.384    -6.06 -41.4094
 153.137 -6.13167 -41.3892
 153.887 -6.19312 -41.3752
 154.631 -6.24931 -41.3649
 155.374 -6.31134 -41.3564
 156.115 -6.37436 -41.3485
 156.859 -6.42858 -41.3455
 157.599 -6.48598 -41.3461
 158.338 -6.54821 -41.3559
 159.071 -6.60371 -41.3665
 159.797 -6.65921 -41.3771
 160.523 -6.71936 -41.3924
 161.241 -6.77866 -41.4101
 161.955 -6.83455 -41.4318
 162.668 -6.89203  -41.454
 163.378 -6.95296 -41.4721
  164.08 -7.01248 -41.4806
 164.776 -7.06841 -41.4826
 165.469 -7.12236 -41.4763
 166.157  -7.1738 -41.4517
  166.84 -7.22597 -41.4088
 167.522 -7.27383 -41.3595
 168.199 -7.31598 -41.3019
 168.876 -7.35511 -41.2322
 169.544  -7.3927 -41.1473
 170.197 -7.42645 -41.0531
 170.844 -7.45442 -40.9511
 171.483 -7.47933 -40.8358
172.115 -7.5029 -40.705
 172.741 -7.52758 -40.5695
 173.365 -7.54909 -40.4368
 173.981 -7.56992 -40.2985
 174.582 -7.59355 -40.1466
 175.174 -7.61811 -39.9879
 175.759 -7.64078 -39.8361
 176.351 -7.66192 -39.6873
  176.95 -7.68414 -39.5249
 177.553 -7.70794 -39.3498
 178.159 -7.73474 -39.1699
 178.764 -7.76106 -38.9946
 179.366 -7.78119  -38.827
 179.964 -7.79644 -38.6612
 180.569 -7.80818 -38.4921
 181.177 -7.81846 -38.3123
  181.79 -7.83218 -38.1309
182.407 -7.8459 -37.947
 183.023 -7.85467 -37.7614
  183.64 -7.85884 -37.5721
 184.261 -7.86453 -37.3747
  184.88 -7.87216  -37.171
 185.495  -7.8784 -36.9539
 186.104 -7.88313 -36.7279
 186.719 -7.88602 -36.4942
 187.339 -7.88873 -36.2521
 187.959 -7.89349 -36.0014
 188.582 -7.90101 -35.7372
 189.206 -7.90488 -35.4647
 189.832 -7.90512 -35.1794
 190.461 -7.90478 -34.8879
 191.097 -7.90585 -34.5957
 191.744 -7.90375  -34.303
 192.392 -7.90009 -34.0128
 193.048 -7.90116 -33.7153
 193.713 -7.89794 -33.4191
 194.389 -7.89307  -33.119
 195.071 -7.89178 -32.8173
 195.757 -7.89047 -32.5118
 196.438 -7.88889 -32.2057
 197.116 -7.88078 -31.9008
 197.799 -7.87399 -31.5931
 198.481 -7.87384 -31.2879
 199.165  -7.8737 -30.9868
 199.847 -7.86821  -30.687
 200.531  -7.8654 -30.3833
 201.216 -7.86739 -30.0811
 201.904 -7.87063 -29.7771
 202.597 -7.87289 -29.4744
  203.28 -7.87184 -29.1776
 203.967 -7.86662 -28.8927
 204.657 -7.86701 -28.6145
 205.345 -7.86973 -28.3483
 206.032 -7.86784 -28.0895
 206.725  -7.8613 -27.8329
  207.43 -7.85827  -27.591
 208.138 -7.85607 -27.3587
 208.843 -7.84701 -27.1232
 209.546 -7.83201 -26.8818
 210.253 -7.81691  -26.651
 210.962 -7.80207 -26.4211
 211.673 -7.78585 -26.1876
 212.388 -7.76791  -25.946
 213.103 -7.75152 -25.7076
 213.821 -7.73565 -25.4694
 214.541 -7.72116 -25.2324
 215.268 -7.70361  -24.994
 215.996 -7.68215 -24.7486
 216.728 -7.66312 -24.4919
  217.46 -7.64083 -24.2303
 218.197 -7.61493 -23.9641
  218.93 -7.59073 -23.6952
 219.661 -7.56794 -23.4173
 220.391 -7.53609  -23.135
221.122 -7.5083  -22.85
 221.856 -7.48855 -22.5626
 222.586 -7.46862 -22.2712
  223.32 -7.44522 -21.9779
 224.052 -7.42399 -21.6831
 224.786 -7.40634 -21.3836
  225.52 -7.38862 -21.0849
 226.252 -7.37018 -20.7842
 226.981 -7.34993 -20.4733
 227.708 -7.33036 -20.1526
 228.437 -7.31145 -19.8305
 229.161 -7.29802  -19.513
  229.88 -7.28323 -19.1919
 230.594 -7.26348 -18.8588
 231.317 -7.24578 -18.5188
  232.05 -7.23013 -18.1845
 232.781 -7.20433 -17.8551
  233.51 -7.17526  -17.517
 234.233  -7.1468 -17.1766
 234.951 -7.11261 -16.8383
 235.664 -7.07636 -16.5032
 236.375 -7.04629 -16.1609
 237.093 -7.02115 -15.8134
 237.805 -6.99492 -15.4634
  238.52 -6.96768 -15.1098
 239.241 -6.94033  -14.749
 239.959 -6.91142 -14.3904
 240.679 -6.87781 -14.0265
   241.4 -6.83832 -13.6611
 242.127 -6.79708 -13.2916
 242.848 -6.75552 -12.9207
 243.556 -6.71895 -12.5411
 244.261 -6.68096 -12.1694
  244.97 -6.64098 -11.8012
 245.691 -6.61022 -11.4251
 246.413  -6.5855 -11.0459
 247.131 -6.55901 -10.6725
 247.851 -6.52728 -10.3019
 248.573 -6.49576 -9.93021
 249.294 -6.46591 -9.55264
 250.016 -6.43486 -9.16881
 250.734 -6.40071 -8.78434
 251.452 -6.36689  -8.4024
 252.172 -6.33262 -8.01916
 252.896 -6.29798 -7.63384
 253.615 -6.26697 -7.24495
 254.333 -6.23361 -6.85104
 255.053 -6.19635 -6.45421
 255.769 -6.16149 -6.05035
 256.472  -6.1301 -5.64069
 257.186 -6.09792 -5.22822
 257.898 -6.06723 -4.81611
  258.61 -6.03965 -4.39558
 259.313 -6.01408 -3.96585
  260.01 -5.98467 -3.52356
 260.696 -5.95324 -3.06384
 261.378 -5.92071 -2.59515
 262.054 -5.88803 -2.11257
 262.717 -5.85347  -1.6196
 263.372  -5.8167 -1.12083
  264.024  -5.77908 -0.619798
  264.681  -5.74388 -0.113353
 265.332 -5.71295  0.38851
 265.985 -5.68409  0.87862
 266.653 -5.65442  1.35784
 267.337 -5.62848  1.81869
 268.023 -5.60466  2.27344
 268.708 -5.58259  2.73012
 269.402 -5.56142   3.1692
   270.1 -5.53783   3.5944
 270.802 -5.51573  4.01882
 271.505 -5.49704  4.44397
272.211 -5.4751  4.8649
 272.922 -5.44992  5.28375
 273.642 -5.42452  5.70129
 274.364 -5.39713  6.11051
 275.081 -5.36707  6.52114
 275.793 -5.34375  6.93233
 276.508 -5.32288  7.33662
 277.232 -5.30176  7.74081
 277.967 -5.28664  8.15387
 278.711 -5.27765  8.57445
  279.45 -5.26272  8.98308
 280.199 -5.24457  9.39579
 280.946 -5.22816  9.81489
 281.694 -5.21088  10.2393
  282.44 -5.18934  10.6667
 283.189 -5.16674  11.1038
 283.931 -5.14685  11.5475
 284.674 -5.12653  11.9911
285.421  -5.106  12.433
 286.167 -5.09121   12.883
 286.913 -5.07517  13.3433
 287.659 -5.05855  13.8166
 288.405 -5.04222  14.3044
 289.154 -5.01946  14.8027
 289.902 -4.98999  15.3108
 290.649 -4.96084  15.8227
  291.39 -4.93096  16.3372
 292.132 -4.89984  16.8592
 292.862 -4.87504  17.3844
 293.594 -4.85665  17.9157
 294.331 -4.84106  18.4554
 295.068 -4.82687  19.0031
 295.808 -4.81239  19.5665
 296.539 -4.79341  20.1338
 297.269 -4.76876  20.7124
 297.993 -4.74023  21.3048
 298.706 -4.71009  21.9072
 299.416 -4.67592  22.5165
 300.128 -4.64219  23.1219
300.844 -4.6102 23.7395
301.555 -4.5752 24.3576
302.257 -4.5444 24.9737
 302.958 -4.51233  25.5987
 303.666 -4.48133   26.239
  304.37 -4.44934  26.8866
 305.067 -4.41388  27.5292
305.758 -4.3805 28.1788
 306.443 -4.34933  28.8269
 307.141 -4.31987  29.4813
  307.83 -4.29411  30.1354
308.517  -4.268 30.7941
 309.199 -4.23843  31.4587
 309.879 -4.20995  32.1237
 310.555 -4.18367  32.8091
 311.219 -4.15505  33.4911
 311.876 -4.12709  34.1713
312.525 -4.0988 34.8564
 313.183 -4.06909   35.539
  313.83 -4.04323   36.229
 314.469 -4.01473   36.921
315.111 -3.9804 37.6116
 315.739 -3.95061  38.3142
 316.365 -3.92061  39.0243
 316.991 -3.88273  39.7299
 317.616 -3.84317  40.4292
318.239 -3.8119 41.1371
 318.856 -3.77423  41.8397
 319.478 -3.73854  42.5413
320.097 -3.7069  43.244
 320.719 -3.67625  43.9511
 321.352 -3.64102  44.6629
 321.986 -3.60488  45.3715
 322.626 -3.56841  46.0775
 323.264 -3.53306  46.7809
 323.909 -3.49962  47.4781
 324.567 -3.46848  48.1726
 325.231 -3.44035  48.8657
 325.904 -3.41266  49.5533
 326.587 -3.37936  50.2457
 327.278 -3.34312  50.9345
 327.974 -3.30641  51.6208
 328.672 -3.26769  52.2968
 329.377 -3.22902  52.9633
 330.089 -3.19587  53.6234
 330.818 -3.16565  54.2859
 331.554 -3.13639   54.951
 332.292 -3.10593  55.6118
 333.034 -3.07268  56.2654
 333.791 -3.03812  56.9238
334.544  -3.005  57.582
 335.303 -2.96838  58.2372
 336.067 -2.93194  58.8884
 336.837 -2.89737   59.539
 337.611 -2.86142  60.1866
 338.395 -2.82691  60.8309
 339.178 -2.79276   61.473
339.968 -2.7579 62.1165
 340.756 -2.72327  62.7569
 341.549 -2.68792  63.3963
342.338  -2.654 64.0276
343.134 -2.6193 64.6574
 343.934 -2.58402  65.2848
 344.738 -2.54826  65.9075
  345.55 -2.50762  66.5334
 346.358 -2.46214  67.1602
 347.157 -2.41624  67.7808
 347.956 -2.37011  68.3981
 348.757 -2.32907  69.0169
 349.558 -2.29257  69.6337
 350.364 -2.25894  70.2527
 351.172 -2.22394  70.8684
 351.982 -2.18636  71.4844
 352.792 -2.14516  72.1018
 353.606 -2.10362  72.7196
 354.409 -2.06256  73.3344
 355.212 -2.01975  73.9489
 356.015 -1.97753  74.5656
  356.82 -1.93639  75.1794
 357.623 -1.89454  75.7937
 358.423 -1.85119  76.4049
 359.225 -1.80749  77.0156
  360.03 -1.76505  77.6286
 360.833 -1.72423  78.2401
 361.639 -1.67974  78.8513
 362.447 -1.63496   79.462
 363.248 -1.58895  80.0648
 364.047 -1.54247  80.6649
 364.845 -1.49478  81.2627
 365.638 -1.44625  81.8664
  366.42 -1.39511   82.465
 367.199 -1.34454  83.0635
 367.966 -1.29557  83.6589
 368.724 -1.24511  84.2475
 369.474 -1.19556  84.8317
 370.212 -1.14562  85.4104
 370.935 -1.09368  85.9822
 371.645 -1.03912  86.5499
  372.342 -0.981614   87.1123
  373.022 -0.921859   87.6606
   373.69 -0.858059   88.1976
  374.343 -0.794918    88.722
  374.987 -0.734861   89.2343
   375.62 -0.675869    89.732
  376.245 -0.617036   90.2194
  376.865 -0.560416   90.6992
  377.472 -0.505902   91.1716
  378.071 -0.452685   91.6356
  378.664 -0.397985   92.0905
  379.248 -0.343063   92.5387
   379.83 -0.291745   92.9729
  380.403 -0.242266   93.3965
   380.97 -0.196208   93.8097
   381.54 -0.147453   94.2194
   382.122 -0.0969996    94.6211
   382.712 -0.0464102    95.0205
   383.314 0.00326796    95.4183
  383.929 0.0549734   95.8094
 384.553 0.108927   96.194
385.179 0.16597 96.5697
  385.81 0.223028  96.9393
  386.45 0.276278  97.3019
 387.101 0.331588  97.6623
 387.758 0.387504  98.0208
 388.427 0.446928  98.3842
 389.112 0.512283  98.7529
 389.801 0.586044  99.1283
 390.491 0.663646  99.5033
 391.185 0.748876  99.8694
 391.874 0.842265  100.234
 392.577 0.936907  100.595
393.288 1.03231 100.951
394.006 1.13076 101.304
394.726 1.22946 101.651
395.444 1.32859 101.991
396.155 1.42939 102.327
396.861 1.52916 102.657
397.565 1.62874 102.983
398.264 1.72482   103.3
398.962 1.81914 103.604
399.666 1.91363 103.896
400.356 2.00744 104.177
401.043 2.10161  104.45
401.722 2.18928 104.707
402.387 2.27328 104.952
403.048 2.35617 105.196
403.713 2.43873 105.435
404.384 2.51448 105.654
 405.06 2.58376  105.85
405.742 2.64956 106.031
406.433 2.71279 106.196
407.134 2.77093 106.346
407.845 2.82675 106.481
408.565 2.88537 106.607
409.301   2.945 106.728
410.043 3.00683 106.844
410.792 3.07049 106.946
411.541 3.13898 107.046
412.294 3.20964 107.148
413.053 3.28597 107.248
413.814 3.36697 107.335
414.575 3.44487  107.42
415.322 3.51031 107.517
416.063 3.57646   107.6
416.815 3.64692 107.666
417.582 3.71031 107.745
418.366 3.76656 107.831
419.152 3.82039 107.908
419.909 3.86046 107.989
420.656 3.89992  108.07
421.393 3.94301 108.153
422.142 3.97727 108.242
422.893  3.9976 108.339
423.635 4.01775 108.434
424.358 4.04031 108.516
425.068  4.0645 108.599
425.772 4.08285 108.683
426.472 4.09585 108.769
 427.16 4.10627 108.851
427.836 4.11586 108.937
428.501 4.12264 109.026
429.171 4.12892 109.119
429.827 4.12799 109.202
430.478 4.12435 109.273
431.126 4.12135 109.328
431.765  4.1176 109.362
432.389 4.10963 109.379
432.993 4.09958 109.386
433.576 4.08891 109.382
434.141 4.08071 109.371
434.687 4.07353 109.353
435.206 4.06515 109.327
  435.7 4.05143 109.285
436.166 4.03255 109.234
436.603 4.01384 109.174
437.008 3.99787 109.113
437.393 3.98384 109.057
437.758 3.97316 109.008
438.107 3.95807 108.953
438.439 3.93758 108.892
438.751 3.91616 108.826
439.048 3.89788  108.76
 439.33 3.88074 108.714
439.593 3.86357 108.677
439.837 3.84985 108.643
440.061  3.8404 108.606
440.257 3.82822 108.566
 440.43 3.81442 108.526
440.584 3.80202 108.489
440.735  3.7915 108.461
440.885 3.78135 108.439
441.037 3.77272 108.413
441.191 3.76722 108.375
441.341 3.76154 108.342
441.489 3.75411 108.319
441.636 3.74522 108.306
441.783 3.73615 108.294
441.934 3.72799 108.281
442.095 3.72048 108.263
442.271 3.71405 108.244
442.467 3.71033 108.233
442.682 3.70688 108.228
442.906 3.69716 108.221
443.141 3.68106 108.199
443.386 3.66458 108.172
 443.64 3.65044 108.154
443.902 3.64141 108.141
444.171  3.6335 108.134
444.446 3.62078 108.138
444.728 3.60702 108.149
445.024 3.59539 108.168
 445.33 3.58557 108.196
445.645 3.57984 108.241
 445.97  3.5734 108.294
446.308 3.56033 108.349
446.661 3.54539 108.405
447.022 3.53039 108.476
447.395  3.5168 108.562
 447.78 3.50394 108.662
448.173 3.48943 108.778
448.582 3.47632 108.905
449.007 3.46202 109.045
449.445 3.44729 109.199
449.898  3.4329 109.369
450.365 3.41827 109.552
450.846 3.40287 109.753
 451.34 3.38735 109.964
451.849  3.3714  110.19
 452.37 3.35516 110.431
452.898 3.33903 110.689
453.432 3.32124 110.966
453.976 3.30165 111.262
454.532 3.28388 111.574
455.102 3.26749 111.901
455.682 3.25099 112.241
456.277 3.23199 112.594
456.887 3.21384 112.959
457.501 3.19833 113.332
458.126 3.18406 113.716
458.765 3.16943 114.111
459.416 3.15271 114.514
460.082 3.13617 114.927
460.759 3.11968 115.346
 461.45 3.10092 115.779
462.147 3.08008 116.221
462.856 3.05758 116.672
463.574  3.0334 117.128
  464.3 3.00859 117.591
465.032 2.98138 118.061
465.771 2.95165 118.542
 466.52 2.92238 119.028
467.279 2.89241 119.524
468.046  2.8603  120.03
468.828 2.82801 120.543
469.618 2.79373 121.061
470.418 2.76289 121.582
471.225 2.73282 122.106
472.036 2.69955 122.635
 472.86 2.66597 123.176
473.692 2.63117 123.722
474.529 2.59459 124.274
475.375 2.55958 124.834
 476.23 2.52298 125.404
477.092 2.48714 125.981
477.973 2.44859 126.566
 478.85 2.41104 127.156
 479.74 2.37403 127.748
480.631 2.33543 128.335
481.532 2.29249 128.925
482.437 2.24715 129.505
483.363 2.19881 130.078
484.295  2.1481 130.636
485.253 2.09627 131.181
486.226 2.04402 131.715
487.203 1.99296 132.229
488.187 1.94173 132.721
489.181 1.88684 133.197
490.189 1.82946 133.652
 491.21 1.76918 134.092
492.252 1.70693 134.502
493.308  1.6433 134.891
494.346 1.57742 135.251
495.401 1.50493 135.578
496.453 1.42031 135.882
497.538 1.33368 136.153
498.627 1.23921 136.397
499.713 1.14051   136.6
500.809 1.03862 136.768
 501.913 0.931288  136.903
 503.019 0.818901  137.013
 504.137 0.702308  137.099
 505.253 0.586003  137.165
  506.37 0.467328  137.206
   507.5 0.345151  137.221
 508.631 0.222146  137.212
509.759 0.09979 137.185
   510.891 -0.0208533    137.143
  512.028 -0.143919   137.097
  513.166 -0.271095   137.054
  514.302 -0.399887   137.011
  515.446 -0.529256    136.96
  516.598 -0.661107   136.904
  517.753 -0.793985   136.841
  518.921 -0.930561   136.775
 520.096 -1.06564  136.708
521.279 -1.1969 136.641
 522.464 -1.32971  136.575
 523.669 -1.46452  136.502
 524.877 -1.60491  136.429
 526.095 -1.75005  136.354
 527.328 -1.89851  136.279
 528.574 -2.04848  136.206
529.821 -2.1969 136.135
 531.083 -2.34766  136.056
 532.357 -2.50108  135.975
 533.637 -2.65126  135.886
  534.92 -2.80449  135.794
 536.209 -2.95819  135.701
 537.512 -3.11462  135.601
 538.818 -3.26865  135.496
540.131 -3.4245 135.386
 541.452 -3.58024  135.274
 542.778 -3.73628  135.156
  544.11 -3.89395  135.033
 545.446 -4.05417  134.905
 546.804 -4.21636  134.774
  548.16 -4.37959  134.637
 549.53 -4.5468 134.495
   550.9 -4.71338  134.345
 552.284 -4.87949  134.189
 553.675 -5.04791   134.03
 555.066 -5.21693  133.866
 556.451 -5.38541  133.698
 557.863 -5.55774  133.525
 559.276 -5.73076   133.35
 560.702 -5.90564  133.176
 562.122 -6.08142  132.993
 563.555 -6.25984  132.807
 564.991 -6.43806  132.617
 566.431 -6.61844  132.428
 567.891 -6.79697  132.235
 569.357 -6.97779  132.039
570.825 -7.1584 131.844
 572.296 -7.33738  131.646
 573.772 -7.51789  131.443
 575.254 -7.69803   131.24
576.732 -7.8815 131.038
 578.217 -8.06611  130.837
 579.697 -8.25482  130.633
  581.18 -8.44258  130.433
 582.667 -8.63212   130.23
 584.154 -8.82328  130.027
585.649  -9.017 129.824
 587.146 -9.20954  129.622
  588.64 -9.40047  129.426
 590.121 -9.58911  129.238
 591.621 -9.77873  129.046
593.114 -9.9674 128.856
 594.623 -10.1579  128.667
 596.108 -10.3487  128.483
 597.591 -10.5391  128.305
 599.073 -10.7276  128.128
600.562 -10.916 127.947
 602.061 -11.1014  127.767
 603.545 -11.2853  127.576
 605.015 -11.4694  127.394
 606.494 -11.6566  127.216
 607.963 -11.8461  127.046
 609.446 -12.0374  126.877
610.937 -12.226 126.706
 612.424 -12.4139  126.536
 613.908 -12.6012   126.37
 615.388 -12.7888  126.204
 616.873 -12.9764  126.038
 618.349 -13.1617  125.868
 619.816 -13.3481  125.699
 621.276 -13.5338   125.53
 622.758 -13.7204  125.358
624.216 -13.906 125.194
 625.674 -14.0952  125.038
  627.13 -14.2876  124.886
 628.557 -14.4791   124.74
 629.995 -14.6664   124.59
 631.433 -14.8518  124.437
 632.852 -15.0311  124.286
 634.263 -15.2089  124.137
635.656 -15.384 123.991
 637.048 -15.5615  123.846
 638.423 -15.7369  123.702
 639.792 -15.9123  123.559
 641.148 -16.0855  123.416
 642.477 -16.2548  123.276
 643.788 -16.4198  123.137
 645.074 -16.5817  122.998
 646.326 -16.7407   122.86
 647.543 -16.8984  122.728
 648.737 -17.0554  122.597
 649.894 -17.2046  122.474
 651.023 -17.3499  122.357
 652.114 -17.4877  122.247
 653.174 -17.6203   122.14
654.193 -17.747  122.04
 655.169 -17.8676  121.951
 656.106 -17.9837  121.862
656.999 -18.092 121.775
 657.851 -18.1972  121.695
 658.664 -18.2991   121.62
 659.449 -18.3967  121.553
  660.18 -18.4881  121.478
 660.873 -18.5754  121.394
  661.53 -18.6611  121.297
 662.157 -18.7426  121.177
 662.764 -18.8217  121.033
 663.352 -18.8992  120.861
 663.923 -18.9755  120.668
 664.474 -19.0497  120.449
 665.005 -19.1192  120.204
  665.51 -19.1893  119.933
 665.986 -19.2599  119.636
666.432 -19.329 119.317
 666.849 -19.3937  118.976
  667.23 -19.4549  118.614
 667.575 -19.5151  118.226
 667.881 -19.5757  117.816
  668.17 -19.6349  117.394
 668.436 -19.6911  116.952
 668.669 -19.7488  116.497
 668.863 -19.8089   116.02
 669.024 -19.8654  115.539
  669.16 -19.9165  115.049
 669.272 -19.9634  114.545
 669.347 -20.0141   114.02
 669.389 -20.0667  113.477
 669.396 -20.1185  112.925
 669.366 -20.1685  112.365
 669.295 -20.2155  111.803
 669.185 -20.2628  111.232
 669.032 -20.3098  110.655
 668.848 -20.3602  110.084
 668.625 -20.4105  109.513
 668.369 -20.4624  108.946
 668.073 -20.5135  108.377
667.742  -20.56 107.807
 667.382 -20.6029  107.242
666.995 -20.646 106.674
 666.578 -20.6931  106.101
  666.14 -20.7414  105.523
 665.689 -20.7886  104.938
 665.219 -20.8324  104.352
 664.728 -20.8708  103.769
 664.221 -20.9065  103.186
   663.7 -20.9442    102.6
 663.161 -20.9789  102.018
 662.599 -21.0039  101.447
 662.021 -21.0283   100.88
 661.431 -21.0498  100.324
 660.826 -21.0654  99.7822
 660.194 -21.0721  99.2619
 659.546 -21.0751  98.7598
 658.876 -21.0771  98.2685
 658.191 -21.0759  97.7956
 657.494 -21.0684  97.3383
 656.784 -21.0571   96.885
 656.068 -21.0416  96.4304
  655.34 -21.0213  95.9726
 654.602 -20.9958   95.506
653.862 -20.969 95.0269
 653.115 -20.9411  94.5436
 652.363 -20.9138  94.0587
   651.6 -20.8896  93.5688
 650.834 -20.8699  93.0716
 650.056 -20.8545  92.5631
 649.272 -20.8431  92.0419
  648.49 -20.8326  91.5101
 647.703 -20.8228  90.9718
646.904 -20.814 90.4298
 646.096 -20.8098  89.8803
 645.276 -20.8084  89.3211
 644.438 -20.8031  88.7564
 643.599 -20.7984  88.1906
  642.76 -20.7935  87.6158
641.927 -20.787 87.0438
 641.097 -20.7826   86.472
  640.27 -20.7763   85.894
 639.444 -20.7708   85.316
 638.643 -20.7675  84.7373
  637.83 -20.7613    84.15
 637.018 -20.7555  83.5632
  636.21 -20.7519  82.9743
 635.405 -20.7485  82.3862
 634.607 -20.7452  81.8015
 633.821 -20.7401  81.2258
 633.038 -20.7354  80.6505
 632.261 -20.7335  80.0776
 631.492 -20.7286  79.5109
 630.724 -20.7238  78.9488
  629.97 -20.7176   78.398
 629.221 -20.7156  77.8442
 628.483 -20.7156  77.2953
627.757 -20.712 76.7493
  627.04 -20.7085  76.2054
  626.33 -20.7091  75.6686
 625.636 -20.7102  75.1402
  624.96 -20.7067  74.6181
 624.311 -20.7047  74.1054
 623.663 -20.7058   73.604
  623.03 -20.7091  73.1129
 622.418 -20.7088  72.6311
 621.825 -20.7084  72.1628
 621.247 -20.7081  71.7163
 620.691 -20.7076  71.2854
 620.157 -20.7097  70.8604
 619.648 -20.7083  70.4502
 619.157 -20.7031   70.061
 618.693 -20.7008  69.6881
 618.255 -20.7023  69.3364
 617.842 -20.7022  69.0087
 617.452 -20.7001  68.6986
 617.091 -20.6973  68.4086
 616.761 -20.6983  68.1321
 616.453 -20.7003  67.8733
 616.174 -20.7027   67.643
 615.896 -20.7024  67.4332
 615.646 -20.6983  67.2317
 615.419 -20.6973  67.0424
 615.207 -20.7011  66.8695
615.011 -20.705 66.7133
 614.831 -20.7067  66.5664
 614.663 -20.7032  66.4303
 614.499 -20.7018  66.2983
 614.335 -20.7031  66.1669
 614.172 -20.7046  66.0363
 614.008 -20.7047  65.9059
 613.846 -20.7042  65.7737
 613.686 -20.7023  65.6418
613.526   -20.7 65.5093
613.367 -20.701 65.3773
 613.205 -20.7037  65.2477
 613.047 -20.7049  65.1212
  612.89 -20.7046  64.9964
  612.74 -20.7034   64.873
 612.593 -20.7037  64.7509
 612.448 -20.7042  64.6322
612.306 -20.704 64.5179
 612.168 -20.7037  64.4086
 612.041 -20.7044  64.3051
 611.923 -20.7042  64.2062
 611.812 -20.7043  64.1118
 611.699 -20.7045  64.0206
611.584 -20.703 63.9331
 611.469 -20.7031  63.8484
  611.36 -20.7026  63.7584
  611.25 -20.7002  63.6624
 611.144 -20.6994  63.5683
 611.041 -20.7012  63.4793
 610.938 -20.7035  63.3964
 610.836 -20.7053   63.315
 610.734 -20.7053  63.2313
 610.631 -20.7044  63.1461
 610.523 -20.7047  63.0579
  610.41 -20.7047  62.9647
 610.286 -20.7038  62.8632
 610.148 -20.7037  62.7487
 609.989 -20.7038  62.6179
 609.812 -20.7059   62.467
 609.617 -20.7091   62.296
 609.397 -20.7109  62.1073
 609.158 -20.7085  61.9007
 608.906 -20.7051  61.6714
 608.638 -20.7119  61.4208
 608.351 -20.7194  61.1574
 608.047 -20.7237  60.8761
 607.729 -20.7281  60.5715
   607.4 -20.7343  60.2439
 607.062 -20.7403  59.8981
  606.71 -20.7462  59.5344
606.338 -20.753 59.1533
 605.953 -20.7605  58.7554
 605.565 -20.7638  58.3365
605.174  -20.77 57.8946
 604.766 -20.7729  57.4395
604.351 -20.776 56.9716
603.923  -20.78 56.4857
 603.487 -20.7803  55.9835
 603.032 -20.7767  55.4738
 602.564 -20.7775  54.9477
 602.082 -20.7786  54.4074
601.602 -20.782 53.8483
 601.111 -20.7876  53.2732
 600.604 -20.7944  52.6966
 600.073 -20.8017  52.1063
599.544 -20.815  51.492
599.005  -20.83 50.8604
 598.452 -20.8408  50.2176
 597.889 -20.8469  49.5632
 597.315 -20.8583  48.8978
 596.737 -20.8655  48.2196
 596.156 -20.8739  47.5287
 595.566 -20.8825  46.8266
594.976 -20.892 46.1151
 594.406 -20.9039  45.4031
  593.83 -20.9172  44.6885
 593.251 -20.9312  43.9696
 592.685 -20.9501  43.2552
 592.116 -20.9705  42.5386
 591.543 -20.9905  41.8207
 590.972 -21.0146  41.1039
 590.393 -21.0332  40.3909
 589.808 -21.0516  39.6778
 589.222 -21.0728  38.9625
 588.639 -21.0901  38.2509
 588.045 -21.1089  37.5329
 587.441 -21.1296  36.8093
 586.837 -21.1518  36.0887
586.233 -21.174 35.3679
  585.62 -21.1964  34.6432
 585.006 -21.2196  33.9225
 584.391 -21.2432  33.2014
 583.773 -21.2678  32.4766
 583.151 -21.2913  31.7501
 582.526 -21.3154  31.0179
 581.899 -21.3399  30.2831
 581.273 -21.3662  29.5467
 580.646 -21.3905  28.8077
 580.015 -21.4169   28.067
 579.388 -21.4445  27.3263
 578.764 -21.4729   26.582
 578.141 -21.5034  25.8392
 577.505 -21.5303  25.0912
 576.881 -21.5658  24.3371
 576.254 -21.5951  23.5775
 575.635 -21.6271  22.8244
 575.019 -21.6534  22.0764
 574.412 -21.6819  21.3302
 573.809 -21.7113  20.5887
  573.21 -21.7431  19.8495
 572.616 -21.7741  19.1091
 572.026 -21.8091  18.3681
 571.439 -21.8414  17.6272
 570.854 -21.8731   16.885
 570.275 -21.9053  16.1518
 569.706 -21.9327  15.4239
 569.136 -21.9612  14.6986
 568.566 -21.9913   13.981
 567.992 -22.0225  13.2737
 567.417 -22.0555  12.5763
 566.849 -22.0872  11.8811
  566.28 -22.1203  11.1854
 565.717 -22.1509   10.501
 565.166 -22.1861  9.82667
564.629 -22.226 9.16706
 564.106 -22.2656   8.5256
 563.591 -22.3076  7.89979
 563.088 -22.3534  7.28804
 562.588 -22.4001  6.69726
 562.102 -22.4446  6.12866
 561.636 -22.4861  5.58254
 561.195 -22.5288  5.05815
 560.765 -22.5706  4.56243
 560.356 -22.6092  4.08018
559.967 -22.649  3.6135
 559.596 -22.6864  3.16507
 559.231 -22.7262  2.73883
558.885 -22.767 2.32718
558.554 -22.801 1.92211
 558.231 -22.8336  1.52557
 557.908 -22.8644  1.14078
  557.59 -22.8968 0.767136
  557.28 -22.9323 0.402259
 556.985 -22.9662  0.04203
  556.693  -22.9948 -0.308968
 556.405 -23.0226 -0.64623
  556.118  -23.0496 -0.972946
 555.839 -23.0769 -1.29416
 555.569 -23.1045 -1.60771
 555.311 -23.1332  -1.9127
 555.059 -23.1565 -2.20823
 554.813 -23.1791 -2.49383
 554.575 -23.2049 -2.77218
 554.349 -23.2311 -3.04484
 554.131  -23.257 -3.30616
 553.916 -23.2834 -3.55396
 553.707  -23.308 -3.79393
 553.509 -23.3295 -4.02988
 553.324 -23.3477  -4.2604
 553.151 -23.3669 -4.48155
 552.988 -23.3873 -4.69235
 552.835 -23.4099 -4.88942
 552.691 -23.4302 -5.07167
 552.555 -23.4486 -5.24042
 552.427 -23.4679 -5.39861
 552.307 -23.4878 -5.54773
 552.196 -23.5063 -5.68958
 552.093 -23.5215 -5.82435
 551.994 -23.5339 -5.94833
 551.898 -23.5447  -6.0635
 551.811 -23.5556 -6.17231
 551.731 -23.5671 -6.27538
 551.655 -23.5784  -6.3713
 551.582 -23.5893 -6.46153
 551.516 -23.5991  -6.5467
 551.455 -23.6078 -6.62835
 551.397 -23.6159  -6.7067
 551.341 -23.6238 -6.77906
 551.286 -23.6312 -6.84545
 551.235 -23.6386  -6.9081
 551.191  -23.646 -6.96716
 551.149 -23.6522 -7.02229
  551.11 -23.6575 -7.07355
 551.071 -23.6622 -7.12181
 551.034 -23.6667 -7.16714
     551 -23.6717 -7.20954
 550.969  -23.676 -7.24928
  550.94   -23.68 -7.28588
 550.913 -23.6839 -7.31882
 550.889 -23.6873  -7.3489
 550.868 -23.6906 -7.37587
  550.85 -23.6931 -7.39959
 550.834 -23.6951 -7.42026
 550.819 -23.6968 -7.43814
 550.806 -23.6979 -7.45332
 550.793 -23.6988 -7.46658
 550.782 -23.6993  -7.4784
 550.769 -23.7003 -7.49129
 550.755 -23.7013 -7.50609
  550.74 -23.7024 -7.52274
 550.724 -23.7038 -7.54176
 550.706 -23.7065 -7.56324
 550.687 -23.7093 -7.58648
 550.667 -23.7128 -7.61198
 550.645 -23.7163 -7.63957
 550.621 -23.7199 -7.66966
 550.594 -23.7239 -7.70325
 550.565 -23.7287 -7.74082
 550.533 -23.7339 -7.78148
 550.498 -23.7395 -7.82547
  550.46 -23.7453 -7.87291
  550.42 -23.7511 -7.92404
 550.376 -23.7575 -7.97888
 550.328 -23.7647 -8.03825
 550.279 -23.7723 -8.10142
 550.227   -23.78 -8.16877
 550.171 -23.7886 -8.24089
 550.114 -23.7984 -8.31526
 550.053 -23.8079 -8.39385
 549.992 -23.8179 -8.47561
 549.928 -23.8277 -8.55991
 549.862 -23.8371  -8.6447
 549.792 -23.8477 -8.73067
  549.72 -23.8594 -8.81962
 549.647 -23.8704 -8.91008
  549.57 -23.8808  -9.0007
 549.496 -23.8929 -9.08953
 549.428 -23.9063 -9.17747
 549.364 -23.9182 -9.26161
 549.302 -23.9279 -9.34125
 549.242 -23.9368 -9.41714
 549.186  -23.946 -9.48851
 549.135 -23.9549 -9.55507
 549.089 -23.9634 -9.61671
 549.047 -23.9704 -9.67176
