10
20
21
20
24
25
22
22
22
19
21
21
20
58
22
18
14
25
20
20
17
25
19
21
19
19
24
28
24
27
29
29
26
24
21
21
21
45
35
22
19
17
14
13
11
14
17
13
11
13
14
14
13
13
14
20
14
14
15
18
17
17
14
13
47
67
23
18
22
14
25
14
14
14
16
14
36
15
13
18
16
16
16
17
15
15
17
21
17
18
24
15
14
17
15
13
16
15
15
14
15
17
21
14
11
12
15
17
14
13
13
16
15
14
13
15
15
18
20
17
21
19
15
23
20
27
28
31
22
21
16
17
15
15
20
64
52
23
21
18
17
17
16
12
15
18
12
18
11
12
14
12
16
15
38
26
22
19
18
15
15
14
19
17
13
13
18
13
14
14
13
20
15
13
14
18
13
16
13
17
12
14
14
13
12
13
15
12
18
19
13
15
13
15
45
266
25
18
15
21
17
14
12
13
18
22
17
14
14
13
17
17
17
15
12
14
38
14
15
15
14
20
17
16
24
13
14
14
16
20
17
17
17
16
41
28
25
21
23
20
22
13
17
18
16
24
16
15
17
17
13
11
14
13
12
15
12
13
26
17
15
13
14
15
12
15
15
57
30
21
16
20
20
16
14
15
20
15
14
16
15
15
26
14
14
12
21
16
14
17
14
15
17
15
18
23
76
37
30
24
25
23
24
17
16
20
33
19
20
21
18
18
17
20
22
21
22
22
20
22
29
27
20
28
21
23
24
23
67
41
30
23
21
25
29
60
42
20
17
17
148
19
16
28
17
14
14
12
14
13
20
12
18
39
27
19
16
15
14
12
21
14
13
13
14
15
14
15
12
15
14
16
15
13
27
14
13
16
13
13
13
45
26
22
18
15
15
12
13
15
12
15
13
13
12
14
16
11
21
16
14
14
13
20
24
13
35
26
20
15
22
15
14
13
12
14
13
13
14
16
14
16
15
14
16
22
12
13
15
14
15
16
13
17
15
41
25
25
19
17
23
20
23
18
14
56
33
25
22
22
18
17
16
53
18
15
18
17
26
25
27
16
16
15
21
21
20
52
40
28
28
22
23
18
127
20
20
19
14
18
13
15
13
12
51
14
13
14
13
12
12
14
13
22
13
17
12
14
38
45
21
21
16
15
15
14
15
15
15
15
19
14
18
17
63
24
24
19
22
17
16
16
16
24
19
16
147
34
26
23
22
15
14
14
13
14
24
21
15
17
17
22
20
24
19
19
22
18
20
24
55
32
39
28
19
24
26
16
17
17
16
15
18
14
18
15
14
23
17
15
19
16
17
18
21
18
19
44
33
23
21
17
34
13
13
13
12
13
15
14
115
17
20
13
13
12
13
13
14
14
20
17
15
12
12
13
12
12
12
17
15
45
14
14
15
14
16
22
13
22
20
19
22
13
16
14
13
14
13
17
14
15
14
15
24
20
26
24
159
77
124
196
34
71
43
63
51
26
22
20
24
23
26
22
26
26
32
27
29
16
34
27
31
23
12
16
9
9
5
5
5
5
5
6
5
5
6
5
5
6
8
12
11
14
54
30
20
15
16
13
12
22
9
10
6
6
5
5
5
5
8
9
18
14
11
13
13
12
11
11
13
11
13
40
28
25
21
16
12
28
18
16
19
18
23
25
24
19
24
34
37
27
20
20
20
24
26
30
31
29
19
24
81
79
50
31
25
21
26
20
20
19
17
19
24
23
19
59
40
30
21
59
14
14
16
13
15
14
13
15
16
13
20
16
54
33
25
30
19
19
21
15
15
22
17
15
14
38
19
14
15
20
13
13
15
12
16
14
11
12
16
14
14
14
14
14
14
14
18
14
18
24
20
19
16
15
18
17
14
19
57
31
19
24
26
20
16
17
18
17
15
17
13
13
14
14
14
20
15
14
17
18
51
20
16
46
16
14
26
23
19
16
16
18
15
23
44
25
23
19
19
16
17
38
16
16
15
15
28
17
14
20
18
73
27
23
18
18
26
14
14
15
18
17
23
15
17
16
19
63
21
23
28
21
14
16
14
14
12
15
17
55
226
14
17
22
18
14
14
15
16
16
15
39
11
13
13
17
31
12
12
12
12
33
28
19
20
15
13
15
12
11
13
12
15
14
174
14
16
24
16
31
19
19
17
14
14
13
15
14
13
12
14
15
16
15
39
35
27
19
17
14
15
15
12
21
14
12
21
15
15
13
21
18
16
20
63
31
23
19
16
15
15
14
37
12
21
13
11
12
11
11
12
14
13
32
24
19
15
13
12
13
11
16
14
14
13
14
14
19
15
17
14
13
14
13
14
14
11
11
12
12
13
13
13
13
12
13
13
12
14
45
33
25
20
19
17
18
16
15
15
18
23
19
23
24
25
16
22
19
20
81
29
26
22
23
22
20
27
23
16
18
18
17
19
20
17
17
56
19
18
16
15
16
15
16
18
14
14
14
16
14
15
13
19
13
13
12
16
13
16
13
6
24
17
7
8
6
5
7
6
