0
11
18
18
24
26
32
14
38
42
17
33
20
42
27
19
13
13
33
16
46
35
50
27
29
65
23
25
45
13
24
49
199
128
98
50
37
79
167
19
37
31
18
14
9
19
16
17
23
16
13
9
13
10
11
9
8
9
11
8
12
13
11
11
11
9
15
13
11
11
10
13
12
15
8
14
10
11
11
11
14
18
5
10
15
11
12
12
8
9
12
12
12
9
20
21
16
12
9
27
20
8
9
9
6
13
12
8
10
10
15
13
19
16
11
19
11
15
12
18
16
15
16
5
10
8
10
16
8
17
15
25
24
20
14
12
8
29
38
30
23
13
11
22
12
12
19
12
16
8
61
267
8
27
13
12
67
24
12
24
24
16
14
8
17
5
17
8
16
17
10
10
7
13
14
19
17
17
44
17
14
40
20
19
66
15
14
246
141
122
51
12
160
162
27
18
400
21
13
48
76
174
88
83
24
46
19
24
9
16
14
14
14
12
11
12
8
16
14
16
10
9
9
24
8
19
9
11
11
8
49
8
27
21
9
26
15
32
12
22
35
12
10
10
8
8
9
9
13
11
13
12
15
12
286
79
75
400
6
18
14
10
22
267
13
12
17
14
15
6
-1
14
11
8
15
8
12
5
16
13
9
13
19
10
10
12
12
20
10
13
15
10
6
9
25
122
18
14
17
16
16
16
10
12
9
16
11
13
60
13
10
11
16
16
15
15
13
12
13
17
22
8
22
11
11
7
14
17
15
13
7
56
13
16
22
15
14
15
8
18
17
12
18
18
14
18
18
16
16
13
9
9
17
24
13
18
15
15
11
305
16
18
15
87
13
11
9
12
28
20
9
45
400
400
12
33
15
400
100
0
13
118
20
15
10
10
-1
17
400
2
1
6
26
11
19
9
136
14
268
126
3
19
22
13
13
347
400
6
-1
22
400
126
5
0
94
20
16
11
400
12
18
15
6
17
45
8
144
13
33
16
18
16
16
12
11
10
13
21
13
22
19
0
7
12
19
400
14
21
0
11
63
56
5
81
71
5
108
5
3
58
50
73
2
9
9
34
41
39
36
21
43
50
52
25
53
6
52
55
28
10
34
40
0
5
19
26
31
84
0
51
23
8
319
5
23
22
10
60
2
7
16
23
24
13
14
21
4
47
14
7
8
12
18
9
11
18
16
19
14
18
14
19
16
76
21
13
144
94
25
21
302
22
25
9
12
109
21
10
14
33
50
21
19
16
14
8
13
11
9
12
10
26
20
16
12
12
12
15
12
22
10
26
16
36
12
16
17
21
20
27
15
12
10
18
11
15
24
28
16
27
10
19
20
17
7
12
7
18
23
11
14
20
18
37
14
18
16
19
16
13
13
23
28
11
9
11
7
17
13
15
18
22
35
37
19
23
23
26
16
53
56
18
33
24
33
8
30
19
22
18
19
23
38
13
14
11
15
14
16
15
23
12
33
12
14
17
19
36
17
12
13
23
14
9
19
12
12
14
17
15
26
6
11
20
14
14
24
14
23
13
12
14
22
11
13
24
17
18
15
15
14
16
14
17
21
19
22
14
10
17
21
16
16
10
16
15
16
400
14
15
24
11
400
16
19
400
13
163
12
29
16
11
98
10
23
6
23
38
41
15
17
11
10
10
10
28
31
20
26
11
11
10
15
7
13
15
15
13
26
10
29
32
12
16
19
11
12
15
9
17
12
17
23
9
8
11
5
-1
9
16
9
16
11
375
13
19
10
10
14
10
18
12
16
13
14
15
9
14
12
19
34
20
-1
9
8
-1
7
27
10
13
10
11
8
20
400
9
9
7
15
16
9
-1
15
13
13
110
15
31
37
-1
42
1
20
24
33
4
6
-1
19
332
19
6
22
19
11
1
89
15
37
33
17
5
29
32
9
12
2
19
17
14
10
10
33
11
9
12
14
14
11
16
13
11
10
16
14
10
6
11
8
10
10
19
39
66
21
12
8
14
17
10
9
8
9
14
26
7
7
13
10
13
6
8
8
15
12
19
18
14
7
7
8
9
21
9
8
9
12
12
11
11
19
9
17
6
7
17
11
7
6
9
17
23
15
20
12
11
15
9
14
10
13
31
9
7
5
6
10
5
6
14
19
8
28
9
8
15
7
8
22
9
15
12
18
7
20
8
9
11
23
18
13
24
18
42
43
82
17
11
10
29
23
15
8
16
75
31
6
17
46
27
13
16
47
54
57
34
39
41
69
18
9
35
44
16
9
16
11
23
21
8
23
13
13
11
11
9
9
11
12
7
8
6
6
11
8
12
10
16
11
9
11
7
8
6
10
14
14
9
6
8
6
13
13
7
9
11
7
12
12
21
8
8
13
11
10
7
7
13
12
20
57
32
15
6
24
15
15
14
17
15
11
14
17
15
41
17
32
44
17
20
26
20
24
42
16
400
13
44
27
400
18
344
30
41
213
21
100
20
70
26
17
305
72
66
77
51
44
23
16
40
38
18
41
107
26
79
34
44
45
49
37
