-0.000000 -0.000000 0.000000 0.000000
-0.132183 2.483486 -0.031056 2.079788
-0.264349 4.966907 -0.093845 4.312590
-0.396497 7.450261 -0.192545 6.678528
-0.528626 9.933549 -0.319211 9.133862
-0.659719 12.413940 -0.453633 11.653348
-0.808486 15.015410 -0.625738 14.253075
-0.961204 17.701030 -0.806700 16.929673
-1.117212 20.434830 -0.995570 19.652887
-1.275656 23.218630 -1.198402 22.439452
-1.423378 26.043680 -1.391216 25.268242
-1.565363 28.913640 -1.580141 28.135903
-1.696464 31.838620 -1.756620 31.072801
-1.852045 34.801250 -1.964719 34.024028
-2.050164 38.031110 -2.194652 37.005230
-2.248365 41.109740 -2.433533 39.997764
-2.449406 44.138220 -2.674661 42.989980
-2.637724 47.122840 -2.909805 45.958381
-2.841862 50.057390 -3.161223 48.858177
-3.029426 52.975240 -3.397223 51.777125
-3.205683 55.853170 -3.628539 54.653758
-3.401155 58.717230 -3.870560 57.505064
-3.588458 61.489530 -4.129408 60.275527
-3.793637 64.175400 -4.399623 62.948812
-3.997496 66.816160 -4.660269 65.506836
-4.192263 69.258350 -4.917722 67.940598
-4.390089 71.572100 -5.182354 70.258849
-4.581080 73.702230 -5.424860 72.392055
-4.760058 75.658340 -5.657449 74.362653
-4.904260 77.441020 -5.849018 76.163981
-5.022651 79.101890 -6.015506 77.848358
-5.095907 80.638950 -6.123224 79.401998
-5.064517 82.100060 -6.114677 80.853076
-4.883784 83.421560 -5.952251 82.219517
-4.533915 84.645550 -5.622107 83.485769
-3.985499 85.715280 -5.102422 84.591595
-3.252642 86.601770 -4.393634 85.523594
-2.371590 87.322880 -3.528275 86.294395
-1.344753 87.872200 -2.543075 86.865072
-0.284865 88.268190 -1.510089 87.279466
0.839962 88.539970 -0.406298 87.561546
1.995589 88.789300 0.737925 87.819278
3.251517 88.928660 1.975504 87.970326
4.635560 89.062820 3.341332 88.121831
6.130289 89.125240 4.832605 88.214825
7.765796 89.173340 6.470635 88.296599
9.565266 89.207100 8.274487 88.364069
11.525000 89.218100 10.242841 88.424313
13.634520 89.232000 12.371459 88.498763
15.894540 89.294420 14.639537 88.618018
18.345950 89.419200 17.019868 88.792200
20.762850 89.568640 19.452932 88.994365
23.206950 89.709640 21.908203 89.193364
25.644040 89.843280 24.366968 89.397520
28.066550 89.973640 26.809229 89.587436
30.487510 90.059710 29.239605 89.731953
32.878030 90.066120 31.646846 89.799376
35.239770 89.995050 34.021770 89.786747
37.553120 89.850310 36.350176 89.700473
39.870250 89.630560 38.618946 89.545521
42.041240 89.361990 40.808453 89.335128
44.130300 89.084140 42.904538 89.116017
46.085540 88.826820 44.867336 88.916776
47.883260 88.640060 46.670912 88.785447
49.519040 88.566240 48.302723 88.757794
51.088730 88.634130 49.860914 88.866648
52.613000 88.890890 51.352545 89.147539
54.035540 89.380280 52.749173 89.660902
55.278520 90.090550 53.991994 90.401848
56.303430 91.043980 55.013796 91.395678
57.112910 92.180140 55.822446 92.578595
57.687850 93.470850 56.371409 93.897828
58.091580 94.899280 56.707875 95.284165
58.440040 96.324230 57.004231 96.724753
58.752090 97.832900 57.251638 98.242017
59.102050 99.419120 57.541417 99.842774
59.504900 101.097600 57.879319 101.539422
59.975620 102.955100 58.268602 103.366841
60.486640 104.839700 58.707317 105.278902
60.998410 106.807300 59.143050 107.281703
61.535600 108.914400 59.601264 109.416272
62.056240 111.099000 60.037943 111.636042
62.601440 113.388000 60.497628 113.958849
63.158780 115.785800 60.957879 116.369849
63.699220 118.240000 61.393805 118.847985
64.244990 120.736100 61.837666 121.371354
64.864780 123.342600 62.342851 123.900559
65.472170 125.880300 62.863358 126.443510
66.076990 128.389000 63.365793 128.970226
66.724260 130.823300 63.886642 131.424473
67.350340 133.298000 64.386270 133.918032
67.964660 135.685300 64.863144 136.372352
68.529550 138.083100 65.318124 138.830413
69.050230 140.472100 65.726669 141.250707
69.580970 142.847900 66.147629 143.653442
70.068730 145.220000 66.540039 146.039632
70.496270 147.697400 66.869292 148.456513
70.874730 150.063200 67.162914 150.819568
71.195070 152.489000 67.384374 153.265676
71.480780 154.913500 67.560919 155.720159
71.677560 157.381500 67.664287 158.199930
71.841670 159.833800 67.732892 160.667694
71.958380 162.295700 67.764587 163.132434
72.066940 164.784500 67.787003 165.612837
72.161030 167.236300 67.788363 168.070985
72.207340 169.738500 67.736606 170.581262
72.211370 172.319300 67.640020 173.076450
72.150030 174.854300 67.478232 175.596835
72.032680 177.380200 67.268175 178.113196
71.906700 179.912800 67.046884 180.649115
71.777240 182.482700 66.816235 183.219794
71.675220 185.017700 66.606988 185.768014
71.518670 187.578800 66.342853 188.331171
71.369540 190.083500 66.080069 190.840556
71.206130 192.589800 65.811362 193.344678
71.028510 195.128600 65.549040 195.785720
70.888420 197.334500 65.293187 198.188942
70.765300 199.467700 65.051859 200.455268
70.642140 201.600700 64.835096 202.544790
70.518920 203.733700 64.640626 204.559922
70.395660 205.866600 64.484449 206.533500
70.302460 207.849900 64.371330 208.468635
70.326640 209.774600 64.328622 210.406160
70.347680 211.686400 64.265587 212.335237
70.342040 213.703700 64.192260 214.285270
70.340280 215.662400 64.123752 216.234168
70.302390 217.710300 64.018465 218.267195
70.267410 219.750500 63.908003 220.310077
70.308640 221.729900 63.804956 222.388854
70.320190 223.771000 63.685707 224.495567
70.323460 225.808900 63.565629 226.586821
70.293790 227.857300 63.421287 228.672960
70.254970 229.850600 63.278448 230.698229
70.209050 231.865200 63.134567 232.674589
70.162300 233.690900 62.990755 234.512175
70.108530 235.335200 62.839577 236.178681
69.958160 236.873000 62.598372 237.716388
69.672010 238.354200 62.228435 239.170857
69.204750 239.710700 61.682094 240.487170
68.525950 240.912000 60.976481 241.621313
67.679490 241.924100 60.124698 242.566229
66.696820 242.769400 59.115816 243.370681
65.628060 243.413100 58.009059 243.971186
64.511330 243.892900 56.852237 244.398091
63.245560 244.192200 55.565368 244.622767
61.846000 244.350100 54.162471 244.683614
60.296870 244.388500 52.661053 244.615051
58.693010 244.338800 51.054615 244.458770
56.964900 244.263300 49.322621 244.264271
55.075370 244.186100 47.417372 244.056838
53.042220 244.052200 45.330373 243.834342
50.780220 243.835600 43.051179 243.595121
48.395140 243.684200 40.583219 243.357329
45.860310 243.554000 37.974089 243.112007
43.274600 243.426300 35.329001 242.861252
40.681730 243.301500 32.685795 242.605437
38.073270 243.187100 30.052682 242.327306
35.472570 243.098700 27.447639 242.016800
32.857640 242.961800 24.868278 241.683942
30.248770 242.824700 22.317368 241.359878
27.666470 242.738400 19.783237 241.070313
25.052810 242.655700 17.287709 240.810411
22.548700 242.575700 14.816021 240.550184
20.082620 242.467800 12.370055 240.267635
17.665060 242.342300 9.963700 239.967788
15.264210 242.178400 7.590162 239.629557
12.911230 241.954800 5.255435 239.259315
10.634850 241.721500 2.987925 238.875811
8.460637 241.504300 0.831198 238.517071
6.420873 241.315400 -1.198031 238.193212
4.448317 241.155700 -3.103907 237.910424
2.666918 241.035100 -4.886683 237.674069
1.031764 240.936600 -6.532611 237.466804
-0.451353 240.878600 -8.027321 237.308713
-1.789223 240.841200 -9.370606 237.187091
-2.973011 240.841500 -10.563694 237.106002
-3.998373 240.869400 -11.595905 237.055052
-4.830280 240.897900 -12.430566 237.026678
-5.423085 240.934500 -13.018411 237.017811
-5.785767 240.959900 -13.378262 237.011619
-5.989711 240.978400 -13.569878 237.008217
-6.081412 240.982200 -13.658480 237.004693
-6.081564 240.981000 -13.655846 237.004519
-6.079981 240.987500 -13.654582 237.004297
-6.080587 241.007700 -13.661530 237.003744
-6.120649 241.023000 -13.703151 237.003055
-6.199727 241.032700 -13.782457 237.001135
-6.380306 241.041100 -13.963404 236.998558
-6.733995 241.066700 -14.324874 237.001482
-7.258141 241.122100 -14.857980 237.027118
-7.943195 241.237300 -15.536785 237.102255
-8.698353 241.425700 -16.312888 237.250749
-9.507617 241.743500 -17.142702 237.515356
-10.366340 242.193700 -18.030375 237.903166
-11.200430 242.819700 -18.919910 238.485313
-11.947250 243.634000 -19.742456 239.283999
-12.596680 244.665300 -20.488620 240.316260
-13.094990 245.937900 -21.071428 241.593613
-13.462250 247.447100 -21.515295 243.058046
-13.686760 249.121700 -21.838131 244.727093
-13.802140 250.967100 -22.073174 246.557077
-13.887340 252.967600 -22.279878 248.535639
-13.948340 255.103900 -22.472145 250.653012
-14.015810 257.392900 -22.674862 252.916923
-14.084080 259.813700 -22.899348 255.300167
-14.170500 262.349500 -23.152394 257.796625
-14.257760 265.025900 -23.410455 260.448769
-14.340490 267.778700 -23.670720 263.175150
-14.454470 270.647800 -23.969877 266.016309
-14.565470 273.637700 -24.281587 268.974496
-14.656920 276.668200 -24.588004 272.000459
-14.761380 279.877600 -24.912996 275.101902
-14.878790 283.021100 -25.257984 278.239948
-15.013480 286.185300 -25.628380 281.399566
-15.157960 289.368500 -26.027109 284.554960
-15.303430 292.505100 -26.420960 287.688700
-15.447640 295.606500 -26.809560 290.769553
-15.604440 298.690800 -27.200600 293.838724
-15.772280 301.761600 -27.586762 296.887291
-15.937510 304.818300 -27.982045 299.914094
-16.102810 307.873100 -28.370588 302.952203
-16.252190 311.043600 -28.749462 305.987721
-16.377560 314.138500 -29.130230 309.056028
-16.505770 317.272800 -29.506774 312.172095
-16.647150 320.449100 -29.889782 315.332358
-16.805480 323.673600 -30.273340 318.541059
-16.972920 326.907700 -30.662747 321.759188
-17.127770 330.116400 -31.034364 324.946411
-17.284330 333.315000 -31.407476 328.120901
-17.463050 336.499100 -31.778144 331.270907
-17.627220 339.629700 -32.151330 334.361704
-17.794670 342.776600 -32.527379 337.392873
-17.947850 345.744700 -32.903187 340.334661
-18.122980 348.624200 -33.288475 343.185755
-18.303500 351.397700 -33.672597 345.928041
-18.467930 354.035500 -34.031035 348.552988
-18.602460 356.521700 -34.354412 351.037590
-18.694980 358.821700 -34.636176 353.326111
-18.781470 360.906000 -34.890849 355.412936
-18.858360 362.778100 -35.116258 357.306583
-18.924050 364.468200 -35.319079 359.022080
-19.019160 365.985100 -35.534064 360.524619
-19.183120 367.321700 -35.800136 361.867611
-19.457640 368.612100 -36.181951 363.140911
-19.879150 369.837600 -36.699720 364.310287
-20.460280 370.962100 -37.363873 365.370804
-21.233760 371.984800 -38.178090 366.294816
-22.204290 372.950400 -39.173703 367.150846
-23.392680 373.764500 -40.395137 367.871714
-24.768810 374.333100 -41.826552 368.341275
-26.299990 374.654000 -43.411566 368.534789
-27.982510 374.639900 -45.085019 368.359282
-29.759700 374.490600 -46.836744 368.040263
-31.650450 374.275000 -48.648615 367.661821
-33.583330 374.083900 -50.558026 367.296778
-35.639080 373.880700 -52.587946 366.909719
-37.797110 373.661500 -54.721575 366.500037
-40.100400 373.467100 -57.009971 366.105270
-42.542130 373.296800 -59.433580 365.717645
-45.226390 373.149900 -62.015196 365.335694
-47.906390 373.033600 -64.678649 364.961232
-50.630410 372.924300 -67.393598 364.586534
-53.389300 372.808700 -70.146662 364.203559
-56.129140 372.677900 -72.877157 363.798284
-58.852920 372.549200 -75.587249 363.388552
-61.571620 372.401100 -78.284813 362.962523
-64.262250 372.208200 -80.960668 362.492977
-66.935360 372.014800 -83.615705 362.029923
-69.603040 371.825400 -86.246182 361.556291
-72.338830 371.644200 -88.871908 361.102399
-74.979920 371.506500 -91.507124 360.696468
-77.591990 371.411800 -94.123479 360.343038
-80.186230 371.346800 -96.728819 360.029113
-82.772930 371.326800 -99.322713 359.752602
-85.295470 371.345200 -101.848624 359.520080
-87.662560 371.372600 -104.209564 359.313415
-89.841260 371.396800 -106.387765 359.122348
-91.813520 371.391500 -108.363085 358.925878
-93.612630 371.347300 -110.165289 358.703606
-95.437120 371.258000 -111.938302 358.435470
-97.169340 371.134500 -113.665993 358.123574
-98.900020 370.985200 -115.385645 357.776979
-100.677400 370.805900 -117.151025 357.402047
-102.509000 370.588800 -118.960258 356.980488
-104.416300 370.375200 -120.849097 356.556967
-106.445300 370.135800 -122.861272 356.103579
-108.583500 369.888100 -124.978802 355.640804
-110.840200 369.663600 -127.215568 355.181008
-113.348900 369.458200 -129.630498 354.727160
-115.872800 369.262900 -132.130871 354.265377
-118.561600 369.081900 -134.792055 353.806088
-121.345600 368.996600 -137.568433 353.431532
-124.261500 368.939300 -140.484018 353.090976
-127.204000 368.914400 -143.413257 352.773944
-130.184500 368.888000 -146.382884 352.446701
-133.163600 368.851600 -149.348718 352.095350
-136.122500 368.822000 -152.295507 351.738187
-139.062200 368.736200 -155.210132 351.326047
-142.051200 368.620400 -158.093384 350.891465
-144.952200 368.515400 -160.966588 350.459473
-147.815300 368.372700 -163.801831 349.986693
-150.664600 368.206900 -166.646420 349.491085
-153.499800 368.034300 -169.443289 348.996046
-156.295300 367.842800 -172.201161 348.487289
-159.054800 367.666100 -174.946180 347.993591
-161.795000 367.510200 -177.662704 347.525880
-164.461500 367.367400 -180.291082 347.077721
-167.017800 367.221900 -182.811987 346.646031
-169.488200 367.095100 -185.180532 346.262468
-171.719100 366.989000 -187.383751 345.911422
-173.737300 366.873000 -189.387401 345.559191
-175.589400 366.733600 -191.218822 345.205769
-177.322100 366.585200 -192.940778 344.848136
-178.949000 366.381500 -194.539363 344.442843
-180.505700 366.021100 -196.030384 343.896122
-181.971600 365.465700 -197.396949 343.184643
-183.295200 364.688200 -198.566024 342.319060
-184.430000 363.666200 -199.562666 341.205986
-185.359900 362.407500 -200.338007 339.852119
-186.033500 360.925600 -200.832262 338.291724
-186.463500 359.270900 -201.062586 336.592942
-186.636400 357.427600 -201.003177 334.797755
-186.688600 355.533300 -200.818003 332.908737
-186.682200 353.573700 -200.565177 330.959188
-186.566500 351.495800 -200.190206 328.898209
-186.397000 349.310200 -199.748640 326.733900
-186.197300 347.004700 -199.264585 324.452937
-185.934700 344.496900 -198.707197 322.058953
-185.635800 341.988700 -198.099288 319.560398
-185.338800 339.352700 -197.477360 316.956439
-185.066300 336.631200 -196.844871 314.260564
-184.812400 333.858100 -196.218181 311.521627
-184.570400 331.075400 -195.620480 308.762008
-184.346900 328.298500 -195.041140 306.020811
-184.152500 325.501600 -194.488023 303.266107
-183.948300 322.698800 -193.919514 300.532270
-183.753000 319.860900 -193.358895 297.737959
-183.611600 316.916500 -192.852570 294.917684
-183.471100 314.039200 -192.334770 292.070902
-183.304300 311.207400 -191.801774 289.290604
-183.149000 308.372700 -191.275031 286.499416
-183.009800 305.564200 -190.757057 283.736298
-182.898700 302.774700 -190.266545 280.981536
-182.821100 299.997200 -189.791262 278.214968
-182.742500 297.242400 -189.314315 275.460399
-182.659400 294.486600 -188.830061 272.717984
-182.495800 291.630600 -188.271074 269.975900
-182.340300 288.831400 -187.706208 267.180549
-182.191200 286.009600 -187.153628 264.419492
-182.024100 283.138900 -186.576212 261.595315
-181.887200 280.256100 -186.021064 258.734431
-181.741300 277.329500 -185.482540 255.838668
-181.597400 274.409400 -184.934690 252.942785
-181.424100 271.476500 -184.348436 250.032572
-181.244000 268.565500 -183.751208 247.142336
-181.028600 265.503600 -183.124928 244.238532
-180.829200 262.567500 -182.479366 241.310753
-180.623100 259.583900 -181.831534 238.366409
-180.389100 256.576800 -181.151065 235.408113
-180.184700 253.619500 -180.505819 232.486481
-180.000900 250.674500 -179.878839 229.571444
-179.824000 247.757000 -179.262413 226.704966
-179.662900 244.889200 -178.668031 223.882354
-179.531500 242.092000 -178.113593 221.136718
-179.410800 239.426900 -177.584956 218.494095
-179.249100 236.801900 -177.039760 215.973060
-179.136400 234.342200 -176.551695 213.548436
-179.079600 232.033100 -176.139971 211.235614
-179.041400 229.899300 -175.773338 209.107964
-179.032300 227.955600 -175.460266 207.167429
-179.015100 226.202800 -175.166077 205.419312
-178.948700 224.650300 -174.852318 203.880534
-178.825500 223.282700 -174.503222 202.529199
-178.559600 221.983100 -174.018647 201.272257
-178.109400 220.777400 -173.364797 200.154538
-177.469700 219.669100 -172.554565 199.179092
-176.665600 218.622300 -171.568686 198.250587
-175.629000 217.657300 -170.362105 197.398571
-174.328000 216.844400 -168.920975 196.732979
-172.698400 216.179500 -167.287403 196.290860
-170.902300 215.739700 -165.495562 196.147057
-168.913200 215.493100 -163.575256 196.236542
-166.834200 215.392300 -161.580405 196.493554
-164.670700 215.317400 -159.458727 196.815010
-162.453700 215.277600 -157.282300 197.166340
-160.132100 215.249500 -155.007360 197.558935
-157.630500 215.222800 -152.648303 197.976661
-155.144700 215.202200 -150.224676 198.426634
-152.582700 215.250700 -147.722285 198.919215
-149.916300 215.274500 -145.129180 199.420840
-147.241700 215.371300 -142.493615 199.943969
-144.539000 215.462300 -139.854494 200.522688
-141.836700 215.602900 -137.224377 201.149728
-139.155800 215.788600 -134.621124 201.825693
-136.477000 216.027300 -132.029976 202.527402
-133.738000 216.262500 -129.463294 203.222326
-131.149900 216.498400 -126.937844 203.902492
-128.642800 216.708900 -124.489915 204.528682
-126.245000 216.877900 -122.166254 205.110690
-124.026000 217.013200 -119.985880 205.627468
-122.002100 217.098900 -117.980293 206.052202
-120.144800 217.143500 -116.132177 206.401702
-118.340900 217.172100 -114.329117 206.722645
-116.542400 217.168700 -112.543155 207.015334
-114.765500 217.183700 -110.781696 207.315629
-112.971100 217.204600 -109.048419 207.616806
-111.267700 217.293400 -107.363069 207.981985
-109.583100 217.545700 -105.721865 208.477989
-107.950600 217.971600 -104.162288 209.118548
-106.412500 218.614800 -102.724847 209.955593
-105.013800 219.460900 -101.459938 210.988636
-103.781200 220.496100 -100.410101 212.198883
-102.702200 221.703900 -99.551435 213.557902
-101.844400 223.043700 -98.946933 215.022662
-101.206400 224.483600 -98.584305 216.540452
-100.777700 226.013700 -98.440504 218.080117
-100.484500 227.643800 -98.416913 219.621728
-100.184800 229.165300 -98.373179 221.153474
-99.905040 230.672300 -98.323462 222.662452
-99.536980 232.105500 -98.181192 224.133644
-99.078850 233.450900 -97.914857 225.512777
-98.421200 234.545200 -97.440902 226.661373
-97.731200 235.462900 -96.893218 227.695418
-96.820590 236.112600 -96.088971 228.542588
-95.902120 236.569600 -95.210058 229.217331
-94.933010 236.994900 -94.253992 229.798049
-93.838410 237.310600 -93.160302 230.270534
-92.613040 237.535400 -91.943383 230.690067
-91.258280 237.738100 -90.596062 231.117452
-89.741600 237.882700 -89.086290 231.517491
-88.000560 238.028500 -87.415358 231.943470
-86.101910 238.173200 -85.603735 232.419420
-84.064540 238.280800 -83.657353 232.917536
-81.879190 238.373700 -81.569023 233.438216
-79.572100 238.495300 -79.355134 233.969513
-77.180510 238.630400 -77.054014 234.501142
-74.735340 238.766200 -74.676243 235.029776
-72.230450 238.925500 -72.235627 235.571497
-69.657390 239.054300 -69.724055 236.116753
-67.024470 239.153000 -67.157613 236.670967
-64.349060 239.257400 -64.587515 237.263894
-61.604070 239.408900 -62.033741 237.879231
-58.926250 239.548900 -59.487123 238.510239
-56.328030 239.701000 -56.970466 239.139450
-53.785180 239.855600 -54.475339 239.761778
-51.267330 240.011200 -52.017257 240.385991
-48.775300 240.144700 -49.607431 240.993695
-46.320050 240.289200 -47.242126 241.614233
-43.902400 240.458800 -44.908773 242.230409
-41.546610 240.657100 -42.624444 242.846809
-39.252740 240.884200 -40.459250 243.451780
-37.163760 241.107200 -38.420406 244.031990
-35.105410 241.307600 -36.419775 244.595991
-33.080510 241.499700 -34.449623 245.127833
-31.163700 241.682200 -32.573839 245.623088
-29.401200 241.842300 -30.843964 246.066425
-27.812880 241.960100 -29.282075 246.442046
-26.391490 242.018800 -27.871145 246.738195
-25.108060 242.021600 -26.588349 246.962330
-23.969020 241.984700 -25.445967 247.125648
-22.947200 241.866500 -24.453342 247.207716
-22.112720 241.730500 -23.608440 247.242101
-21.476270 241.612300 -22.963836 247.251460
-20.991920 241.479200 -22.460724 247.214326
-20.511840 241.332800 -21.957183 247.145610
-20.048630 241.182300 -21.468864 247.073802
-19.579390 240.994000 -20.953150 246.972168
-18.975670 240.689800 -20.304250 246.785987
-18.253000 240.211600 -19.517393 246.461764
-17.448050 239.539600 -18.629053 245.968926
-16.683990 238.667500 -17.707066 245.239558
-16.012170 237.576900 -16.839644 244.253313
-15.464390 236.265200 -16.071903 243.018576
-15.080220 234.698900 -15.433254 241.514199
-14.812240 232.903500 -14.865741 239.772837
-14.639620 230.898400 -14.345185 237.834802
-14.536580 228.707700 -13.856920 235.689448
-14.495050 226.329200 -13.380736 233.363548
-14.469950 223.777900 -12.878512 230.874121
-14.444150 221.061300 -12.331507 228.225997
-14.398420 218.191800 -11.741206 225.420058
-14.324350 215.178400 -11.100352 222.495805
-14.187660 211.943200 -10.381234 219.463637
-14.036390 208.694200 -9.614842 216.328548
-13.867190 205.370500 -8.812294 213.108609
-13.655150 201.990600 -7.958714 209.824430
-13.437340 198.566700 -7.098634 206.513660
-13.218440 195.101200 -6.216868 203.164823
-12.984760 191.597800 -5.323512 199.773747
-12.766770 188.053100 -4.436293 196.325769
-12.574770 184.449500 -3.548825 192.803322
-12.400800 180.798300 -2.664127 189.244293
-12.239400 177.089800 -1.787180 185.623281
-12.073090 173.198300 -0.888976 181.934282
-11.912940 169.389500 0.015395 178.209138
-11.761870 165.530300 0.917044 174.446962
-11.590750 161.646300 1.840907 170.677517
-11.410450 157.742100 2.780535 166.883160
-11.227760 153.818300 3.729738 163.107169
-11.048440 149.860100 4.685521 159.325552
-10.830960 145.929000 5.651554 155.579847
-10.594870 142.004600 6.622290 151.843484
-10.356250 138.089900 7.601438 148.104760
-10.125170 134.221500 8.583472 144.414349
-9.914002 130.256700 9.560598 140.763043
-9.710743 126.509000 10.526164 137.172914
-9.498424 122.892200 11.470671 133.690922
-9.301176 119.421600 12.366951 130.355949
-9.123199 116.123900 13.211612 127.174562
-8.969290 112.971800 13.994919 124.149440
-8.840038 110.020200 14.717434 121.316149
-8.715519 107.289800 15.384071 118.696940
-8.604428 104.773800 15.984736 116.295068
-8.513778 102.470600 16.539124 114.105613
-8.344406 100.365400 17.135314 112.138700
-7.994562 98.419060 17.844249 110.403590
-7.449160 96.747050 18.703170 108.915177
-6.689768 95.233650 19.716275 107.641874
-5.733164 93.903920 20.891878 106.562575
-4.598676 92.769000 22.198231 105.701734
-3.291400 91.863690 23.632507 105.082953
-1.818453 91.205530 25.158806 104.765100
-0.287295 90.773700 26.678747 104.709822
1.280436 90.536670 28.205166 104.870716
2.884839 90.390760 29.752128 105.119727
4.608631 90.270590 31.366923 105.424676
6.378962 90.185850 33.081415 105.775952
8.239940 90.078760 34.906472 106.131961
10.227520 89.967220 36.854431 106.516826
12.350260 89.860700 38.938140 106.924392
14.625080 89.782180 41.156185 107.398584
17.036370 89.808850 43.505444 107.989880
19.571840 89.942190 45.948432 108.707060
22.239360 90.156490 48.434287 109.515832
24.827220 90.375750 50.926552 110.333587
27.380090 90.539560 53.413194 111.079744
29.929090 90.601340 55.902429 111.723744
32.443160 90.553140 58.385651 112.259549
34.950980 90.402450 60.872827 112.702672
37.465170 90.190860 63.372225 113.096158
40.029130 89.967450 65.915387 113.482700
42.672410 89.745720 68.534473 113.900255
45.360650 89.550400 71.200455 114.350239
48.135020 89.346790 73.858550 114.801399
50.798640 89.068730 76.510474 115.167039
53.423200 88.620720 79.178210 115.361574
55.973120 87.990860 81.806980 115.369678
58.463560 87.223180 84.398266 115.207898
60.948220 86.351030 87.002047 114.941813
63.458420 85.422890 89.644433 114.628301
65.963380 84.482430 92.290750 114.305447
68.527380 83.507630 95.004285 113.967590
71.108530 82.473440 97.740521 113.569756
73.678700 81.309600 100.508947 113.043530
76.344590 79.976090 103.308553 112.395015
78.987220 78.607140 106.168621 111.687595
81.638460 77.230760 109.038770 110.975607
84.257430 75.858060 111.881741 110.270789
86.832210 74.444840 114.698793 109.511308
89.314440 72.947700 117.464727 108.638567
91.689390 71.361910 120.129756 107.667293
93.958600 69.681490 122.730257 106.582779
96.119590 67.920830 125.232919 105.398152
98.195690 66.141670 127.646019 104.175844
100.194800 64.433770 129.971855 103.002165
102.137400 62.811170 132.163361 101.938209
103.896200 61.425700 134.192721 101.014389
105.532100 60.158600 136.083691 100.180536
107.119200 58.890090 137.923551 99.336280
108.699600 57.608290 139.750602 98.480354
110.236700 56.334530 141.537044 97.617596
111.812400 55.003780 143.376866 96.716699
113.441000 53.615470 145.278864 95.772048
115.157700 52.200880 147.269915 94.825933
116.976700 50.809470 149.356224 93.922805
118.961700 49.383680 151.542605 93.045176
120.971300 47.931130 153.810514 92.127427
123.046100 46.415030 156.195218 91.153258
125.193200 44.817560 158.678500 90.119889
127.421200 43.155260 161.251486 89.046412
129.718500 41.425000 163.876101 87.930416
132.039100 39.683510 166.556048 86.793476
134.363200 37.948780 169.218247 85.677692
136.677700 36.189800 171.875254 84.545047
138.995600 34.473350 174.525868 83.446371
141.403100 32.756250 177.173356 82.393073
143.703400 31.089240 179.825186 81.327329
145.962900 29.416070 182.413452 80.245822
148.213100 27.716360 184.985941 79.143100
150.417400 26.051960 187.507766 78.075463
152.568000 24.439430 190.017398 77.029920
154.574000 22.908480 192.325496 76.039767
156.454400 21.411640 194.521821 75.054318
158.141200 20.038390 196.498478 74.144743
159.640000 18.778950 198.255462 73.300731
161.061600 17.634520 199.888654 72.568699
162.547700 16.669450 201.539485 72.039916
164.185300 15.968920 203.203677 71.791239
165.806600 15.511950 204.861898 71.756192
167.537200 15.261630 206.588803 71.951740
169.337800 15.193060 208.353795 72.320338
171.209000 15.235160 210.162727 72.797298
173.139400 15.247510 212.035412 73.265635
175.151900 15.217660 213.988506 73.715109
177.187100 15.143000 215.972799 74.127404
179.387600 15.020410 218.053787 74.529045
181.553600 14.864700 220.182039 74.903822
183.772100 14.671040 222.368003 75.256583
186.041400 14.494390 224.593765 75.632084
188.332900 14.326730 226.849433 76.038346
190.622700 14.147960 229.117336 76.429302
192.930900 13.963400 231.401678 76.843732
195.270600 13.756710 233.711126 77.239666
197.650400 13.528150 236.065298 77.627275
200.096700 13.271950 238.507543 78.002184
202.669100 13.016830 240.984377 78.385587
205.176500 12.762920 243.471118 78.763871
207.704000 12.536220 245.954943 79.186492
210.202000 12.334790 248.410404 79.624562
212.745000 12.136350 250.917505 80.069626
215.262900 11.955810 253.419562 80.528619
217.838300 11.728340 255.967315 80.957027
220.409300 11.495120 258.508832 81.373682
223.048000 11.277530 261.115910 81.814397
225.702800 11.079170 263.727241 82.291549
228.460500 10.853470 266.369861 82.750503
231.134700 10.593750 269.003664 83.170273
233.830200 10.347560 271.650984 83.608765
236.501400 10.096360 274.284641 84.040493
239.154900 9.813401 276.917077 84.435687
241.785100 9.573297 279.526305 84.858339
244.395000 9.357290 282.118295 85.295635
246.949900 9.153990 284.661648 85.744879
249.582200 8.964387 287.163589 86.198767
252.032300 8.782278 289.582407 86.643508
254.391500 8.615412 291.903218 87.092928
256.608600 8.457639 294.085745 87.515855
258.724900 8.298459 296.169871 87.902310
260.512900 8.029388 298.160861 88.238432
262.197700 7.714142 300.048074 88.482537
263.881300 7.399290 301.849013 88.628716
265.563600 7.084877 303.492985 88.704229
267.244500 6.770947 304.962609 88.732740
268.742600 6.458419 306.242990 88.736047
269.821300 6.180545 307.313433 88.751445
270.704900 6.009434 308.199934 88.818820
271.482900 5.921679 308.983607 88.936948
272.238400 5.939812 309.726980 89.142105
272.989200 6.056422 310.432702 89.442835
273.722700 6.279358 311.076929 89.856588
274.479100 6.624775 311.718601 90.395834
275.251700 7.160316 312.338161 91.082921
275.872600 8.249716 312.826639 92.007156
276.434200 9.531418 313.214753 93.124296
276.975400 10.800140 313.408696 94.413125
277.498100 12.053070 313.448854 95.862110
278.004900 13.287720 313.436230 97.512301
278.458300 14.755360 313.290538 99.336745
278.730200 16.687120 312.992683 101.305739
278.943100 18.826490 312.585585 103.457804
279.108800 21.130980 312.093270 105.748458
279.214400 23.629200 311.532213 108.180040
279.374100 26.252700 310.961389 110.782739
279.559100 29.005460 310.386355 113.516233
279.758900 31.899240 309.828702 116.287315
279.972400 34.787430 309.267409 119.132794
280.201500 37.747910 308.692342 122.046369
280.428200 40.713340 308.106442 124.975511
280.644900 43.744300 307.501068 127.942460
280.852100 46.800820 306.880939 130.930118
281.064800 49.839490 306.271074 133.893940
281.291300 52.874810 305.665757 136.836855
281.492600 55.943520 305.050484 139.835271
281.717500 59.007700 304.447676 142.798690
282.003000 62.077460 303.892189 145.787828
282.291600 65.234490 303.330105 148.785503
282.513200 68.302990 302.717775 151.757917
282.711300 71.361190 302.086399 154.738791
282.874900 74.404530 301.438646 157.710982
283.083100 77.434300 300.812713 160.668125
283.326500 80.447910 300.209811 163.634441
283.585900 83.476750 299.610498 166.613067
283.831500 86.456440 299.026034 169.538845
284.090700 89.445360 298.453817 172.484143
284.384800 92.438800 297.919325 175.456339
284.709900 95.514930 297.413201 178.421123
285.109400 98.479440 296.967590 181.423468
285.569200 101.408000 296.600565 184.358760
286.021100 104.303400 296.229147 187.290117
286.501300 107.182100 295.894342 190.158991
286.975800 110.032000 295.569144 193.025312
287.401500 112.846900 295.199767 195.824547
287.817100 115.618100 294.819916 198.601480
288.248500 118.313000 294.468621 201.320827
288.640700 120.865300 294.107548 203.909886
289.053700 123.435200 293.783419 206.417051
289.495100 125.774900 293.535488 208.817696
289.954600 127.969700 293.350865 211.079518
290.425200 129.947400 293.238535 213.123556
290.897100 131.746900 293.177397 214.999172
291.380500 133.377100 293.170778 216.708934
291.796000 134.943400 293.125066 218.337171
292.178300 136.532800 293.040727 219.965332
292.411000 138.123900 292.819184 221.545812
292.454700 139.704800 292.418482 223.060726
291.990200 141.289200 291.779712 224.538180
290.896300 142.732400 290.886347 225.911855
289.802500 144.140300 289.732280 227.132079
288.714900 145.513400 288.311988 228.136884
287.639400 146.853400 286.666573 228.908634
286.581700 148.162900 284.843234 229.434311
284.791100 149.055900 282.839663 229.786098
282.831900 149.967800 280.699852 230.106335
280.802300 150.933500 278.471520 230.446623
278.682300 151.971300 276.136161 230.817049
276.391400 153.131700 273.697427 231.236178
274.061800 154.360700 271.120618 231.717900
271.643200 155.675700 268.436560 232.243902
269.139100 157.040000 265.651229 232.783798
266.633500 158.436400 262.839530 233.354131
264.083600 159.868000 259.995584 233.971273
261.606100 161.382500 257.179255 234.678566
259.199500 162.990100 254.402022 235.480454
256.849000 164.664300 251.662039 236.367729
254.509900 166.368500 248.930696 237.280661
252.108400 168.064900 246.146241 238.156979
249.570400 169.765900 243.320547 238.952993
247.066900 171.369700 240.449540 239.707101
244.516200 172.924200 237.562667 240.400050
241.945100 174.405300 234.649130 241.018021
239.335100 175.838900 231.725106 241.577419
236.713900 177.219400 228.816616 242.082934
234.119000 178.581500 225.938651 242.572081
231.551900 179.941500 223.080775 243.069592
229.018400 181.300900 220.230839 243.577674
226.534700 182.671700 217.444423 244.110648
224.020400 184.040900 214.718763 244.610821
221.628800 185.334900 212.048590 245.090613
219.329700 186.570900 209.462829 245.539257
217.124900 187.746000 207.009828 245.963783
215.019600 188.836400 204.679734 246.347479
213.059000 189.824200 202.516327 246.680854
211.237100 190.742600 200.484194 246.988429
209.601800 191.589000 198.646224 247.290425
208.144200 192.336900 197.010881 247.544376
206.855500 193.043500 195.590576 247.794725
205.826600 193.638800 194.401833 248.037123
205.022500 194.142700 193.462480 248.259723
204.417800 194.562000 192.743258 248.470818
203.844300 194.985100 192.063096 248.681377
203.343300 195.521400 191.395610 248.919563
202.818400 196.026300 190.718557 249.155153
202.251700 196.561600 190.006291 249.442670
201.507300 197.233800 189.081379 249.821805
200.544600 198.040600 187.913796 250.269422
199.401000 198.989000 186.528857 250.800166
198.016900 200.054600 184.941810 251.339869
196.543400 201.134000 183.215528 251.890785
194.915700 202.228400 181.341152 252.409839
192.900600 203.389400 179.319757 252.914062
190.885600 204.550200 177.159571 253.377273
188.870700 205.710900 174.909486 253.827869
186.855900 206.871400 172.580046 254.266173
184.841100 208.031800 170.172120 254.700545
182.800800 209.174800 167.684202 255.160635
180.446600 210.493500 165.124234 255.645547
178.148800 211.763700 162.547275 256.120195
175.856000 213.050900 159.967087 256.611957
173.572300 214.320400 157.392243 257.091141
171.327200 215.583700 154.867322 257.570320
169.098800 216.836200 152.370331 258.034326
166.973400 218.011600 149.979098 258.459103
164.984100 219.109900 147.752759 258.853349
163.150000 220.078500 145.716899 259.167407
161.464400 220.905500 143.866037 259.398797
159.867300 221.621400 142.136905 259.553166
158.159800 222.175600 140.410785 259.527464
156.498900 222.515800 138.742552 259.309349
154.831200 222.675300 137.126903 258.912416
153.111200 222.659200 135.510443 258.327088
151.300400 222.555500 133.829909 257.633873
149.391200 222.374500 132.069969 256.847537
147.349700 222.204100 130.185275 256.030536
145.171500 222.030300 128.168977 255.152760
142.825200 221.832900 125.999505 254.201237
140.285000 221.631100 123.716859 253.216580
137.648800 221.490600 121.269745 252.220850
134.882200 221.362300 118.698498 251.192267
132.018100 221.268600 116.030922 250.162128
129.043400 221.143900 113.255644 249.067460
125.988000 220.995500 110.401794 247.922378
122.963400 220.850100 107.584108 246.784650
119.902000 220.664600 104.748299 245.604499
116.880200 220.462000 101.959728 244.414980
113.896300 220.268300 99.205492 243.244780
110.839100 220.071300 96.474500 242.084468
107.937200 219.900200 93.789673 240.956023
105.029500 219.746300 91.095795 239.843671
102.162500 219.595700 88.437999 238.745609
99.323480 219.448600 85.819542 237.664655
96.519730 219.280900 83.245509 236.572861
93.783540 219.076400 80.743708 235.471970
91.207770 218.894700 78.351018 234.402992
88.747620 218.724400 76.107264 233.385446
86.486020 218.558400 74.025102 232.447217
84.353920 218.446700 72.096558 231.615023
82.467160 218.422500 70.304306 230.925341
80.709970 218.524200 68.587855 230.406049
78.995380 218.775300 66.872955 230.051569
77.353060 219.201700 65.163821 229.886918
75.804090 219.840200 63.464859 229.950386
74.414490 220.790500 61.785796 230.352361
73.188610 222.055800 60.215692 231.080296
72.173660 223.462600 58.773898 232.043544
71.360330 225.142200 57.475216 233.320597
70.763100 226.976700 56.309025 234.828533
70.379780 228.947200 55.300249 236.543304
70.162230 231.036500 54.401498 238.430552
70.021770 233.224800 53.535049 240.454563
69.958480 235.448500 52.709865 242.552851
69.904010 237.765700 51.843149 244.725803
69.860910 240.137600 50.961786 246.945511
69.834490 242.603200 50.066409 249.248881
69.754060 245.179300 49.092996 251.616179
69.606180 247.826400 48.021177 254.063225
69.472500 250.529500 46.946195 256.568758
69.328740 253.448400 45.823082 259.184599
69.193960 256.375500 44.675098 261.895563
69.036860 259.375700 43.524803 264.666761
68.853730 262.525400 42.305770 267.551400
68.684960 265.687500 41.069312 270.456609
68.498010 268.890300 39.803986 273.389192
68.310230 272.099300 38.534569 276.328596
68.132880 275.279100 37.276418 279.253716
67.942160 278.439100 36.010290 282.154414
67.739030 281.607100 34.735505 285.038750
67.538150 284.723700 33.466381 287.900203
67.326330 287.979000 32.205260 290.761611
67.118280 291.112400 30.970659 293.583194
66.913820 294.233600 29.725056 296.413355
66.729220 297.319500 28.497709 299.243883
66.522980 300.376000 27.271392 302.006956
66.276250 303.429700 26.003263 304.760439
66.028550 306.431500 24.747573 307.474613
65.734810 309.439300 23.457104 310.163024
65.390600 312.426700 22.111373 312.834885
65.012680 315.383000 20.720021 315.489542
64.554180 318.420400 19.275731 318.081298
64.141810 321.367100 17.875369 320.660176
63.780330 324.348900 16.509581 323.300298
63.448950 327.343700 15.165752 325.972312
63.185650 330.345900 13.883748 328.678933
63.044750 333.358200 12.656185 331.424372
62.898140 336.382000 11.419996 334.177804
62.767140 339.430500 10.201462 336.969348
62.621660 342.434400 8.984357 339.737651
62.502930 345.422700 7.786270 342.524906
62.376530 348.465300 6.620794 345.245760
62.275900 351.322200 5.493031 347.881569
62.198290 354.067000 4.431721 350.421704
62.109460 356.707500 3.399202 352.864577
62.077510 359.214400 2.476364 355.203725
62.107380 361.576000 1.651106 357.439483
62.136000 363.716100 0.907817 359.463286
62.164570 365.741400 0.209440 361.373037
62.188390 367.765400 -0.495404 363.278352
62.167390 369.760900 -1.235148 365.125507
62.052810 371.807900 -2.054306 366.911689
61.815630 373.850900 -3.016329 368.716434
61.513990 375.983400 -4.075468 370.568127
61.188680 378.244100 -5.202305 372.553518
60.881030 380.645900 -6.356444 374.681541
60.626390 383.168900 -7.496861 376.932283
60.449410 385.833600 -8.627806 379.351289
60.358050 388.604700 -9.714559 381.905356
60.337180 391.507200 -10.803088 384.609928
60.342540 394.512100 -11.912432 387.424978
60.308480 397.753100 -13.099941 390.342119
60.257220 400.967400 -14.323030 393.304794
60.163670 404.157100 -15.575507 396.238770
60.018360 407.368700 -16.876338 399.165676
59.865010 410.547900 -18.174499 402.062840
59.687790 413.688300 -19.480125 404.933086
59.521640 416.838400 -20.773192 407.799726
59.361750 419.939600 -22.051379 410.628197
59.191340 423.007000 -23.314165 413.425845
59.059140 426.029900 -24.535527 416.200545
58.908550 429.002700 -25.724684 418.837194
58.743470 431.749900 -26.878960 421.342282
58.553360 434.365400 -28.014007 423.711610
58.296890 436.834300 -29.142601 425.919292
58.005610 439.157500 -30.253772 427.980788
57.678020 441.330100 -31.356750 429.893888
57.302280 443.310100 -32.430758 431.608003
56.971900 445.072600 -33.387297 433.149840
56.795660 446.676600 -34.133911 434.597038
57.267560 447.978300 -34.607063 436.027736
57.981380 449.077500 -34.778032 437.422880
58.671240 450.136000 -34.623123 438.739662
59.329390 451.159400 -34.213397 439.980014
59.949400 452.154800 -33.539996 441.076886
60.731000 452.976000 -32.695370 441.994255
61.906730 453.323200 -31.695033 442.756844
63.247070 453.516700 -30.502143 443.406708
64.747310 453.628500 -29.141946 444.032373
66.404830 453.668500 -27.622741 444.643930
68.212480 453.748800 -25.986449 445.344982
70.157370 453.839400 -24.222757 446.112616
72.240280 453.940600 -22.340168 446.957127
74.449830 454.056900 -20.344358 447.875314
76.817000 454.205600 -18.215135 448.875012
79.296760 454.355000 -15.976017 449.927103
81.867450 454.523300 -13.653568 451.024974
84.546720 454.705400 -11.237665 452.170971
87.323250 454.856500 -8.720784 453.332136
90.231020 454.978400 -6.148643 454.487128
93.108910 455.129400 -3.543297 455.688003
96.015050 455.286500 -0.913578 456.911540
98.926330 455.441000 1.737097 458.138129
101.850800 455.606400 4.391411 459.358199
104.751100 455.770800 7.033758 460.571167
107.648400 455.899000 9.677339 461.753572
110.538900 456.023500 12.300810 462.936294
113.382300 456.181200 14.874662 464.128988
116.234400 456.325800 17.451538 465.307495
119.104200 456.460100 19.957896 466.442517
121.841400 456.616000 22.416588 467.587596
124.562900 456.801100 24.868922 468.752590
127.262400 457.015800 27.292882 469.936608
129.913200 457.317800 29.641934 471.188223
132.540800 457.700300 31.928544 472.512242
135.127600 458.145700 34.164521 473.886253
137.693800 458.656800 36.363333 475.308729
140.218700 459.231700 38.506125 476.771836
142.716000 459.863900 40.586387 478.277342
145.241600 460.576300 42.591806 479.824312
147.632700 461.365800 44.516659 481.432813
150.014500 462.215400 46.411142 483.089000
152.328400 463.107900 48.223619 484.756642
154.631300 464.058200 50.009756 486.484017
156.887200 465.024500 51.733494 488.217031
159.109100 466.054600 53.393908 490.000514
161.273900 467.137400 54.977768 491.808900
163.378700 468.262200 56.497531 493.645772
165.417800 469.414800 57.944569 495.485118
167.483800 470.647600 59.331669 497.339906
169.337300 471.831000 60.589778 499.141383
171.047200 472.996300 61.721174 500.864960
172.604000 474.088300 62.753545 502.467350
173.993000 475.068600 63.684360 503.891426
175.241800 475.904800 64.563525 505.135455
176.339000 476.548900 65.378658 506.140916
177.345400 477.060500 66.157605 506.992210
178.408600 477.496200 66.983465 507.776859
179.479000 477.736000 67.897838 508.416534
180.525100 477.846500 68.838481 508.927661
181.609900 477.810000 69.875706 509.315821
182.760000 477.594500 71.048943 509.555104
183.943800 477.196100 72.334114 509.628001
185.160700 476.539200 73.738349 509.457876
186.428000 475.569600 75.289505 509.001701
187.747700 474.282700 76.991188 508.272823
189.146800 472.745200 78.852922 507.348616
190.617900 470.987400 80.868057 506.253771
192.179200 469.009700 83.042536 505.005262
193.861000 466.896100 85.361844 503.669013
195.662500 464.612600 87.846697 502.213256
197.559800 462.152000 90.416964 500.687950
199.417500 459.745100 93.013164 499.150881
201.295800 457.345900 95.627268 497.623526
203.181400 454.961400 98.244804 496.121131
205.073800 452.593100 100.864067 494.637320
206.974100 450.242000 103.488361 493.166556
208.864700 447.911300 106.096720 491.706871
210.748100 445.588800 108.690646 490.246601
212.601700 443.269600 111.264616 488.783402
214.452000 440.966700 113.822094 487.335990
216.349500 438.612700 116.365044 485.914631
218.213700 436.338600 118.932991 484.509358
220.121400 434.022500 121.553206 483.089540
222.090100 431.651600 124.282040 481.626364
224.096700 429.226300 127.074345 480.134845
226.110500 426.814000 129.871202 478.601799
228.124300 424.401700 132.658904 477.084457
230.138100 421.989400 135.431404 475.596027
232.151900 419.577200 138.181559 474.135012
234.165700 417.164900 140.904231 472.711233
236.195600 414.750000 143.575141 471.316128
238.062800 412.556600 146.123592 469.967468
239.314300 410.774100 148.484622 468.694184
240.499400 408.921000 150.621936 467.478435
241.683000 407.074200 152.494744 466.306368
242.865300 405.233900 154.072593 465.121670
244.047100 403.399900 155.366748 463.824647
244.631400 401.693000 156.368700 462.359340
244.601200 400.039300 156.995206 460.770882
244.202600 398.475500 157.249515 459.121742
243.468800 397.015100 157.129874 457.455847
242.451700 395.650200 156.699061 455.799530
241.211700 394.394500 156.021928 454.167666
239.801500 393.228600 155.142501 452.542647
238.202400 392.155700 154.035492 450.940603
236.383200 391.196900 152.684254 449.374039
234.361400 390.344600 151.098127 447.837170
232.061700 389.605800 149.273433 446.335957
229.637400 388.975300 147.248037 444.828919
227.043600 388.412100 145.047905 443.318570
224.271000 387.971400 142.623198 441.843910
221.347200 387.589300 140.053673 440.374956
218.264900 387.205100 137.336053 438.861006
215.091400 386.834100 134.538292 437.329704
211.852900 386.478100 131.675810 435.788066
208.569300 386.144300 128.769698 434.252094
205.247400 385.838600 125.814194 432.719610
201.886900 385.552800 122.810213 431.191515
198.530500 385.284800 119.793955 429.688532
195.068000 385.037600 116.780385 428.219535
191.730700 384.811500 113.779537 426.761984
188.418700 384.620700 110.793979 425.335026
185.141700 384.455200 107.839203 423.933375
181.901000 384.301300 104.904763 422.547373
178.689100 384.157500 101.991111 421.173592
175.512100 384.014100 99.132983 419.817916
172.368000 383.891700 96.307276 418.484565
169.255400 383.770100 93.515854 417.175556
166.208700 383.670900 90.760081 415.907137
163.256000 383.599700 88.076202 414.701400
160.367300 383.555000 85.519844 413.580350
157.748600 383.549900 83.110133 412.556506
155.300500 383.546900 80.853774 411.598833
153.015000 383.489200 78.768097 410.656540
150.903600 383.348000 76.895801 409.701128
149.019400 383.092800 75.285212 408.733984
147.418600 382.664800 74.006114 407.701147
146.049900 381.977000 73.024163 406.546600
144.899200 381.036000 72.331882 405.267444
144.030900 379.873100 71.970363 403.853494
143.438100 378.536900 71.936522 402.381749
143.062400 377.068500 72.158656 400.882960
142.866300 375.475300 72.600644 399.352431
142.734400 373.697400 73.150198 397.729121
142.691200 371.876900 73.816941 396.043332
142.664200 369.926000 74.547487 394.241263
142.656000 367.822400 75.359795 392.309928
142.665700 365.569500 76.250024 390.244788
142.735600 363.157100 77.255547 388.054236
142.826600 360.584600 78.352393 385.718813
142.937500 357.839300 79.534665 383.245982
143.105300 354.838700 80.840598 380.655434
143.257500 351.828700 82.180041 377.955157
143.405200 348.738000 83.535503 375.178934
143.572700 345.590000 84.932346 372.361913
143.730500 342.408200 86.335394 369.504803
143.923600 339.214100 87.774071 366.661078
144.109600 336.037400 89.202479 363.821973
144.284100 332.848800 90.622904 360.957833
144.488500 329.694700 92.038341 358.142493
144.708400 326.497000 93.453518 355.296835
144.898200 323.167600 94.868944 352.412269
145.061200 319.872600 96.300354 349.475033
145.223200 316.531000 97.751178 346.491141
145.405700 313.129700 99.230419 343.479664
145.615500 309.672700 100.751225 340.413300
145.821200 306.180800 102.282368 337.297384
146.017000 302.651700 103.826010 334.150898
146.221400 299.119400 105.379205 330.992588
146.431800 295.570700 106.946557 327.819577
146.663400 292.078600 108.514378 324.717445
146.891800 288.584300 110.074988 321.606097
147.105400 285.116700 111.648669 318.506344
147.315000 281.552300 113.205839 315.420043
147.519400 278.118000 114.746202 312.357595
147.719600 274.669700 116.288783 309.293604
147.874000 271.314900 117.767534 306.274481
148.044100 267.948200 119.252009 303.262556
148.222600 264.608400 120.751552 300.278742
148.408200 261.339900 122.220214 297.352720
148.576100 258.116400 123.640861 294.455169
148.741900 254.917600 125.058929 291.575919
148.917800 251.840300 126.458045 288.818381
149.074800 248.800300 127.772154 286.181653
149.225900 245.979200 129.035938 283.668132
149.379000 243.349500 130.239242 281.325294
149.540400 240.865800 131.384276 279.123903
149.713200 238.549000 132.484496 277.069488
149.874000 236.456600 133.486768 275.220983
150.040800 234.561500 134.416107 273.555650
150.181600 232.861200 135.240211 272.053040
150.253900 231.332600 135.938432 270.669782
150.186700 229.917100 136.447778 269.363369
149.980200 228.648700 136.790454 268.091734
149.584200 227.460400 136.917994 266.814564
149.057700 226.352600 136.903074 265.560633
148.341300 225.321600 136.684430 264.303202
147.416600 224.361600 136.248253 263.008519
146.281500 223.530400 135.576328 261.736953
144.886100 222.819700 134.661461 260.520548
143.328800 222.288600 133.495913 259.382733
141.631600 221.893200 132.130419 258.324362
139.768400 221.660500 130.573014 257.340549
137.736700 221.494500 128.835468 256.351709
135.517000 221.381300 126.900553 255.328396
133.119600 221.296700 124.806627 254.261808
130.585900 221.257900 122.532738 253.160985
127.832400 221.225100 120.077468 251.956542
124.954300 221.200800 117.498533 250.686536
122.002800 221.180800 114.848123 249.397588
119.005500 221.118300 112.164872 248.065052
115.998300 221.044900 109.518338 246.702503
112.992300 220.934900 106.870787 245.317627
110.046000 220.725900 104.267725 243.930069
107.135100 220.540600 101.698754 242.565514
104.113200 220.349900 99.112871 241.212467
101.239200 220.200000 96.570042 239.882219
98.390140 220.037600 94.052328 238.573597
95.576650 219.873500 91.567802 237.258139
92.818890 219.734800 89.157912 235.955928
90.214530 219.617400 86.873192 234.734782
87.804860 219.501400 84.759023 233.594413
85.658680 219.341600 82.836193 232.567266
83.714310 219.216400 81.145587 231.688083
82.119710 219.123600 79.683086 230.968361
80.700940 219.090700 78.366993 230.365890
79.325470 219.178900 77.065701 229.866311
77.986780 219.421500 75.753723 229.511415
76.703840 219.818300 74.434036 229.295143
75.492640 220.367600 73.125799 229.261395
74.351170 221.128100 71.761039 229.451974
73.266450 222.109300 70.352665 229.853616
72.324470 223.256300 69.013816 230.490163
71.518030 224.718600 67.801001 231.356233
70.897260 226.199300 66.687209 232.378655
70.447790 227.653600 65.698515 233.528410
70.125350 229.155700 64.805743 234.762573
69.958690 230.707100 64.031984 236.101679
69.857320 232.317500 63.291510 237.509149
69.766250 233.939300 62.550477 238.924426
69.698210 235.575700 61.818364 240.357963
69.521580 237.207500 60.988888 241.733246
69.208360 238.811000 60.048140 243.021619
68.770190 240.263400 58.979054 244.133994
68.088420 241.544000 57.816232 244.990520
67.163380 242.622100 56.534841 245.610125
66.063490 243.543500 55.136248 246.018703
64.812860 244.213800 53.698430 246.119430
63.447860 244.689400 52.243361 245.985694
61.953390 244.902900 50.807199 245.545496
60.403830 244.977000 49.390473 244.935535
58.711780 244.937100 47.940843 244.184864
56.906380 244.825700 46.368393 243.363418
54.935460 244.709100 44.642123 242.443983
52.792270 244.616700 42.736633 241.459626
50.466640 244.530100 40.674966 240.386663
47.971520 244.460800 38.458857 239.245445
45.319870 244.393400 36.109330 238.019340
42.533000 244.277800 33.655733 236.696774
39.487810 244.132900 31.065313 235.285410
36.390940 243.975800 28.351158 233.795750
33.183820 243.788100 25.546477 232.229038
29.950380 243.594000 22.719367 230.645977
26.721090 243.418400 19.882126 229.095010
23.510170 243.262900 17.049547 227.560113
20.309080 243.064700 14.242429 225.979815
17.163400 242.828800 11.504740 224.393612
14.061470 242.582600 8.834432 222.832027
11.072230 242.323400 6.275862 221.307777
8.137307 242.056800 3.839292 219.855161
5.472455 241.831600 1.554365 218.509279
3.022605 241.629300 -0.552956 217.273251
0.801041 241.445000 -2.468102 216.145058
-1.170448 241.293700 -4.178429 215.148693
-2.865204 241.190900 -5.657877 214.317351
-4.251308 241.155400 -6.892357 213.677677
-5.358856 241.158600 -7.893821 213.200682
-6.225420 241.199900 -8.693901 212.863727
-6.944843 241.259900 -9.373088 212.608361
-7.648041 241.354700 -10.036329 212.404910
-8.313852 241.502800 -10.704765 212.258070
-8.953613 241.692000 -11.372800 212.158027
-9.680695 242.021600 -12.172296 212.132910
-10.537120 242.515900 -13.155890 212.182765
-11.420010 243.216400 -14.263129 212.411685
-12.232240 244.134800 -15.420408 212.881697
-12.949170 245.298000 -16.603186 213.626044
-13.514370 246.791600 -17.734022 214.706856
-13.894580 248.477100 -18.796969 216.075135
-14.083460 250.406900 -19.785982 217.751827
-14.157590 252.559800 -20.769424 219.661233
-14.217150 254.922200 -21.829662 221.760777
-14.283540 257.484200 -22.984605 224.025434
-14.348930 260.222000 -24.237124 226.441109
-14.458680 263.144700 -25.598085 228.992059
-14.561580 266.290200 -27.071248 231.756406
-14.659010 269.569000 -28.609300 234.649754
-14.776880 273.018600 -30.249370 237.662231
-14.891950 276.549900 -31.923318 240.765898
-15.023440 280.175000 -33.650811 243.928730
-15.168060 283.856100 -35.417960 247.149724
-15.336070 287.561700 -37.210973 250.385036
-15.512940 291.291300 -39.031127 253.642925
-15.665220 295.132700 -40.827085 256.914902
-15.819950 298.889200 -42.624857 260.206685
-15.979230 302.671100 -44.441269 263.533541
-16.138340 306.447500 -46.264096 266.845161
-16.299050 310.248400 -48.095608 270.170183
-16.446860 314.067800 -49.934123 273.529848
-16.592930 317.888000 -51.782220 276.888297
-16.736770 321.689100 -53.638043 280.228279
-16.878840 325.488900 -55.481082 283.547523
-17.016940 329.264100 -57.310595 286.860484
-17.165390 333.129700 -59.114465 290.151528
-17.310450 336.855000 -60.912666 293.427459
-17.467070 340.496800 -62.684141 296.615827
-17.635060 344.024000 -64.412429 299.705500
-17.800430 347.372800 -66.060851 302.631888
-17.984140 350.603500 -67.657058 305.425952
-18.138970 353.703600 -69.178009 308.141343
-18.256140 356.633300 -70.593348 310.720223
-18.343160 359.374700 -71.895692 313.139496
-18.417370 361.983700 -73.083681 315.363802
-18.458770 364.283200 -74.168927 317.408891
-18.515690 366.348100 -75.144704 319.236490
-18.613620 368.158700 -76.042491 320.819781
-18.749840 369.789700 -76.912736 322.194245
-19.062110 371.310200 -77.857786 323.369361
-19.645260 372.713300 -78.981444 324.318520
-20.511650 373.934800 -80.236917 324.995945
-21.594170 374.938700 -81.543786 325.393740
-22.922310 375.681600 -83.017539 325.465778
-24.397380 376.129200 -84.529421 325.203868
-26.011980 376.228900 -86.001411 324.544046
-27.719910 376.076500 -87.422678 323.600620
-29.483040 375.794500 -88.840958 322.507351
-31.447830 375.439800 -90.367644 321.341065
-33.501110 375.102200 -92.016148 320.117190
-35.758890 374.743200 -93.835528 318.771848
-38.173390 374.388300 -95.801222 317.350889
-40.769200 374.090200 -97.954481 315.902390
-43.598440 373.835700 -100.274643 314.451598
-46.504340 373.619900 -102.762828 312.949534
-49.525220 373.408100 -105.332615 311.383545
-52.660870 373.208100 -108.018342 309.772741
-55.873020 373.016100 -110.783308 308.125604
-59.114970 372.850200 -113.573082 306.477518
-62.391740 372.687600 -116.389365 304.812253
-65.657960 372.518300 -119.192902 303.146718
-68.918850 372.346000 -121.976000 301.471644
-72.145740 372.152100 -124.722525 299.789114
-75.359770 371.972300 -127.477773 298.127167
-78.633640 371.822800 -130.207428 296.517722
-81.766730 371.715100 -132.915875 294.952640
-84.797770 371.655100 -135.566491 293.474123
-87.672130 371.637200 -138.105095 292.106678
-90.387520 371.631300 -140.511054 290.827342
-93.010230 371.620200 -142.841719 289.585938
-95.617150 371.543100 -145.097987 288.300614
-98.176740 371.352900 -147.253848 286.919340
-100.769200 371.064300 -149.391076 285.444802
-103.426600 370.753700 -151.569619 283.917680
-106.273900 370.451000 -153.856254 282.354790
-109.174200 370.142400 -156.266710 280.726417
-112.222100 369.898700 -158.840227 279.073299
-115.407900 369.711200 -161.542058 277.405842
-118.749300 369.508800 -164.374895 275.661797
-122.178800 369.409600 -167.363073 273.950456
-125.728000 369.361000 -170.460320 272.228247
-129.269900 369.356900 -173.567012 270.554246
-132.808700 369.350200 -176.654581 268.888976
-136.308600 369.338700 -179.715195 267.244699
-139.917000 369.221100 -182.716566 265.498456
-143.373000 369.052300 -185.671755 263.722437
-146.825700 368.882900 -188.627874 261.945027
-150.224600 368.692800 -191.513913 260.180100
-153.634400 368.508800 -194.407595 258.409543
-156.999000 368.271300 -197.236701 256.609109
-160.319800 368.019300 -200.032590 254.812764
-163.630700 367.767900 -202.796995 253.028628
-166.866800 367.496900 -205.519728 251.247297
-170.068000 367.241500 -208.201290 249.509892
-173.257500 366.985600 -210.881824 247.777202
-176.533200 366.707000 -213.514074 246.036811
-179.742800 366.492100 -216.214467 244.319838
-182.964000 366.347800 -218.977742 242.650819
-186.226300 366.243600 -221.783178 241.000154
-189.504500 366.143600 -224.587713 239.349037
-192.815600 366.031700 -227.411698 237.675193
-196.166000 365.974200 -230.313567 236.019123
-199.560300 365.972700 -233.281196 234.397273
-202.969200 365.994400 -236.270552 232.782865
-206.372500 366.026100 -239.254213 231.186629
-209.864400 366.090900 -242.251487 229.606355
-213.212400 366.176000 -245.226599 228.060143
-216.501600 366.296400 -248.160953 226.578174
-219.660300 366.473000 -251.018729 225.209735
-222.661600 366.700900 -253.768641 223.957664
-225.559000 366.940100 -256.429637 222.770485
-228.268100 367.173500 -258.912029 221.668110
-230.832100 367.414100 -261.275181 220.641806
-233.152000 367.717900 -263.465814 219.789166
-235.214900 368.104700 -265.467621 219.132696
-237.161800 368.586300 -267.351643 218.638277
-238.848300 369.054200 -269.058530 218.232626
-240.398300 369.466300 -270.619622 217.846725
-241.813400 369.796100 -272.014440 217.450386
-243.085000 370.051600 -273.244429 217.052816
-244.322600 370.192000 -274.386772 216.582701
-245.536800 370.244100 -275.468586 216.044166
-246.723400 370.234000 -276.497000 215.461619
-247.943500 370.190100 -277.541936 214.831990
-249.227500 370.164600 -278.653072 214.190673
-250.560000 370.160200 -279.779941 213.565976
-251.834800 370.212900 -280.924547 212.994212
-253.104500 370.301100 -282.086346 212.465291
-254.317700 370.447600 -283.226098 212.010040
-255.403900 370.596500 -284.252471 211.616654
-256.376400 370.763100 -285.188798 211.302048
-257.339000 370.895100 -286.092157 210.961168
-258.282600 370.943500 -286.931773 210.558862
-259.244600 370.905500 -287.748424 210.074352
-260.305900 370.733100 -288.586040 209.416690
-261.431300 370.394100 -289.408407 208.581613
-262.596200 369.823100 -290.159122 207.527051
-263.775500 368.996100 -290.794458 206.229006
-264.890700 367.852500 -291.219353 204.675301
-265.889400 366.402700 -291.375899 202.906590
-266.745100 364.588900 -291.209845 200.969969
-267.433200 362.574700 -290.787382 198.894112
-267.987200 360.355800 -290.142247 196.704686
-268.422400 357.904100 -289.275068 194.388186
-268.703100 355.240300 -288.158806 191.974074
-268.933900 352.385800 -286.901005 189.411855
-269.206200 349.331700 -285.573433 186.669581
-269.486500 346.008000 -284.146394 183.778770
-269.762100 342.678100 -282.660386 180.810821
-270.026500 339.253900 -281.108563 177.766716
-270.266900 335.706400 -279.474681 174.640659
-270.471900 332.143000 -277.798948 171.508758
-270.621500 328.576800 -276.093984 168.396346
-270.730600 325.013600 -274.352852 165.308588
-270.797900 321.484200 -272.561064 162.266167
-270.810500 317.975400 -270.740331 159.277687
-270.763700 314.497100 -268.890527 156.350900
-270.666200 311.044300 -267.007054 153.471318
-270.529900 307.616900 -265.097794 150.631836
-270.333700 304.097500 -263.148768 147.849753
-270.084600 300.696300 -261.164044 145.113019
-269.803300 297.282200 -259.149194 142.376342
-269.486100 293.851800 -257.097972 139.651325
-269.117500 290.399900 -254.993145 136.929503
-268.719500 286.919800 -252.847846 134.199866
-268.272400 283.415700 -250.654951 131.480278
-267.779500 279.895300 -248.406931 128.758054
-267.242300 276.345000 -246.107009 126.032368
-266.664800 272.779600 -243.767335 123.319895
-266.027000 269.189500 -241.362406 120.627702
-265.323000 265.592000 -238.903815 117.970706
-264.535200 261.851400 -236.381144 115.316860
-263.692000 258.188700 -233.760000 112.659276
-262.814500 254.537500 -231.109091 110.030357
-261.874800 250.904800 -228.418141 107.464264
-260.868000 247.290700 -225.690658 104.953463
-259.828000 243.709700 -222.943808 102.487367
-258.740900 240.124600 -220.149951 100.038084
-257.611000 236.553900 -217.339720 97.646181
-256.437200 233.001600 -214.494605 95.284780
-255.204000 229.451500 -211.594007 92.955002
-253.930800 225.939900 -208.688501 90.689704
-252.567700 222.352000 -205.752101 88.470518
-251.231600 218.895800 -202.809960 86.277750
-249.874600 215.459200 -199.863917 84.105794
-248.497600 212.045500 -196.910515 81.960073
-247.078400 208.655800 -193.938547 79.854738
-245.614900 205.284100 -190.931699 77.790442
-244.107100 201.949900 -187.906586 75.788711
-242.573900 198.623400 -184.870364 73.833085
-240.997600 195.343300 -181.812387 71.929677
-239.377900 192.112000 -178.749926 70.090395
-237.721900 188.919200 -175.679599 68.299029
-235.992500 185.646500 -172.602504 66.532517
-234.291100 182.498100 -169.503231 64.804175
-232.545800 179.390300 -166.397361 63.127495
-230.727000 176.294300 -163.228499 61.478069
-228.839700 173.057100 -160.012744 59.847266
-226.914200 169.839900 -156.751944 58.236325
-224.925200 166.662500 -153.423534 56.670002
-222.880300 163.509700 -150.041107 55.158800
-220.792600 160.422400 -146.682149 53.732163
-218.689000 157.374000 -143.327116 52.338264
-216.551400 154.367200 -139.942763 50.991586
-214.332500 151.302900 -136.568056 49.677128
-212.163100 148.380000 -133.205355 48.412824
-209.980500 145.493600 -129.840859 47.180338
-207.746300 142.650600 -126.459292 46.007491
-205.480900 139.824700 -123.057796 44.862173
-203.147900 137.035300 -119.624257 43.790463
-200.780700 134.266800 -116.167363 42.751216
-198.349800 131.504900 -112.643597 41.747135
-195.876000 128.740000 -109.099792 40.775945
-193.340200 126.002900 -105.488254 39.853616
-190.739800 123.279600 -101.879134 38.994390
-187.996300 120.490900 -98.213405 38.165161
-185.277700 117.810900 -94.523863 37.387130
-182.515200 115.151900 -90.786713 36.652463
-179.677500 112.497600 -86.999850 35.965409
-176.778700 109.875200 -83.173636 35.334148
-173.850800 107.228500 -79.316875 34.712583
-170.903500 104.584000 -75.439793 34.120338
-167.926400 101.963700 -71.566310 33.561905
-164.931900 99.335360 -67.663405 33.012171
-161.974700 96.693560 -63.773930 32.424036
-158.955500 93.930420 -59.905770 31.784465
-156.032400 91.280570 -56.028682 31.172550
-153.125400 88.641810 -52.156639 30.558348
-150.251700 85.988400 -48.308774 29.922560
-147.374800 83.318980 -44.486872 29.288388
-144.478300 80.674270 -40.678173 28.684722
-141.553100 78.043550 -36.858242 28.104693
-138.631600 75.416350 -33.021203 27.515252
-135.699500 72.782710 -29.183433 26.927478
-132.772000 70.153860 -25.343574 26.343246
-129.852700 67.519080 -21.512214 25.756597
-126.847100 64.807120 -17.680847 25.170735
-123.944400 62.210400 -13.878434 24.604836
-121.049300 59.611920 -10.078682 24.036431
-118.148800 57.009230 -6.266249 23.461196
-115.268000 54.400610 -2.464418 22.882439
-112.381300 51.788760 1.347351 22.301750
-109.472900 49.170320 5.180045 21.730912
-106.571100 46.548360 9.006124 21.156069
-103.651100 43.910250 12.857525 20.578444
-100.723800 41.281700 16.704800 20.026707
-97.775140 38.634000 20.585199 19.458136
-94.741270 35.897170 24.466191 18.874911
-91.774350 33.243950 28.370644 18.309872
-88.812440 30.594870 32.257831 17.747905
-85.832310 27.931200 36.154280 17.191403
-82.855750 25.280240 40.049641 16.644492
-79.881600 22.653980 43.926647 16.118831
-76.915360 20.041790 47.779182 15.595220
-73.971190 17.446230 51.606666 15.070691
-71.069720 14.854800 55.413107 14.519254
-68.199520 12.266960 59.191696 13.954595
-65.355230 9.687322 62.952234 13.384337
-62.464440 7.037166 66.674627 12.807070
-59.687100 4.486116 70.359026 12.234579
-56.956250 1.987310 73.969036 11.675892
-54.299100 -0.420782 77.477196 11.139221
-51.735930 -2.724345 80.844865 10.647341
-49.242680 -4.949349 84.122054 10.173636
-46.845280 -7.097809 87.284394 9.712973
-44.571530 -9.102035 90.267906 9.312144
-42.413630 -10.944410 93.058824 8.980940
-40.379920 -12.615210 95.658608 8.717312
-38.414020 -14.111680 98.101636 8.556687
-36.389820 -15.462220 100.435856 8.551383
-34.393230 -16.554360 102.688194 8.739458
-32.340270 -17.367520 104.843007 9.173575
-30.245940 -17.864120 106.867910 9.888972
-28.148810 -18.057050 108.730321 10.867262
-26.102170 -17.913460 110.363247 12.118524
-24.141740 -17.444580 111.716986 13.575702
-22.300930 -16.681150 112.805444 15.216851
-20.613720 -15.702400 113.656116 16.955009
-19.024460 -14.632220 114.394870 18.721495
-17.401030 -13.543990 115.127658 20.482589
-15.854930 -12.530520 115.850233 22.200795
-14.348820 -11.574420 116.572562 23.847819
-12.911380 -10.714890 117.297149 25.383216
-11.565040 -9.942319 117.985538 26.803298
-10.310570 -9.267732 118.651181 28.085488
-9.182559 -8.674508 119.256969 29.229483
-8.205227 -8.199712 119.797410 30.189947
-7.420788 -7.819541 120.227902 30.961223
-6.706354 -7.479159 120.609702 31.634388
-6.056181 -7.100512 120.946733 32.307655
-5.464972 -6.711138 121.225740 32.959319
-4.911092 -6.280182 121.453632 33.624453
-4.316517 -5.764067 121.665457 34.386626
-3.674511 -5.073089 121.816518 35.318119
-3.014722 -4.251452 121.913571 36.362201
-2.384860 -3.275121 121.895916 37.517747
-1.778089 -2.112607 121.754921 38.804472
-1.245783 -0.708595 121.415627 40.252318
-0.785962 0.917309 120.891185 41.833744
-0.548021 2.797032 120.087673 43.477855
-0.437587 4.906227 119.053338 45.210584
-0.440646 7.239349 117.801445 47.012102
-0.531536 9.655854 116.380021 48.886972
-0.605229 12.212760 114.873052 50.891469
-0.701171 14.896730 113.266915 52.995391
-0.809295 17.700710 111.569783 55.213117
-0.942199 20.585120 109.806731 57.496507
-1.115277 23.592810 107.942694 59.853929
-1.329479 26.704330 105.982713 62.261678
-1.568950 29.889770 103.964464 64.705899
-1.810305 33.227610 101.911405 67.202110
-2.075848 36.477620 99.810893 69.699979
-2.317421 39.792120 97.692339 72.240626
-2.553472 43.129330 95.570241 74.795028
-2.757550 46.489760 93.451895 77.396740
-2.945413 49.876020 91.331737 80.021099
-3.111280 53.327030 89.195983 82.706112
-3.274291 56.804090 87.054554 85.407187
-3.455238 60.322330 84.867618 88.151477
-3.668572 63.861590 82.658795 90.899097
-3.858920 67.438090 80.436195 93.668018
-4.051498 71.134150 78.212454 96.444457
-4.268465 74.664480 76.007833 99.184830
-4.460284 78.174890 73.816529 101.934365
-4.661616 81.675070 71.625854 104.673568
-4.871718 85.125370 69.456640 107.346574
-5.064388 88.523490 67.342428 109.983958
-5.214359 91.941400 65.254360 112.638773
-5.363471 95.326220 63.187662 115.275751
