-0.000000 -0.000000 0.000000 0.000000
0.004359 4.550782 -0.034493 4.563069
-0.029529 9.067990 -0.092834 9.084709
-0.078295 13.542440 -0.167387 13.582106
-0.167592 17.982230 -0.268589 18.045247
-0.264545 22.518610 -0.376716 22.434432
-0.353864 26.852450 -0.492654 26.785667
-0.436985 31.116180 -0.602616 31.094833
-0.516135 35.290270 -0.707040 35.299675
-0.603059 39.338170 -0.815754 39.382863
-0.664271 43.230800 -0.900678 43.320314
-0.687069 47.189910 -0.951923 47.084885
-0.680641 50.569170 -0.956079 50.730228
-0.596153 54.193490 -0.889211 54.281218
-0.395796 57.575650 -0.705859 57.714625
-0.015018 60.831990 -0.344454 61.039076
0.582722 63.950510 0.229184 64.218924
1.410865 66.899740 1.026039 67.247654
2.448930 69.683810 2.030796 70.086631
3.693200 72.270850 3.259728 72.732583
5.209620 74.779240 4.716323 75.216467
6.886279 76.967290 6.392549 77.469458
8.779978 78.922680 8.291305 79.485283
10.844390 80.641540 10.363784 81.269428
13.078430 82.178570 12.625269 82.838664
15.508050 83.521820 15.091882 84.184529
18.094320 84.581560 17.714116 85.263572
20.833070 85.331650 20.506826 86.022554
23.767060 85.764380 23.396565 86.454730
26.652230 85.904620 26.325691 86.623769
29.588280 85.858200 29.302433 86.607867
32.535430 85.666790 32.286848 86.452707
35.507510 85.416150 35.285135 86.252554
38.503270 85.147910 38.298350 86.035714
41.536390 84.837570 41.342787 85.798662
44.594340 84.510770 44.404707 85.552611
47.687790 84.158770 47.499896 85.286694
50.828580 83.780560 50.640869 84.994556
53.988010 83.371160 53.798680 84.675254
57.291140 82.952450 56.981401 84.367047
60.529020 82.553980 60.192623 84.067844
63.833890 82.116960 63.475181 83.728552
67.137350 81.662460 66.769198 83.366056
70.494900 81.240710 70.117564 83.040133
73.887550 80.824150 73.501070 82.719197
77.323490 80.396640 76.926324 82.384786
80.789080 79.976060 80.371155 82.060046
84.272330 79.555690 83.900540 81.723299
87.905710 79.115140 87.470567 81.388564
91.502940 78.695120 91.074970 81.073823
95.146590 78.286560 94.734233 80.766503
98.824910 77.924670 98.433424 80.480727
102.543900 77.563440 102.174729 80.189475
106.275400 77.169080 105.934275 79.873209
109.984200 76.751160 109.682913 79.531575
113.656800 76.243460 113.406603 79.094484
117.407400 75.552270 117.075568 78.527956
120.956800 74.722870 120.622771 77.812564
124.476200 73.758740 124.133249 76.964620
127.908900 72.627210 127.593737 75.925216
131.267400 71.340570 130.985693 74.735689
134.528800 69.915820 134.306812 73.390524
137.733200 68.317340 137.570443 71.877961
140.905800 66.543340 140.811269 70.180675
144.000700 64.579340 143.978170 68.289461
147.109100 62.347380 147.079325 66.201749
150.015700 59.995290 150.083465 63.921105
152.818200 57.454660 153.001226 61.447133
155.462700 54.703790 155.764623 58.752586
157.963400 51.718410 158.310263 55.829040
160.285300 48.611740 160.621026 52.727176
162.347700 45.341500 162.691648 49.479232
164.173400 41.944920 164.557499 46.117990
165.820700 38.456280 166.294598 42.614668
167.321900 34.882400 167.870643 39.065317
168.675300 31.270020 169.300995 35.493717
169.989500 27.504420 170.712117 31.905536
171.142300 23.833660 172.074856 28.305308
172.273500 20.165610 173.397384 24.695852
173.384400 16.552890 174.737517 21.104626
174.630200 12.968520 176.115239 17.538577
175.940600 9.417778 177.551488 14.033868
177.349200 5.902720 179.078362 10.597693
178.914900 2.429154 180.760457 7.203959
180.652100 -0.964670 182.583408 3.890121
182.521300 -4.236664 184.538029 0.711333
184.589900 -7.459876 186.749946 -2.041544
186.774500 -10.432410 188.933600 -5.202974
189.133800 -13.189320 191.381640 -7.869355
191.671400 -15.698380 193.998260 -10.285574
194.379700 -17.964070 196.784567 -12.460958
197.208300 -20.007910 199.726231 -14.396563
200.234900 -21.763620 202.832586 -16.035980
203.394900 -23.221880 206.080397 -17.364223
206.810400 -24.375000 209.448863 -18.349321
210.219100 -25.110520 212.902157 -18.962905
213.649000 -25.462850 216.376405 -19.193870
217.118500 -25.445090 217.203011 -17.833515
220.558800 -25.079590 223.287081 -18.547539
223.997000 -24.407210 226.668901 -17.730757
227.390500 -23.423830 229.997315 -16.590772
230.696200 -22.118480 233.219271 -15.132586
233.977700 -20.456920 236.293758 -13.376373
237.052800 -18.544030 239.219625 -11.322332
239.979900 -16.380820 242.001368 -9.021015
242.786400 -14.018760 244.670477 -6.511038
245.455500 -11.457330 247.174870 -3.814622
247.987100 -8.726374 249.522949 -0.950474
250.373000 -5.822969 251.718282 2.076731
252.632600 -2.761501 253.777759 5.260086
254.776800 0.443857 255.713842 8.569015
256.897300 3.872130 257.574796 11.996211
258.912500 7.264266 259.409815 15.503125
260.900400 10.710160 261.202416 19.051477
262.845000 14.202060 262.950660 22.636324
264.753200 17.715350 264.654333 26.246195
266.643600 21.223380 266.338393 29.838999
268.528400 24.731980 268.021184 33.448968
270.370600 28.267530 269.726493 37.057183
272.208400 31.837210 271.439118 40.702875
274.107800 35.410690 273.165761 44.383526
276.029600 38.957640 274.896842 48.083073
278.024100 42.665010 276.639090 51.812561
279.936800 46.282210 278.378737 55.535706
281.796700 49.922920 280.098200 59.247947
283.578700 53.493190 281.777554 62.928495
285.367300 57.006100 283.398870 66.574492
287.081300 60.473490 284.957731 70.165064
288.713900 63.882000 286.444434 73.686762
290.289900 67.202280 287.883835 77.121145
291.860100 70.459920 289.344697 80.509726
293.576800 73.743120 290.885725 83.816584
295.384300 76.840420 292.563166 87.055648
297.289200 79.855650 294.384877 90.191621
299.386800 82.721620 296.395327 93.195167
301.663300 85.382770 298.609497 96.017119
304.125900 87.802910 301.016799 98.592265
306.773900 89.929820 303.621602 100.882684
309.572700 91.731270 306.406493 102.858005
312.605800 93.249690 309.331360 104.500710
315.644500 94.378170 312.374623 105.811491
318.771600 95.177200 315.517382 106.792345
321.973400 95.660970 318.734835 107.430690
325.214500 95.815240 321.976523 107.723089
328.404700 95.613170 325.195474 107.661944
331.621000 95.029960 328.383080 107.254222
334.732600 94.120420 331.495471 106.499956
337.602600 92.919130 334.492867 105.405222
340.426600 91.378120 337.384327 103.972941
343.013600 89.609800 340.137049 102.211519
345.441400 87.499180 342.709884 100.106298
347.619100 85.017220 345.055056 97.684170
349.482100 82.251910 347.113558 94.980711
351.012400 79.338280 348.823461 92.114475
352.210300 76.351740 350.208558 89.131207
353.113100 73.264700 351.318189 86.036569
353.862400 69.856820 352.243040 82.906716
354.468400 66.859500 353.080439 79.758141
355.050400 63.644540 353.842021 76.582623
355.516500 60.336250 354.529786 73.382354
355.880300 57.191480 355.137576 70.216766
356.210500 54.112120 355.699166 67.146041
356.536900 51.131610 356.270109 64.176901
356.972100 48.289870 356.917596 61.386121
357.548700 45.679380 357.657452 58.842718
358.284700 43.318490 358.548422 56.556658
359.272900 41.171800 359.670811 54.515898
360.572300 39.308700 361.065623 52.758907
362.148200 37.771730 362.686986 51.349410
363.949300 36.574940 364.534040 50.291993
366.036100 35.697110 366.667415 49.580221
368.490400 35.167640 369.060504 49.239482
371.196100 34.977880 371.590772 49.257890
373.921200 35.107670 374.249166 49.605020
376.697100 35.539700 376.971566 50.249468
379.456600 36.246490 379.686450 51.181586
382.181700 37.209610 382.330181 52.368762
384.826200 38.425080 384.870565 53.799248
387.414700 39.943890 387.248927 55.490676
389.735600 41.726730 389.423140 57.476583
391.820100 43.775140 391.352487 59.704818
393.697400 46.026020 393.046505 62.122732
395.382400 48.388090 394.550314 64.637537
396.933900 50.829130 395.898804 67.225136
398.314400 53.341830 397.064473 69.860971
399.575900 56.018920 398.067279 72.571581
400.606700 58.690010 398.884671 75.339859
401.414000 61.442650 399.485428 78.171304
401.996800 64.281420 399.840569 81.063766
402.350600 67.190600 399.949281 83.995531
402.487600 70.187050 399.808652 87.019629
402.460900 73.267910 399.470767 90.117302
402.356600 76.435610 399.032681 93.290897
402.245600 79.684510 398.542150 96.532650
402.088700 83.132260 398.005575 99.871410
401.942000 86.558770 397.426200 103.277478
401.737000 90.063550 396.801017 106.747968
401.472400 93.675850 396.144954 110.303349
401.187700 97.362590 395.449385 113.942785
400.855700 101.108300 394.714573 117.640758
400.501300 104.880900 393.959680 121.368270
400.111600 108.633000 393.165879 125.084602
399.665800 112.370900 392.321098 128.768749
399.153000 116.209500 391.426321 132.461264
398.619500 119.895200 390.499262 136.098309
398.043700 123.570500 389.533125 139.710066
397.430900 127.258200 388.543828 143.337266
396.853400 130.944100 387.583573 146.960543
396.250000 134.603600 386.600034 150.543773
395.632000 138.185100 385.637105 154.118753
395.066400 141.771400 384.702813 157.704024
394.519200 145.362700 383.776855 161.287755
393.982700 149.071400 382.875943 164.855463
393.480500 152.692700 381.984295 168.433154
392.990700 156.317900 381.094618 172.020501
392.502400 159.957000 380.207383 175.593552
392.019000 163.613800 379.311267 179.212152
391.544600 167.278900 378.419665 182.841949
391.073600 170.945000 377.529614 186.481440
390.612700 174.635400 376.639329 190.134330
390.150400 178.319900 375.743175 193.793332
389.691900 182.131300 374.876182 197.449164
389.276200 185.860800 374.056163 201.150851
388.929600 189.631400 373.312462 204.859730
388.642900 193.400600 372.624233 208.557188
388.431200 197.174300 371.987752 212.283099
388.281600 200.969700 371.405684 216.026752
388.207000 204.743000 370.902628 219.785161
388.204700 208.543600 370.461493 223.571384
388.265300 212.339700 370.081930 227.378075
388.382400 216.260000 369.738391 231.181607
388.564300 220.070500 369.463530 235.022548
388.827300 223.881600 369.271643 238.900045
389.156300 227.705500 369.140854 242.763993
389.565300 231.534000 369.090826 246.632484
390.045200 235.373800 369.112150 250.538197
390.576200 239.227700 369.181037 254.445661
391.167800 243.084800 369.324285 258.390383
391.855700 246.961400 369.563453 262.361208
392.506600 250.982400 369.869411 266.327154
393.254100 254.907800 370.283894 270.312065
394.189300 258.801700 370.813621 274.304169
395.270400 262.674900 371.432678 278.298346
396.436100 266.495000 372.125262 282.261219
397.642500 270.230100 372.891834 286.147270
398.962900 273.897400 373.704583 289.980180
400.304600 277.517500 374.569555 293.761925
401.714400 281.115800 375.489679 297.529787
403.133600 284.710500 376.441212 301.309526
404.629500 288.344400 377.399509 305.023525
406.054500 291.822100 378.362732 308.687198
407.466200 295.238700 379.326862 312.289003
408.852900 298.595200 380.268131 315.840623
410.221000 301.898300 381.197682 319.328622
411.589600 305.165300 382.133686 322.769403
412.963600 308.420800 383.076492 326.179435
414.335900 311.709800 384.017185 329.628074
415.677500 315.038400 384.961757 333.118540
417.039700 318.530300 385.945189 336.663436
418.438200 321.913400 387.034534 340.229506
419.997400 325.311200 388.250909 343.815350
421.694400 328.713500 389.541444 347.396515
423.534700 332.133700 390.966297 350.996056
425.453000 335.565400 392.466827 354.626829
427.450900 338.967000 394.048399 358.263735
429.492300 342.321300 395.676297 361.862878
431.547600 345.618300 397.324155 365.421487
433.594300 348.909300 398.967520 368.974921
435.746700 352.311400 400.655346 372.541710
437.830000 355.627600 402.331161 376.123211
439.945000 358.962300 404.036968 379.730258
442.017400 362.284700 405.695850 383.312893
444.083400 365.624300 407.346988 386.895812
446.140100 368.948500 408.998413 390.493062
448.167600 372.286000 410.632819 394.081809
450.160300 375.630300 412.257410 397.662324
452.126200 378.947700 413.898236 401.224059
454.179500 382.348200 415.550976 404.768065
456.252600 385.627000 417.236145 408.311265
458.319900 388.911100 418.936739 411.843676
460.440700 392.136300 420.670665 415.322683
462.585600 395.308000 422.426620 418.758320
464.645300 398.329700 424.144064 422.054284
466.702500 401.247200 425.845536 425.229535
468.719900 404.113500 427.494100 428.353478
470.717200 406.921000 429.139098 431.411303
472.728700 409.654700 430.761331 434.408237
474.766400 412.436100 432.379682 437.367072
476.694000 415.076100 433.954503 440.251542
478.591200 417.637100 435.486213 443.046595
480.461000 420.130600 437.001151 445.760821
482.277400 422.510100 438.484974 448.353320
484.032300 424.743600 439.923930 450.795402
485.700800 426.817000 441.297940 453.071261
487.258900 428.753500 442.602128 455.199304
488.763800 430.613100 443.846727 457.236190
490.212200 432.423100 445.004534 459.156188
491.473900 434.062600 446.035639 460.937315
492.616000 435.578900 446.975534 462.581513
493.676500 437.001600 447.850530 464.129419
494.691300 438.409100 448.682058 465.651526
495.580000 439.848000 449.376739 467.175994
496.281800 441.356900 449.879107 468.714522
496.723700 442.934600 450.136197 470.287651
496.970000 444.572800 450.188431 471.923049
496.909900 446.307200 449.961166 473.642926
496.660900 448.099800 449.489985 475.388611
496.117600 449.987500 448.730541 477.117754
495.404200 451.816100 447.760335 478.810573
494.467400 453.634500 446.571758 480.457597
493.448000 455.499000 445.293819 482.150414
492.357500 457.419900 443.959430 483.889232
491.243700 459.415500 442.562984 485.701867
490.041500 461.525300 441.117985 487.577071
488.855700 463.657400 439.624879 489.524255
487.609300 465.915800 438.065896 491.548992
486.327600 468.255200 436.455166 493.646801
485.021500 470.661500 434.795140 495.812413
483.693000 473.099000 433.095697 498.017649
482.345900 475.570700 431.380576 500.250884
480.990200 478.063700 429.653585 502.505341
479.620600 480.590400 427.911370 504.783476
478.214700 483.198900 426.159210 507.065024
476.822200 485.716500 424.392969 509.337084
475.412300 488.290600 422.609629 511.660135
473.997200 490.845100 420.825459 513.962908
472.560800 493.412300 419.023767 516.273541
471.133600 495.953400 417.236257 518.561918
469.761900 498.391100 415.518828 520.760217
468.422600 500.774800 413.843974 522.905373
467.120400 503.083400 412.217280 524.978917
465.850400 505.329800 410.676468 526.940797
464.705500 507.358200 409.244245 528.772197
463.656400 509.231500 407.924663 530.466463
462.678700 510.999100 406.692757 532.064451
461.721800 512.743300 405.486000 533.643422
460.803600 514.425600 404.319978 535.179740
459.933000 516.017300 403.215061 536.626673
459.145400 517.484600 402.207506 537.965709
458.424300 518.810900 401.281512 539.172976
457.700500 520.069500 400.371669 540.314367
456.856900 521.305500 399.380370 541.370041
455.906100 522.400800 398.273790 542.290353
454.807900 523.309500 397.057447 543.015543
453.571100 523.918800 395.765236 543.525951
452.122800 524.397200 394.337286 543.836265
450.479400 524.602300 392.735986 543.872550
448.749500 524.551200 391.035947 543.597642
446.956600 524.155300 389.303437 542.974034
445.112200 523.494000 387.582919 542.038676
443.177100 522.638600 385.849522 540.856629
441.152200 521.529200 384.113126 539.463528
439.160900 520.297400 382.366923 537.909298
437.170700 518.999600 380.621116 536.290078
435.242500 517.637000 378.945481 534.612705
433.366200 516.208600 377.335038 532.877784
431.530700 514.709900 375.783290 531.082285
429.729700 513.085900 374.321246 529.226798
428.059700 511.453400 372.934892 527.327058
426.463600 509.779800 371.630892 525.393424
424.988000 508.071600 370.435711 523.445947
423.573100 506.303800 369.316386 521.452961
422.251800 504.527400 368.278489 519.456626
420.999000 502.687300 367.328940 517.411202
419.806400 500.786200 366.447222 515.313711
418.664600 498.826600 365.623582 513.161588
417.516400 496.742600 364.852604 510.957531
416.425400 494.667200 364.124265 508.698065
415.387300 492.517600 363.437733 506.377013
414.374300 490.312800 362.782916 504.007906
413.386000 488.096000 362.167183 501.623190
412.405300 485.858600 361.567646 499.230291
411.421900 483.598500 360.985758 496.818649
410.489400 481.317300 360.452371 494.404385
409.590000 479.025600 359.949298 491.977970
408.687100 476.663300 359.487264 489.553955
407.831400 474.382400 359.055437 487.137797
407.002600 472.102400 358.648309 484.733871
406.195500 469.841300 358.257158 482.352835
405.413300 467.639100 357.883293 480.041282
404.675000 465.546100 357.539152 477.840479
403.977000 463.587200 357.200602 475.777453
403.293800 461.789600 356.874765 473.872738
402.663200 460.026600 356.540930 472.017342
402.027800 458.208200 356.216620 470.162604
401.379400 456.456500 355.864945 468.308432
400.735500 454.684000 355.518962 466.438207
400.083400 452.905600 355.171166 464.559724
399.418200 451.053600 354.833937 462.611143
398.708700 449.151300 354.461613 460.616827
397.915100 447.191700 354.038047 458.540529
397.066400 445.159300 353.564013 456.372626
396.216400 443.076400 353.077733 454.175167
395.284900 440.865200 352.557568 451.915313
394.364400 438.655200 352.014082 449.609107
393.420600 436.410100 351.475927 447.259590
392.440900 434.143900 350.941577 444.876344
391.429300 431.838500 350.380403 442.446224
390.374100 429.470600 349.788579 439.950554
389.271300 427.054200 349.153424 437.397894
388.100200 424.593400 348.460650 434.790552
386.848600 422.042700 347.740697 432.181469
385.595200 419.542500 346.984922 429.518233
384.322000 417.028800 346.213346 426.830108
383.000100 414.490300 345.388994 424.092885
381.668600 411.954100 344.553307 421.358672
380.305400 409.396200 343.696529 418.607024
378.916000 406.831900 342.810789 415.840547
377.495100 404.255600 341.902966 413.054720
376.036500 401.683800 340.957479 410.263404
374.531500 399.106500 339.963341 407.452710
372.934000 396.446600 338.928479 404.623513
371.346600 393.865900 337.861918 401.783222
369.726900 391.281500 336.771977 398.941475
368.080700 388.720400 335.646426 396.106121
366.432500 386.191600 334.476457 393.251369
364.766200 383.625000 333.311368 390.379040
363.076500 381.054800 332.124237 387.485699
361.367600 378.506700 330.921671 384.622220
359.577200 376.047800 329.716804 381.850686
357.792100 373.616400 328.516369 379.183546
356.101100 371.336000 327.316583 376.605458
354.407700 369.086100 326.108903 374.043590
352.727700 366.871200 324.909298 371.523749
351.089400 364.716200 323.739805 369.065283
349.520200 362.621600 322.624816 366.685020
348.049400 360.619500 321.567487 364.412698
346.670900 358.716000 320.575210 362.266733
345.356800 356.965600 319.618311 360.272979
344.040200 355.337900 318.679217 358.449326
342.779600 353.867700 317.729527 356.753995
341.491600 352.532200 316.726107 355.187057
340.200000 351.361100 315.669969 353.784184
338.840100 350.379000 314.516454 352.544586
337.410800 349.610300 313.250813 351.496616
335.844400 349.084000 311.840935 350.678725
334.200700 348.857400 310.266570 350.103875
332.519000 348.968100 308.586143 349.853725
330.861900 349.349500 306.877054 349.896345
329.282500 350.084400 305.170445 350.289068
327.722200 351.017000 303.451245 350.900383
326.184700 352.157500 301.718175 351.719542
324.557600 353.452900 299.919195 352.638567
322.921100 354.827200 298.047951 353.639198
321.185100 356.263600 296.059058 354.668476
319.303500 357.668200 293.942817 355.628535
317.299800 358.956300 291.743387 356.457422
315.156500 360.109700 289.430148 357.130640
312.921900 361.112500 287.046383 357.620717
310.586900 361.949400 284.602630 357.925430
308.155300 362.601100 282.111722 358.038793
305.654800 363.085600 279.572904 357.965951
303.060200 363.377300 276.997643 357.707054
300.350300 363.507700 274.407588 357.262340
297.677700 363.469900 271.798430 356.661420
294.941600 363.328200 269.165496 355.941208
292.171400 363.120600 266.513848 355.138849
289.378300 362.888600 263.843370 354.303650
286.578500 362.629800 261.169572 353.429659
283.791500 362.323300 258.507337 352.512258
281.031800 362.052400 255.875797 351.624558
278.203900 361.806100 253.261127 350.771182
275.492700 361.608100 250.663151 349.963887
272.795300 361.472000 248.054270 349.226595
270.103500 361.408100 245.423345 348.570758
267.408500 361.450200 242.767994 348.026946
264.720400 361.627100 240.094907 347.609225
262.039300 361.928700 237.416612 347.311167
259.360500 362.358500 234.712358 347.130979
256.610500 362.926400 231.984426 347.075180
253.965700 363.620600 229.256649 347.154909
251.347800 364.459400 226.522080 347.379227
248.748400 365.464200 223.759274 347.776931
246.172100 366.621300 220.994537 348.343131
243.649100 367.942000 218.235928 349.088503
241.177900 369.449000 215.500782 350.019124
238.798700 371.107300 212.840625 351.118023
236.474000 372.975900 210.272244 352.389293
234.332900 374.902000 207.802225 353.786560
232.280600 376.944500 205.394674 355.322811
230.350700 379.107800 203.064057 357.010126
228.520200 381.370400 200.813318 358.825740
226.843800 383.740900 198.682856 360.769185
225.327000 386.222700 196.675273 362.863564
223.960500 388.801400 194.784916 365.092601
222.713700 391.589600 193.016209 367.475113
221.679000 394.408400 191.384846 369.995317
220.805300 397.336000 189.885254 372.669562
220.113100 400.353600 188.545896 375.448549
219.572200 403.512000 187.328135 378.420426
219.211900 406.784200 186.261908 381.543429
219.035700 410.118700 185.366972 384.758294
219.040800 413.496600 184.636688 388.067739
219.224700 416.888500 184.075634 391.428857
219.529200 420.298900 183.636852 394.820149
219.919700 423.814800 183.254031 398.233950
220.400600 427.235000 182.958557 401.684225
220.958000 430.670000 182.724650 405.161063
221.529300 434.136000 182.488812 408.663865
222.125100 437.624700 182.269298 412.191331
222.759400 441.142100 182.060074 415.761176
223.408600 444.704600 181.855538 419.362976
224.058600 448.312800 181.643425 423.016971
224.725000 451.961500 181.443883 426.722562
225.426600 455.753800 181.241870 430.449604
226.112000 459.438500 181.043482 434.186599
226.839400 463.116400 180.890639 437.929578
227.583700 466.801800 180.753493 441.682803
228.340100 470.483500 180.627289 445.442084
229.103200 474.161400 180.506378 449.185181
229.850400 477.826400 180.372948 452.910943
230.585700 481.483200 180.226649 456.616678
231.360500 485.253300 180.089538 460.355263
232.116800 488.891700 179.955169 464.057170
232.868000 492.524000 179.822111 467.776366
233.648000 496.146200 179.706970 471.473734
234.428300 499.775100 179.596742 475.157853
235.206000 503.370100 179.490090 478.840064
236.002800 506.955000 179.407245 482.501211
236.796700 510.524200 179.321393 486.154048
237.572100 514.070200 179.214993 489.781088
238.362800 517.712500 179.108960 493.404661
239.125600 521.224900 179.002776 496.973833
239.856000 524.724000 178.870942 500.520407
240.543800 528.200800 178.718611 504.045874
241.207800 531.648100 178.549155 507.545228
241.844900 535.077900 178.377965 511.026613
242.461700 538.482200 178.187840 514.476703
243.094400 541.856000 178.013510 517.900463
243.753800 545.201900 177.873850 521.310677
244.425800 548.632500 177.761678 524.697848
245.102900 551.911900 177.679828 528.049308
245.800900 555.164700 177.618173 531.377190
246.514800 558.366500 177.583288 534.663477
247.270000 561.552700 177.594142 537.927726
248.061400 564.684400 177.644817 541.148291
248.903800 567.769200 177.757573 544.342947
249.819600 570.795600 177.942746 547.512015
250.821200 573.876000 178.199141 550.655346
251.849000 576.804900 178.512123 553.745848
252.915700 579.695700 178.866345 556.813097
254.020400 582.588300 179.246704 559.883098
255.116900 585.496700 179.622679 562.966417
256.198700 588.412800 179.967181 566.056551
257.243700 591.350300 180.269657 569.154561
258.250800 594.264100 180.547718 572.225363
259.249300 597.210800 180.794366 575.313618
260.266700 600.226300 181.037898 578.393903
261.255400 603.131400 181.292781 581.444882
262.302800 605.989100 181.614211 584.466881
263.445000 608.802300 182.048901 587.471122
264.710000 611.545200 182.628176 590.446761
266.124100 614.213300 183.369539 593.395625
267.692200 616.804400 184.279891 596.300101
269.419900 619.341800 185.359224 599.192849
271.364100 621.871800 186.597508 602.032728
273.386200 624.233600 187.987144 604.831426
275.514600 626.478400 189.520704 607.562709
277.754700 628.593500 191.189738 610.183314
280.100000 630.557000 192.991172 612.682331
282.566300 632.378000 194.934610 615.058999
285.168100 634.041700 197.059424 617.319119
287.874200 635.611200 199.299563 619.507984
290.694500 637.093400 201.687082 621.647907
293.738900 638.516900 204.203514 623.710199
296.799700 639.858400 206.829548 625.772051
299.962600 641.156900 209.558370 627.826739
303.211800 642.442700 212.351899 629.899756
306.481900 643.709100 215.174995 631.966805
309.787900 644.959500 218.009363 633.993969
313.104800 646.178400 220.885990 636.002412
316.430800 647.385600 223.768648 638.000516
319.738900 648.612900 226.621520 640.009316
323.128300 649.923500 229.441350 642.054311
326.334900 651.269700 232.204404 644.160830
329.491100 652.690900 234.899049 646.332982
332.585800 654.150400 237.511659 648.527396
335.531000 655.597800 240.025225 650.679972
338.299700 657.024300 242.385906 652.770315
340.963300 658.445900 244.658860 654.822999
343.493200 659.821400 246.812114 656.792751
345.966400 661.179800 248.841872 658.670344
348.220700 662.421200 250.753922 660.443066
350.379400 663.609700 252.585199 662.137579
352.411200 664.704400 254.316695 663.708768
354.304500 665.678600 255.946928 665.134385
355.993800 666.528100 257.389433 666.385609
357.507600 667.251800 258.674409 667.469986
358.807600 667.872600 259.786657 668.398730
359.934500 668.396200 260.729238 669.166110
360.827600 668.817400 261.502312 669.801740
361.589700 669.178000 262.154805 670.347302
362.341000 669.547500 262.748774 670.904223
363.020900 669.978100 263.285767 671.483382
363.679300 670.516700 263.786180 672.162978
364.338200 671.253200 264.252271 673.038176
364.966600 672.217300 264.621018 674.138178
365.464200 673.443200 264.776949 675.468825
365.802200 674.949500 264.668664 676.974948
365.876000 676.640000 264.220264 678.586253
365.669300 678.527400 263.462633 680.268339
365.224300 680.447400 262.437808 681.957866
364.601000 682.455400 261.212388 683.672663
363.755500 684.535700 259.781061 685.392538
362.648100 686.674600 258.135302 687.118761
361.396500 688.888000 256.318252 688.879929
360.038900 691.299300 254.387872 690.736705
358.647200 693.750700 252.347632 692.679190
357.173500 696.345200 250.177069 694.729897
355.653400 699.042500 247.928033 696.861004
354.056000 701.845200 245.572885 699.068559
352.417000 704.727200 243.152998 701.344934
350.734400 707.687800 240.664907 703.682408
348.959500 710.832400 238.106018 706.093541
347.186100 713.916900 235.477930 708.524310
345.371200 717.087100 232.787326 711.023735
343.535100 720.331600 230.064717 713.580047
341.664200 723.623000 227.290735 716.177474
339.774700 726.981100 224.482432 718.834409
337.860600 730.397600 221.642828 721.527745
335.916900 733.862000 218.727546 724.288927
333.882800 737.498700 215.752218 727.123689
331.909800 741.080700 212.795659 729.965896
329.931500 744.673900 209.834307 732.808609
327.959100 748.218200 206.893798 735.609442
326.026300 751.705000 204.000509 738.366986
324.104800 755.164000 201.130230 741.094857
322.177500 758.629900 198.241650 743.846189
320.201800 762.099600 195.337835 746.555047
318.270000 765.531300 192.467112 749.262784
316.362800 768.955300 189.610874 751.975167
314.373400 772.494000 186.739079 754.676385
312.406500 775.918800 183.828944 757.359694
310.391100 779.336400 180.875177 760.022768
308.266600 782.748700 177.836045 762.638646
306.014200 786.121800 174.695632 765.201220
303.659400 789.448400 171.466950 767.682392
301.139000 792.710800 168.120520 770.059419
298.524000 795.873300 165.457318 770.942470
295.821000 798.962000 161.917529 773.040851
293.056400 802.033300 158.328551 775.090696
290.143500 805.159200 154.691663 777.093192
287.256500 808.129500 151.014196 779.003766
284.258500 811.035900 147.255593 780.818563
281.191600 813.823300 143.471570 782.495563
278.033100 816.497000 139.658360 784.055931
274.823800 819.046900 135.841728 785.470081
271.575000 821.465200 132.020126 786.749218
268.320300 823.739700 128.237695 787.885780
265.083700 825.890400 124.501011 788.910119
261.738200 828.040100 120.783016 789.863272
258.552200 830.036300 117.123709 790.755115
255.422100 831.929600 115.317662 790.207454
252.330600 833.743000 111.798158 790.906987
249.214600 835.417300 108.387564 791.536090
245.865600 836.889600 105.081395 792.099213
242.729900 838.336300 101.899360 792.621803
239.774500 839.761900 98.881551 793.103428
237.093900 841.069200 96.010572 793.553803
234.628700 842.308300 93.336799 793.983081
232.354300 843.493600 90.834754 794.414434
230.263600 844.599700 88.526637 794.822146
228.341500 845.590100 86.417558 795.159401
226.520700 846.439100 84.439903 795.388985
224.742700 847.095200 82.559119 795.445890
223.045900 847.542600 80.828327 795.321884
221.341800 847.756700 79.172107 794.977401
219.504300 847.683600 77.567894 794.369030
217.777500 847.249600 76.085799 793.466179
216.149200 846.453500 74.769708 792.265990
214.663800 845.349300 73.670538 790.791453
213.334900 843.977500 72.829265 789.087065
212.161700 842.404900 72.232623 787.226703
211.115800 840.638400 71.834552 785.223345
210.173100 838.615700 71.644891 783.093694
209.338900 836.442100 71.610969 780.785550
208.585600 834.164400 71.689495 778.390483
207.854500 831.732200 71.847348 775.856079
207.139800 829.163100 72.063041 773.221036
206.388700 826.423400 72.302213 770.480525
205.648400 823.665200 72.554795 767.636882
204.887500 820.825800 72.807182 764.691735
204.122700 817.910200 73.075711 761.674883
203.354600 814.922900 73.359907 758.587910
202.555100 811.839300 73.650143 755.416906
201.727700 808.686100 73.949460 752.168909
200.880000 805.459600 74.258805 748.834255
199.985700 802.090800 74.557913 745.437415
199.110300 798.788500 74.866030 742.018571
198.231000 795.455900 75.183136 738.563692
197.363600 792.091300 75.508098 735.079958
196.489600 788.697200 75.835824 731.563024
195.554000 785.276600 76.143296 728.031358
194.571500 781.828900 76.413669 724.459218
193.540200 778.371000 76.641924 720.823146
192.440900 774.885500 76.815372 717.164240
191.243400 771.276100 76.929057 713.466010
190.043000 767.740600 77.023780 709.725525
188.843100 764.164300 77.121514 705.934314
187.674300 760.532800 77.284428 702.104383
186.568400 756.845400 77.524797 698.251629
185.546600 753.130300 77.847467 694.385997
184.582300 749.376900 78.237182 690.502399
183.664200 745.598400 78.697094 686.597558
182.791200 741.787700 79.218018 682.674587
181.934600 737.833500 79.774593 678.765849
181.133700 733.976200 80.360552 674.866429
180.375500 730.109300 80.974098 670.990526
179.650800 726.223000 81.618511 667.093949
178.926600 722.330100 82.263355 663.173783
178.206600 718.420800 82.940944 659.246569
177.509500 714.487200 83.659185 655.296536
176.833000 710.504000 84.408182 651.333064
176.162000 706.552200 85.159354 647.383512
175.498200 702.492000 85.935562 643.432717
174.904800 698.596900 86.738609 639.543929
174.343400 694.734000 87.549550 635.715095
173.800700 690.935300 88.360165 631.948480
173.257600 687.170900 89.160681 628.216359
172.748100 683.442600 89.947970 624.516838
172.250400 679.759500 90.734964 620.872652
171.760300 676.090200 91.522084 617.243008
171.257900 672.454400 92.302106 613.643540
170.723500 668.718600 93.061798 610.049639
170.189100 665.099200 93.821963 606.447752
169.636900 661.469300 94.589583 602.835208
169.054100 657.822600 95.341818 599.215078
168.484800 654.145700 96.115242 595.563718
167.919300 650.464200 96.903816 591.930183
167.375100 646.768300 97.712086 588.294655
166.846600 643.056500 98.520953 584.630130
166.280800 639.218500 99.334561 580.932242
165.723300 635.480400 100.148131 577.242160
165.141300 631.730200 100.949069 573.545391
164.530400 627.950100 101.728326 569.799866
163.918700 624.138200 102.515961 566.024672
163.313700 620.321000 103.298743 562.232452
162.712200 616.486400 104.090992 558.428329
162.131400 612.652400 104.892049 554.633906
161.533700 608.824000 105.705049 550.831223
160.869000 604.891200 106.521538 547.007556
160.245700 601.068000 107.337472 543.172496
159.609200 597.219100 108.147201 539.350807
158.956000 593.329700 108.979165 535.495956
158.326000 589.426400 109.810874 531.615899
157.700300 585.512500 110.650482 527.741113
157.064100 581.571500 111.492034 523.837179
156.437700 577.612000 112.347360 519.915140
155.797100 573.514500 113.208384 516.002193
155.202800 569.535200 114.081878 512.089576
154.599700 565.563100 114.952785 508.175186
153.989800 561.583700 115.809646 504.257158
153.383200 557.622200 116.652350 500.353304
152.766200 553.672600 117.507797 496.454365
152.118100 549.726300 118.363897 492.547116
151.448000 545.785700 119.199950 488.626512
150.815700 541.847500 120.053602 484.706349
150.224900 537.894100 120.905215 480.790401
149.663300 533.794900 121.768120 476.854190
149.170000 529.816500 122.654331 472.934792
148.682900 525.835700 123.541572 469.018368
148.198900 521.858200 124.451596 465.106548
147.716800 517.879100 125.359616 461.194121
147.181300 513.912700 126.232345 457.281376
146.661600 509.931200 127.111215 453.366905
146.096400 505.965700 127.979774 449.463344
145.520800 502.014900 128.846029 445.559447
144.928100 497.940800 129.700543 441.658236
144.326800 493.992600 130.532983 437.732810
143.733100 490.023800 131.355989 433.802786
143.185500 486.051100 132.207118 429.895049
142.612700 482.072100 133.053792 425.966852
142.047000 478.093200 133.915587 422.051699
141.503500 474.106900 134.795207 418.140963
140.961400 470.115700 135.690064 414.219686
140.426600 466.146000 136.578999 410.319884
139.900600 462.201500 137.458401 406.462372
139.367300 458.179200 138.340239 402.651875
138.850700 454.314300 139.213173 398.871014
138.349500 450.483200 140.087957 395.119988
137.868400 446.673200 140.970269 391.394469
137.413200 442.866600 141.876986 387.680990
136.992000 439.052000 142.823580 383.951345
136.606000 435.242400 143.793258 380.239466
136.230900 431.429500 144.785433 376.520035
135.913100 427.621500 145.833473 372.820891
135.621800 423.656800 146.931330 369.125562
135.349200 419.838700 148.056582 365.481507
135.115500 415.975900 149.248074 361.801624
134.940100 412.124700 150.471041 358.142420
134.809300 408.290600 151.732590 354.517128
134.736600 404.500800 153.032024 350.953568
134.701200 400.767300 154.339110 347.458859
134.673800 397.091400 155.638195 344.018819
134.699400 393.482700 156.964026 340.654709
134.739800 389.936100 158.289889 337.359920
134.819600 386.328900 159.614977 334.124531
134.924900 382.890600 160.939317 330.951119
135.046900 379.522500 162.262531 327.841375
135.205700 376.214000 163.590256 324.798053
135.406300 373.000600 164.916991 321.863892
135.627400 369.852800 166.245406 319.011584
135.907500 366.777800 167.599174 316.255349
136.291300 363.798600 169.013690 313.632821
136.800100 360.907300 170.517906 311.139861
137.439700 358.020300 172.132866 308.742738
138.190700 355.252600 173.848718 306.422554
139.040600 352.495900 175.645429 304.150258
139.963900 349.777900 177.486233 301.948635
140.961800 347.139100 179.363251 299.849128
142.031900 344.570000 181.283657 297.836194
143.186000 342.081500 183.249003 295.941829
144.440000 339.679300 185.277612 294.160805
145.869100 337.275900 187.396938 292.499262
147.418500 335.026200 189.637785 290.972471
149.140500 332.851500 192.004042 289.579700
151.042800 330.738400 194.504041 288.335707
153.116400 328.736400 197.149398 287.254298
155.343300 326.892600 199.909633 286.356096
157.743200 325.192000 202.742303 285.664754
160.292700 323.679000 205.650583 285.208257
162.994400 322.378600 208.615896 285.014320
165.939900 321.278800 211.638974 285.093952
168.916300 320.422100 214.699756 285.411191
171.995400 319.720300 217.788979 285.911038
175.161800 319.124400 220.940913 286.542781
178.410300 318.593100 224.148821 287.262823
181.714600 318.080600 227.414624 288.051738
184.982700 317.526500 230.771566 288.900676
188.374800 316.989900 234.196449 289.767223
191.923500 316.458300 237.654277 290.624839
195.402800 315.917200 241.167663 291.460528
198.897400 315.332200 244.670207 292.250138
202.394300 314.690700 248.183347 292.987956
205.917300 313.983100 251.719123 293.661212
209.432900 313.176300 255.313867 294.245609
212.909300 312.283500 258.887784 294.729890
216.304100 311.289700 262.400812 295.085188
219.613500 310.189400 265.882177 295.311946
222.917600 308.920000 269.304286 295.378550
225.983500 307.566100 272.644618 295.285893
228.936000 306.083100 275.935433 295.033022
231.770700 304.466000 279.148635 294.605648
234.462800 302.754300 282.275183 294.038275
237.013000 300.987400 285.299257 293.357173
239.397800 299.162500 288.194783 292.565272
241.606600 297.324700 290.925595 291.693087
243.611300 295.514200 293.483465 290.755157
245.443700 293.680500 295.818133 289.764745
246.998800 291.945900 297.918270 288.733118
248.313400 290.268000 299.763589 287.666798
249.374500 288.667600 301.360376 286.575127
250.219800 287.098100 302.739614 285.424672
250.832500 285.562800 303.893386 284.215468
251.203400 283.984900 304.854431 282.872520
251.380700 282.297900 305.631311 281.413611
251.268200 280.639700 306.161629 279.823730
250.825200 278.986400 306.411848 278.069166
250.048900 277.318000 306.335123 276.190307
248.916800 275.701500 305.876898 274.239766
247.457400 274.166900 305.081749 272.247732
245.681200 272.692400 303.993877 270.197773
243.687700 271.228200 302.705688 268.070376
241.567200 269.639800 301.350610 265.801664
239.271100 267.861200 299.959348 263.376593
236.962900 265.996600 298.547962 260.780468
234.600200 263.999400 297.145887 258.037758
232.229600 261.857300 295.794777 255.164948
229.873200 259.599000 294.489634 252.176798
227.509500 257.247400 293.221544 249.109118
225.176000 254.790000 292.018862 245.970100
222.861800 252.250900 290.851085 242.730028
220.612400 249.675200 289.766468 239.486806
218.458200 247.151000 288.763080 236.327371
216.352400 244.619100 287.830923 233.263567
214.476400 242.237300 287.019223 230.322868
212.774700 239.936300 286.331616 227.530912
211.197100 237.759300 285.692871 224.891386
209.695200 235.776200 285.057373 222.455857
208.209600 234.039200 284.343886 220.239781
206.703500 232.576100 283.503943 218.252045
205.087200 231.352300 282.503053 216.511992
203.429300 230.419500 281.305298 214.961696
201.618000 229.766000 279.841330 213.603673
199.708100 229.422700 278.137670 212.512970
197.678700 229.436300 276.249210 211.751060
195.731100 229.790600 274.241020 211.303708
193.796500 230.520700 272.121404 211.212217
191.914900 231.547200 269.912483 211.410623
190.055300 232.754800 267.641517 211.772229
188.077500 234.042500 265.267965 212.160754
185.948300 235.354700 262.773323 212.513378
183.670700 236.667400 260.137805 212.804458
181.236700 237.962400 257.374821 212.993213
178.600400 239.207800 254.473037 213.068381
175.732000 240.395900 251.479152 212.997224
172.721600 241.404400 248.372620 212.751983
169.631000 242.336900 245.231041 212.433193
166.487000 243.184300 242.056359 212.002268
163.324200 243.948000 238.843825 211.441237
160.088100 244.680400 235.614470 210.851129
156.817100 245.366600 232.383079 210.219243
153.502600 246.004100 229.120331 209.524672
150.089700 246.620600 225.864934 208.782796
146.818400 247.212600 222.624915 208.024122
143.529300 247.784200 219.394561 207.244698
140.244700 248.348800 216.188609 206.465661
136.984800 248.906200 213.008914 205.687326
133.762700 249.460100 209.862930 204.928785
130.584600 250.018200 206.730599 204.209806
127.453800 250.597200 203.607509 203.545841
124.278700 251.265700 200.504747 202.951075
121.240300 251.981100 197.396860 202.436179
118.263100 252.786800 194.322684 202.019359
115.338500 253.697400 191.256663 201.710030
112.466500 254.775300 188.165213 201.546888
109.611900 256.052100 185.029483 201.562255
106.838900 257.529800 181.895118 201.803829
104.139900 259.158900 178.763749 202.225305
101.462800 261.004200 175.637697 202.820100
98.981420 262.944200 172.556705 203.596865
96.593840 265.045500 169.513027 204.546107
94.275710 267.301900 166.493184 205.656708
92.043610 269.673800 163.490822 206.947621
89.930410 272.197900 160.532840 208.421149
87.932880 274.874600 157.629978 210.061807
86.064220 277.691600 154.776245 211.881168
84.322250 280.655200 151.975654 213.879348
82.653190 283.814000 149.247075 216.003516
81.120850 286.997500 146.565544 218.268743
79.832530 290.252000 144.060579 220.702520
78.622270 293.658100 141.563382 223.278342
77.530210 297.082700 139.151243 225.918415
76.569960 300.570100 136.832872 228.675284
75.750000 304.082800 134.636090 231.518057
75.061090 307.642700 132.541061 234.460120
74.516640 311.234800 130.558460 237.496187
74.100540 314.978500 128.688096 240.611090
73.833140 318.627900 126.932901 243.803738
73.780470 322.281300 125.255298 247.035674
73.834260 325.914600 123.639211 250.306752
73.882640 329.547000 122.080375 253.596612
74.065750 333.151300 120.569268 256.882529
74.238390 336.776500 119.098097 260.167089
74.410330 340.395700 117.654266 263.473388
74.580460 344.031400 116.248747 266.791705
74.733460 347.793500 114.826432 270.095837
74.806550 351.430600 113.334407 273.354607
74.840310 355.016200 111.842187 276.602324
74.885840 358.591200 110.352681 279.836519
74.819110 362.169500 108.838486 283.048094
74.759950 365.726900 107.310675 286.260071
74.630510 369.285400 105.733514 289.445675
74.436680 372.892100 104.095503 292.615530
74.188000 376.477800 102.397034 295.746714
73.899180 380.179200 100.649022 298.862164
73.548380 383.748500 98.850337 301.930400
73.136600 387.313800 97.000211 304.978051
72.711700 390.845600 95.134274 307.990445
72.202100 394.359800 93.166058 310.954065
71.666740 397.892100 91.165229 313.901058
71.061340 401.400900 89.111744 316.804335
70.400270 404.913900 87.003908 319.692191
69.672200 408.499900 84.859287 322.551635
68.952110 411.985300 82.730622 325.421978
68.216250 415.475900 80.583121 328.248893
67.513190 418.989900 78.443087 331.067252
66.819420 422.498000 76.297181 333.915177
66.118870 425.974700 74.163876 336.782978
65.428090 429.425300 72.029320 339.655370
64.771220 432.923600 69.900276 342.582603
64.170710 436.616000 67.833974 345.571626
63.621340 440.201500 65.804484 348.567064
63.175170 443.801300 63.858106 351.612574
62.776100 447.411600 61.965759 354.671690
62.485810 451.007800 60.167517 357.772458
62.271450 454.581200 58.423895 360.896904
62.108720 458.152700 56.722308 364.030785
61.972500 461.717600 55.048640 367.170213
61.876430 465.280200 53.400717 370.330307
61.804270 468.966200 51.769298 373.513209
61.764440 472.533500 50.167548 376.701024
61.790900 476.107700 48.638201 379.878640
61.825500 479.667300 47.121705 383.043062
61.919350 483.257000 45.605058 386.320496
62.021520 486.850000 44.107527 389.569544
62.153630 490.440700 42.637341 392.839789
62.273580 494.064700 41.144756 396.110552
62.367530 497.824300 39.623764 399.410495
62.432080 501.521400 38.091055 402.705078
62.484960 505.267600 36.583933 406.008619
62.559390 509.025100 35.091734 409.392838
62.742270 512.793500 33.675823 412.849334
62.970850 516.616400 32.266353 416.377509
63.208470 520.421300 30.870214 419.870762
63.469730 524.213900 29.480561 423.409169
63.696520 528.021000 28.049940 426.928944
63.910900 531.937400 26.592449 430.448269
64.134210 535.701600 25.160744 433.922694
64.315990 539.487200 23.671908 437.398331
64.453760 543.234100 22.167921 440.786364
64.605490 546.983900 20.679979 444.171726
64.741400 550.715700 19.156423 447.581621
64.858740 554.421500 17.640868 450.951556
65.024540 558.114800 16.182016 454.307739
65.219310 561.918100 14.722061 457.729911
65.452580 565.555800 13.345296 461.090980
65.685470 569.215600 11.965927 464.445977
65.909890 572.872400 10.564026 467.829080
66.094720 576.514000 9.158865 471.137910
66.295630 580.150600 7.759496 474.491080
66.477890 583.817500 6.339086 477.849365
66.654180 587.466700 4.917532 481.187030
66.799160 591.105300 3.440261 484.544821
66.898220 594.850300 1.939597 487.818887
67.011650 598.447100 0.441680 491.143954
67.148040 602.050600 -1.022102 494.435502
67.298860 605.614600 -2.481257 497.739871
67.444970 609.176700 -3.921870 500.996194
67.572080 612.723500 -5.352315 504.195416
67.774660 616.241500 -6.718983 507.451807
67.998790 619.751500 -8.056688 510.686994
68.282970 623.346800 -9.339632 513.928054
68.565890 626.824800 -10.607025 517.148060
68.899700 630.265000 -11.820187 520.400603
69.329760 633.688500 -12.939163 523.652671
69.726860 637.082800 -14.073184 526.883313
70.161990 640.456300 -15.152966 530.082877
70.630910 643.762800 -16.179189 533.238527
71.017270 647.105000 -17.298712 536.394145
71.367770 650.481000 -18.428580 539.482707
71.715750 653.746900 -19.583965 542.586619
72.122330 656.951300 -20.725682 545.675324
72.438250 660.203200 -21.915009 548.723432
72.736660 663.394200 -23.109519 551.694698
73.048700 666.606100 -24.337067 554.689643
73.372640 669.808700 -25.563051 557.692816
73.766120 672.989500 -26.757140 560.711946
74.168570 676.316200 -27.900907 563.726482
74.600280 679.545400 -28.982076 566.788029
75.086460 682.804000 -30.023548 569.916599
75.622770 686.089900 -31.067490 573.067169
76.131890 689.410300 -32.097533 576.241795
76.754910 692.781000 -33.107460 579.481277
77.388390 696.216700 -34.104284 582.793547
77.992190 699.656500 -35.116087 586.138829
78.605830 703.289700 -36.167160 589.513547
79.194590 706.861700 -37.251277 592.960023
79.895110 710.441500 -38.333785 596.422603
80.522680 714.086700 -39.460058 599.934563
81.127750 717.776400 -40.567273 603.507105
81.709900 721.491900 -41.670326 607.081891
82.376050 725.237200 -42.739532 610.684988
83.128420 728.974100 -43.776424 614.293297
83.880770 732.710900 -44.787728 617.952430
84.633100 736.447600 -45.758399 621.598821
85.385410 740.184100 -46.678775 625.260669
86.140240 743.734400 -47.570375 628.915222
87.030840 747.358600 -48.412170 632.542381
87.917450 750.992400 -49.260044 636.161044
88.803120 754.618400 -50.086719 639.771636
89.709950 758.201700 -50.890520 643.387412
90.668400 761.848800 -51.655314 647.085063
91.671310 765.533300 -52.381878 650.694632
92.682180 769.147000 -53.108655 654.365011
93.703210 772.711200 -53.788081 657.986845
94.773480 776.296500 -54.440137 661.662656
95.842860 779.816700 -55.063921 665.289951
96.917600 783.341500 -55.669385 668.913105
98.006810 786.845400 -56.237258 672.537671
99.122990 790.307700 -56.776667 676.132237
100.280500 793.882700 -57.303397 679.721069
101.455900 797.304900 -57.780476 683.304799
102.649600 800.710800 -58.232040 686.876301
103.873000 804.077900 -58.658713 690.419287
105.110600 807.434100 -59.073456 693.974992
106.351500 810.772800 -59.467463 697.500290
107.621200 814.077400 -59.829285 701.016372
108.924500 817.358900 -60.162822 704.512706
110.223200 820.626100 -60.497571 708.014611
111.520300 823.947000 -60.838051 711.448665
112.775200 827.098000 -61.140621 714.843951
114.037300 830.155300 -61.388423 718.159022
115.287900 833.154200 -61.635903 721.402900
116.587800 836.103900 -61.802669 724.629801
118.054100 839.000800 -61.834336 727.885601
119.599100 841.835900 -61.756781 731.126954
121.233300 844.639900 -61.567745 734.406913
123.051100 847.284200 -61.310470 737.605325
124.899800 849.798200 -60.932918 740.837619
126.748000 852.311600 -60.449003 743.994576
128.595400 854.824400 -59.900654 747.098009
130.442200 857.336700 -59.307497 750.071805
132.288200 859.848600 -58.680077 752.954400
134.146000 861.970900 -58.021006 755.722522
135.962200 863.984700 -57.346133 758.369787
137.802100 865.991500 -56.668719 760.933746
139.490200 867.833400 -56.012070 763.371212
141.103700 869.597500 -55.386944 765.703787
142.665100 871.319800 -54.798463 767.965210
144.114500 872.928800 -54.248599 770.082612
145.467900 874.380400 -53.713195 772.017678
146.721500 875.622700 -53.164710 773.716953
147.836400 876.406500 -52.606346 775.144780
148.871000 877.008000 -52.062656 776.300858
149.896800 877.608400 -51.502193 777.352248
150.913800 878.208700 -50.820110 778.300927
151.922000 878.809600 -50.065975 779.156915
152.967700 879.290900 -49.176543 779.955370
154.218700 879.451800 -48.114196 780.688292
155.615500 879.487000 -46.902074 781.354117
157.083400 879.262400 -45.481386 781.856375
158.666700 878.862500 -43.893923 782.237275
160.317300 878.261700 -42.140736 782.469605
162.036300 877.462100 -40.236174 782.554513
163.843900 876.537600 -38.199180 782.566236
165.759200 875.508200 -36.018887 782.538841
167.781500 874.418700 -33.719544 782.510462
169.918100 873.275800 -31.290428 782.487415
172.239400 872.050100 -28.747325 782.476072
174.590000 870.817600 -26.093809 782.477631
177.053400 869.546900 -23.325214 782.498893
179.588500 868.251000 -20.477137 782.532535
182.152600 866.937200 -17.582145 782.556923
184.705500 865.610700 -14.693354 782.563925
187.220000 864.261300 -11.816980 782.532716
189.688200 862.905500 -8.988419 782.472253
192.058000 861.597200 -6.257803 782.409171
194.409900 860.265400 -3.635678 782.333139
196.538800 858.910200 -1.132786 782.280927
198.554600 857.847800 1.249350 782.276786
200.454800 856.882300 3.505962 782.350119
202.367600 856.050700 5.623261 782.542638
204.242400 855.458200 7.557526 782.916596
206.123200 855.136200 9.329042 783.518578
208.019300 855.137800 10.947133 784.369975
209.859000 855.441400 12.397851 785.458311
211.634100 856.105700 13.645952 786.858821
213.403700 857.163000 14.650364 788.546222
214.982800 858.539100 15.354223 790.472946
216.412000 860.176400 15.777682 792.582905
217.762700 862.062700 16.008145 794.854042
219.037400 864.139900 16.090163 797.265254
220.197500 866.421300 15.979651 799.785981
221.282400 868.953300 15.702152 802.418549
222.342700 871.532600 15.379304 805.180715
223.439100 874.199200 15.051299 808.036364
224.575100 876.956000 14.699987 810.984338
225.706600 879.774000 14.308617 813.988992
226.812600 882.641900 13.877884 817.004996
227.876200 885.522800 13.406467 820.021551
228.921400 888.495600 12.893025 823.025590
229.927700 891.347000 12.393047 825.994391
230.941300 894.163500 11.917247 828.930501
231.977000 896.931300 11.486265 831.861196
233.036900 899.632800 11.112047 834.734499
234.171700 902.237600 10.847476 837.566470
235.489500 904.785000 10.776638 840.362694
236.918500 907.098000 10.911911 843.094342
238.492300 909.259000 11.243225 845.765281
240.212300 911.241200 11.774894 848.339395
242.077900 913.058500 12.517502 850.832795
244.137800 914.692400 13.469386 853.239995
246.323900 916.127600 14.629943 855.527691
248.664200 917.345200 16.025481 857.700640
251.198900 918.363500 17.656916 859.746894
253.760000 919.138500 19.513550 861.675312
256.448000 919.652700 21.595938 863.430879
259.262400 919.923000 23.917685 865.043881
262.193600 920.046300 26.424213 866.583779
265.212000 920.033000 29.070719 868.027111
268.378600 920.030300 31.873114 869.401513
271.652200 919.879400 34.785109 870.761566
274.964800 919.651000 37.772277 872.097245
278.363300 919.290900 40.852749 873.394741
281.907200 918.828400 44.016780 874.661004
285.354000 918.288700 47.273156 875.881661
288.831700 917.671900 50.595349 877.058638
292.328400 916.958400 53.998229 878.171824
295.800100 916.184600 57.397670 879.204769
299.257300 915.308200 60.834048 880.171551
302.686600 914.306300 64.262447 881.042479
306.085300 913.266200 67.736122 881.859284
309.549100 912.117200 71.177447 882.586204
312.905300 910.973800 74.630603 883.248802
316.276000 909.834000 78.102423 883.910979
319.655100 908.687000 81.594828 884.572298
323.030500 907.498100 85.103822 885.211641
326.432200 906.295600 88.649771 885.846329
329.861300 905.083100 92.228192 886.481181
333.354400 903.847200 95.884924 887.124242
336.901100 902.575500 99.623456 887.769457
340.518600 901.282200 103.429764 888.417116
344.303700 899.883700 107.314203 889.033592
347.994500 898.510400 111.195971 889.637492
351.615600 897.142400 115.048555 890.222934
355.173200 895.768200 118.839001 890.768246
358.670200 894.394800 122.572862 891.289205
362.122800 893.019400 126.256087 891.787526
365.498700 891.671400 129.871092 892.285150
368.770800 890.331900 133.387494 892.737888
371.890500 889.058100 136.728503 893.175057
374.904800 887.830800 139.889968 893.595523
377.601600 886.740300 142.795280 893.984074
380.073300 885.758000 145.436505 894.351779
382.367200 884.855700 147.880330 894.691260
384.508300 884.027500 150.145910 895.006549
386.573300 883.240800 152.318679 895.321777
388.542800 882.468600 154.430603 895.632355
390.466000 881.709600 156.505055 895.940841
392.451400 880.932700 158.635698 896.261240
394.583700 880.076400 160.850805 896.581806
396.747700 879.179200 163.199197 896.902491
399.032700 878.234500 165.668694 897.258937
401.441300 877.261600 168.252797 897.643121
403.962000 876.250900 170.961976 898.052290
406.598900 875.219700 173.772895 898.490875
409.367800 874.147100 176.702030 898.944246
412.256500 873.048000 179.732423 899.419471
415.341900 871.863400 182.878272 899.906070
418.431200 870.677600 186.121865 900.408335
421.595100 869.430100 189.467240 900.905571
424.817800 868.106600 192.915797 901.375587
428.093400 866.689200 196.466354 901.796971
431.415400 865.176000 200.123821 902.168395
434.704700 863.618300 203.758507 902.479752
437.945800 862.016200 207.386274 902.734957
441.096800 860.382400 210.946468 902.914515
444.267000 858.708600 214.445897 903.050397
447.277300 857.090100 217.873832 903.167567
450.235800 855.507900 221.221113 903.305919
453.134800 853.986100 224.501730 903.465328
455.958300 852.563500 227.646738 903.670143
458.638900 851.296300 230.584839 903.919131
461.152300 850.115000 233.346661 904.168110
463.579400 848.990600 236.006129 904.426310
465.932200 847.914100 238.567610 904.686787
468.231100 846.877000 241.066966 904.950681
470.568100 845.834600 243.542854 905.220887
472.902200 844.797300 246.081484 905.498240
475.305900 843.704400 248.740454 905.767432
477.763100 842.590300 251.430755 906.054808
480.317900 841.442600 254.236463 906.349937
482.921900 840.253500 257.099168 906.626238
485.590000 839.061200 260.024541 906.929386
488.323000 837.813600 263.008995 907.219781
491.110600 836.549800 266.017247 907.528716
494.005300 835.241900 269.063862 907.839620
496.818000 833.988200 272.147106 908.163598
499.655400 832.708200 275.264218 908.491339
502.528600 831.405400 278.422491 908.812967
505.448600 830.142400 281.602853 909.155230
508.397300 828.858700 284.816769 909.509725
511.380600 827.573400 288.043601 909.877288
514.391800 826.266800 291.299899 910.249319
517.537700 824.914300 294.572796 910.643025
520.589800 823.604200 297.845214 911.038081
523.577900 822.310300 301.069215 911.430386
526.460700 821.084600 304.168891 911.824843
529.221600 819.922500 307.135480 912.210072
531.861200 818.835700 309.947061 912.598258
534.374900 817.820100 312.618854 912.990568
536.794200 816.854100 315.189847 913.379062
539.148600 815.863400 317.716960 913.710629
541.511800 814.752300 320.247551 913.934709
543.713700 813.578500 322.760110 914.035580
545.858100 812.290700 325.284427 914.002388
547.893500 810.867100 327.786731 913.791440
549.772200 809.234800 330.259578 913.312284
551.429300 807.399400 332.655164 912.556468
552.900300 805.363700 335.010902 911.520248
554.216800 803.008400 337.318466 910.181295
555.231000 800.484700 339.535441 908.510156
555.999200 797.768200 341.626005 906.571464
556.647400 794.912200 343.677294 904.451203
557.261800 791.930900 345.756285 902.212192
557.863800 788.843900 347.866569 899.890389
558.468500 785.659600 350.039990 897.478686
559.113800 782.395400 352.291505 895.023803
559.811800 779.060100 354.610668 892.526755
560.527500 775.642600 356.992195 889.974379
561.309400 772.030500 359.445115 887.395513
562.117800 768.457700 361.951360 884.776393
562.953100 764.783800 364.531725 882.069967
563.820500 761.070600 367.154044 879.355879
564.663200 757.327500 369.798112 876.609288
565.507600 753.594700 372.439184 873.865734
566.345700 749.871800 375.070570 871.125252
567.178300 746.138200 377.712384 868.390348
568.049200 742.395600 380.382996 865.655483
568.970000 738.532800 383.082670 862.932171
569.807900 734.794200 385.742303 860.183559
570.656900 731.023100 388.433665 857.409833
571.531000 727.260000 391.146864 854.642979
572.376500 723.528300 393.820725 851.888824
573.196400 719.797000 396.465705 849.143294
574.028100 716.068900 399.125056 846.396550
574.853100 712.324700 401.780358 843.636892
575.658300 708.572100 404.437091 840.846820
576.390500 704.815200 407.031141 838.018104
577.078700 700.902500 409.577812 835.124767
577.720900 697.081500 412.113948 832.181688
578.333600 693.238500 414.639506 829.205162
578.916400 689.374700 417.148234 826.207743
579.481000 685.484400 419.657499 823.177488
579.990000 681.571600 422.142036 820.103131
580.441000 677.639300 424.610108 817.006828
580.887000 673.681700 427.062070 813.882371
581.281400 669.745600 429.477803 810.731720
581.646800 665.701200 431.838709 807.601634
581.956700 661.818200 434.145048 804.458977
582.209200 657.977200 436.386175 801.321694
582.403600 654.150500 438.570429 798.177186
582.566200 650.316300 440.737126 795.001282
582.726800 646.478500 442.892910 791.834829
582.879500 642.611000 445.037093 788.634366
582.976100 638.741600 447.140315 785.407225
583.022800 634.831600 449.242941 782.110198
583.108100 630.778000 451.390364 778.811199
583.197900 626.846400 453.542829 775.504202
583.315800 622.921600 455.723307 772.201390
583.451600 619.012700 457.889738 768.959076
583.596700 615.104900 460.074676 765.711395
583.746000 611.180300 462.276448 762.453620
583.839400 607.253700 464.511483 759.191113
583.952200 603.321500 466.748163 755.918900
584.051100 599.399600 468.956970 752.662253
584.155700 595.390600 471.152663 749.450069
584.279600 591.532500 473.350885 746.235989
584.343600 587.723300 475.538077 743.041964
584.433400 583.890300 477.729876 739.851307
584.613700 580.073600 479.968232 736.725985
584.921000 576.287800 482.281874 733.692867
585.348700 572.538300 484.668109 730.746145
585.903800 568.813800 487.138468 727.889812
586.583600 565.117400 489.687130 725.125409
587.348200 561.444600 492.297809 722.408052
588.151100 557.670500 494.909770 719.703725
588.957100 554.016900 497.515583 717.036032
589.788000 550.370200 500.135764 714.389548
590.626400 546.740900 502.757055 711.753329
591.450000 543.149500 505.347933 709.146407
592.235000 539.599500 507.894634 706.553754
592.928200 536.074300 510.352160 703.927433
593.558000 532.581600 512.743577 701.286853
594.128000 529.206600 515.013686 698.726591
594.665900 525.917700 517.148390 696.316656
595.185200 522.924100 519.177915 694.070100
595.724200 520.118100 521.118296 691.994653
596.270600 517.500000 522.969661 690.078446
596.806000 515.028300 524.735715 688.275143
597.293400 512.726600 526.371740 686.590701
597.669800 510.595000 527.825667 684.979387
597.873200 508.572800 529.091061 683.362906
597.856700 506.524300 530.171029 681.653153
597.617400 504.578400 531.028404 679.853477
597.168300 502.685500 531.663444 677.990907
596.493500 500.885000 532.063959 676.071439
595.524900 499.114000 532.194586 674.013279
594.244400 497.407700 532.040317 671.873420
592.616100 495.792800 531.548294 669.699813
590.726400 494.419900 530.718110 667.560329
588.585100 493.227500 529.579661 665.428230
586.264200 492.163900 528.208879 663.300522
583.825300 491.164800 526.696742 661.140534
581.258100 490.103800 525.122158 658.864881
578.589000 488.975500 523.503273 656.485766
575.829500 487.757600 521.858455 653.985949
573.020100 486.455900 520.222593 651.406879
570.168400 485.098400 518.588162 648.737478
567.304700 483.674000 516.979702 645.989931
564.333100 482.152300 515.379706 643.200658
561.412700 480.647500 513.766302 640.373316
558.477500 479.145100 512.137945 637.521665
555.460400 477.633800 510.471660 634.598542
552.440900 476.125300 508.817971 631.695463
549.412800 474.559300 507.181196 628.747641
546.382700 472.975800 505.550203 625.788628
543.331100 471.375600 503.908104 622.799978
540.258500 469.765900 502.245652 619.789810
537.104300 468.103900 500.592055 616.773856
534.099400 466.503600 498.977910 613.801014
531.141500 464.931600 497.391476 610.889173
528.270400 463.391900 495.842870 608.027145
525.483800 461.887200 494.343463 605.238300
522.796600 460.390400 492.931977 602.523131
520.246700 458.931400 491.608642 599.908019
517.870800 457.527400 490.401043 597.433488
515.663900 456.194100 489.291415 595.100270
513.529300 454.880100 488.250430 592.882445
511.586800 453.686200 487.263852 590.791672
509.727900 452.654300 486.271646 588.882250
507.906200 451.857300 485.188414 587.174485
506.116200 451.272800 483.981813 585.677722
504.253300 450.941700 482.590379 584.352542
502.301700 450.882700 481.023987 583.243950
500.450000 451.095700 479.332575 582.386479
498.620700 451.627700 477.492591 581.812651
496.847800 452.491300 475.518162 581.566761
495.166600 453.685200 473.433019 581.652837
493.595900 455.242300 471.261007 582.111882
492.232400 457.059800 469.052980 582.925380
491.003900 459.198500 466.778479 584.042835
489.769000 461.637400 464.415660 585.353536
488.508100 464.165100 461.918106 586.763060
487.140300 466.852700 459.242615 588.251790
485.668100 469.689800 456.415097 589.817217
484.094000 472.667000 453.450260 591.437610
482.405900 475.751400 450.353065 593.103734
480.666500 478.920400 447.179750 594.797706
478.873900 482.171800 443.915668 596.532741
477.091600 485.362400 440.627659 598.232916
475.271500 488.636900 437.273241 599.973818
473.396900 491.980100 433.921552 601.703218
471.552100 495.252600 430.537594 603.432691
469.651700 498.556500 427.949933 604.071326
467.742700 501.886000 424.495626 605.789104
465.808400 505.247400 421.000339 607.518007
463.876000 508.634500 417.506616 609.266555
461.959800 512.052200 414.013276 611.049420
460.042600 515.499700 410.498846 612.858742
458.070600 518.976500 406.988708 614.668598
456.028100 522.586800 403.457191 616.498664
454.016500 526.072500 399.908096 618.287136
452.017900 529.559500 396.359800 620.075906
450.060300 533.069400 392.800569 621.873726
448.115400 536.607200 389.223172 623.715293
446.165500 540.146000 385.647990 625.561913
444.174500 543.706600 382.056044 627.413185
442.176500 547.302600 378.454422 629.276862
440.171900 550.902400 374.847492 631.130387
438.102600 554.611500 371.218412 632.976670
436.062400 558.203400 367.569584 634.811390
434.011600 561.808800 363.900983 636.648972
431.943400 565.411300 360.240114 638.485808
429.877300 569.035400 356.548435 640.336907
427.784800 572.663300 352.857193 642.166011
425.664300 576.335700 349.141757 644.038461
423.571400 579.988400 345.444400 645.897788
421.462700 583.640600 341.711164 647.746153
419.304900 587.428100 337.990175 649.630905
417.214000 591.100800 334.257240 651.515045
415.107800 594.784000 330.505312 653.412513
413.000400 598.478200 326.758968 655.305379
410.875500 602.185700 322.971840 657.194477
408.776700 605.911200 319.200226 659.108622
406.636300 609.618400 315.409377 660.984675
404.495500 613.342400 311.598942 662.878966
402.372100 617.032500 307.824106 664.758161
400.236900 620.785000 304.123425 666.622380
398.189500 624.343500 300.478780 668.439103
396.201400 627.830500 296.926758 670.227059
394.210900 631.310800 293.383848 672.009593
392.221100 634.772300 289.844142 673.783896
390.254800 638.185300 286.346376 675.532970
388.278800 641.625800 282.832997 677.293816
386.337900 645.076000 279.355470 679.038351
384.443700 648.511600 275.886857 680.808989
382.487900 651.989300 272.460576 682.534059
380.579500 655.330500 269.047297 684.234027
378.615400 658.665400 265.610818 685.907841
376.617300 662.009200 262.167055 687.596405
374.627300 665.312400 258.691028 689.297565
372.630700 668.687400 255.182497 691.007814
370.646400 672.100400 251.648129 692.771761
368.621300 675.531100 248.081588 694.519957
366.582600 679.016800 244.473720 696.309618
364.538000 682.529700 240.851419 698.109227
362.403600 686.159200 237.215674 699.897666
360.343700 689.707900 233.559817 701.723526
358.306500 693.257200 229.928727 703.564073
356.242500 696.797600 226.286942 705.373620
354.225300 700.294000 222.705604 707.173596
352.186800 703.782500 219.109996 708.955681
350.165800 707.263300 215.532322 710.747396
348.147400 710.754000 211.944927 712.541149
346.114500 714.208100 208.373843 714.292862
344.022500 717.764100 204.821722 716.035308
342.014400 721.198100 201.249921 717.805516
340.015100 724.613700 197.700719 719.569311
338.010900 728.048300 194.156070 721.337863
336.015600 731.505900 190.608191 723.135873
334.125500 735.022500 186.994050 724.975099
332.299100 738.610300 183.351123 726.842768
330.285900 742.215500 179.685097 728.747781
328.171000 745.989500 175.961573 730.673958
326.086500 749.678800 172.192327 732.609007
324.016700 753.372300 168.432132 734.551953
321.952800 757.004500 164.710963 736.447319
319.841100 760.606500 160.964934 738.336810
317.755400 764.220000 157.215995 740.168717
315.722600 767.810800 153.485972 741.989759
313.690500 771.432300 149.746299 743.793846
311.637000 775.010100 146.013234 745.555819
309.482700 778.624300 142.305141 747.260232
307.328400 782.032300 138.618740 748.866217
305.078000 785.419000 134.862745 750.415850
302.741000 788.759200 131.060080 751.896077
300.313100 792.056900 127.213367 753.290526
297.792400 795.310800 123.325530 754.598340
295.104600 798.465000 120.718036 754.634609
292.377400 801.592500 116.676209 755.661481
289.394900 804.602400 112.567653 756.581353
286.268600 807.617800 108.448641 757.371538
283.194800 810.457300 104.323872 758.048712
280.144100 813.188700 100.253860 758.590672
277.093300 815.866900 96.227952 759.015667
273.974200 818.446700 92.218946 759.327741
270.780600 820.904900 88.203736 759.499139
267.510700 823.239200 84.195798 759.541515
264.206400 825.497000 80.188141 759.499105
260.873600 827.657300 76.230381 759.344920
257.395000 829.796500 74.980239 758.319736
253.998200 831.782800 71.060227 757.926557
250.598000 833.727100 67.170459 757.497823
247.216500 835.612300 63.284052 757.040447
243.855400 837.429300 59.482091 756.558649
240.487600 839.240500 55.692941 756.069490
237.107500 841.032000 51.918934 755.554944
233.727800 842.829800 48.096968 755.043195
230.254500 844.708900 44.302561 754.554489
226.906400 846.493300 40.550121 754.044379
223.559100 848.240400 36.798255 753.507778
220.193600 849.955700 33.070591 752.950582
216.828400 851.689000 29.356625 752.384515
213.458700 853.397700 25.646947 751.793056
210.080800 855.088400 21.929560 751.181961
206.684400 856.827600 18.160393 750.586275
203.127500 858.614700 14.364762 749.982571
199.632800 860.351500 10.520067 749.362762
196.147100 862.089400 6.660897 748.745731
192.685300 863.869500 2.822342 748.167270
189.244200 865.655900 -1.009751 747.602428
185.810000 867.488900 -4.880721 747.068514
182.388100 869.319800 -8.723893 746.521955
178.963600 871.161300 -12.575751 745.972350
175.541800 872.995000 -16.410354 745.435312
172.011400 874.935300 -20.265298 744.956840
168.612400 876.872400 -24.154541 744.533652
165.258500 878.880500 -28.053095 744.193373
161.974000 881.011700 -31.974347 743.994132
158.748100 883.276800 -35.929330 743.936155
155.573500 885.679300 -39.880646 744.015189
152.497600 888.216600 -43.847181 744.256469
149.394000 890.916600 -47.784110 744.607934
146.442700 893.643100 -51.765316 745.080450
143.498500 896.378300 -55.752259 745.564306
140.587600 899.139700 -59.717658 746.086364
137.610900 901.862200 -63.687729 746.556045
134.625800 904.553500 -67.684187 746.996087
131.638900 907.226500 -71.662837 747.421448
128.625300 909.886900 -75.659952 747.819157
125.530800 912.623800 -79.641236 748.221373
122.604200 915.318100 -83.591373 748.688933
