-0.000000 0.000000 0.000000 0.000000
0.002831 3.908352 -0.014147 4.004985
0.009175 7.845470 -0.036287 8.034801
0.009165 11.934610 -0.064278 12.058819
-0.002514 15.928620 -0.108847 16.114727
0.009195 19.952040 -0.122584 20.193804
-0.002250 24.002900 -0.158288 24.314922
0.007965 28.223410 -0.173434 28.454654
0.013601 32.330030 -0.197872 32.613491
0.019696 36.468960 -0.218185 36.813484
0.027945 40.633250 -0.244008 41.064232
0.035771 44.958420 -0.267099 45.320758
0.043871 49.177610 -0.288957 49.617456
0.036618 53.422600 -0.333198 53.916783
0.025418 57.678050 -0.372738 58.256262
0.015612 62.064410 -0.412202 62.576101
0.007883 66.291400 -0.450351 66.872980
-0.012162 70.500630 -0.502558 71.149356
-0.030918 74.682290 -0.550987 75.390078
-0.036211 78.975690 -0.579661 79.612051
-0.031054 83.108430 -0.600092 83.826554
-0.056851 87.228370 -0.635765 88.012357
-0.091427 91.324100 -0.668268 92.177314
-0.150678 95.509740 -0.718877 96.363246
-0.213893 99.534780 -0.772509 100.469691
-0.265112 103.536600 -0.823933 104.546278
-0.311467 107.527200 -0.868892 108.582130
-0.370134 111.507100 -0.908994 112.640833
-0.405501 115.588200 -0.950383 116.681357
-0.405583 119.559200 -0.965320 120.746974
-0.430087 123.591700 -0.968469 124.813454
-0.444071 127.631600 -0.959563 128.866910
-0.442347 131.792900 -0.939503 132.960830
-0.437644 135.817900 -0.909629 137.034178
-0.434855 139.838000 -0.885598 141.101548
-0.444428 143.854300 -0.875359 145.160313
-0.453357 147.996600 -0.857807 149.217552
-0.466427 152.003100 -0.841617 153.285403
-0.486234 156.012100 -0.843553 157.365098
-0.457554 160.026500 -0.819800 161.440124
-0.442060 164.173600 -0.822175 165.516075
-0.414118 168.213400 -0.812412 169.617821
-0.375204 172.265100 -0.808896 173.722859
-0.322487 176.357100 -0.807459 177.879853
-0.275615 180.591500 -0.792395 182.057339
-0.279896 184.720200 -0.810313 186.282067
-0.269386 188.885100 -0.820973 190.566756
-0.260401 193.076400 -0.815560 194.885931
-0.254337 197.437500 -0.802442 199.221519
-0.290444 201.679700 -0.824556 203.537253
-0.304994 205.963500 -0.831791 207.937756
-0.298829 210.280700 -0.814849 212.326675
-0.312644 214.638000 -0.817780 216.755980
-0.314790 219.173600 -0.824150 221.201345
-0.328710 223.589300 -0.841392 225.686541
-0.330787 228.026400 -0.860619 230.208393
-0.325921 232.474000 -0.881035 234.743841
-0.328888 237.087400 -0.902444 239.284471
-0.331511 241.584900 -0.923737 243.845098
-0.325590 246.100300 -0.938370 248.426052
-0.313505 250.639900 -0.944833 253.039171
-0.302853 255.347100 -0.959955 257.664424
-0.286234 259.925900 -0.960846 262.287542
-0.269990 264.508500 -0.960339 266.910093
-0.261066 269.100600 -0.957984 271.545111
-0.256839 273.695600 -0.963163 276.166590
-0.247701 278.445800 -0.949460 280.804543
-0.216957 283.062900 -0.909006 285.486361
-0.169993 287.680400 -0.871188 290.167186
-0.131733 292.319400 -0.839181 294.818788
-0.106495 296.989500 -0.818601 299.549057
-0.080234 301.859200 -0.814260 304.330402
-0.047023 306.612700 -0.798482 309.144285
-0.028034 311.405500 -0.780290 313.979501
-0.041775 316.236100 -0.787492 318.881878
-0.036585 321.247600 -0.793506 323.803940
-0.028164 326.099900 -0.803367 328.720409
-0.005094 330.949000 -0.804615 333.616217
0.015848 335.767400 -0.803464 338.498828
0.028629 340.566600 -0.813502 343.358551
0.037198 345.506000 -0.831597 348.198990
0.031523 350.272500 -0.865218 353.032522
-0.000748 355.023100 -0.911744 357.863590
-0.033498 359.762300 -0.970259 362.668760
-0.065121 364.501500 -1.016178 367.461528
-0.108995 369.412200 -1.065233 372.286083
-0.159178 374.177600 -1.113723 377.109357
-0.190980 378.957700 -1.157850 381.947033
-0.215444 383.759900 -1.201424 386.804512
-0.235259 388.731800 -1.251902 391.651309
-0.241436 393.567200 -1.293685 396.525305
