-0.000000 0.000000 0.000000 0.000000
-0.007566 1.675645 -0.015055 1.704134
-0.028691 3.360182 -0.034826 3.412199
-0.069713 5.160902 -0.068089 5.189645
-0.122624 6.985507 -0.117204 7.036432
-0.182168 8.956613 -0.174015 9.029193
-0.250571 11.022490 -0.239360 11.117277
-0.293534 13.346490 -0.299578 13.392515
-0.341359 15.739920 -0.368311 15.812788
-0.363899 18.257110 -0.435842 18.374410
-0.400770 20.934310 -0.513274 21.092294
-0.445244 23.859070 -0.597060 23.944292
-0.498967 26.783700 -0.678672 26.898466
-0.559973 29.777940 -0.762323 29.938723
-0.624879 32.836350 -0.852245 33.043059
-0.696183 36.075630 -0.945885 36.223814
-0.753819 39.259570 -1.050060 39.459760
-0.829097 42.463800 -1.162608 42.734254
-0.934995 45.741830 -1.295234 45.982870
-1.038342 48.940520 -1.426922 49.240134
-1.129615 52.140590 -1.545897 52.503059
-1.233762 55.323910 -1.658410 55.785070
-1.338757 58.629210 -1.772357 59.060645
-1.429277 61.849280 -1.879197 62.345268
-1.511354 65.061270 -1.996617 65.620089
-1.605379 68.300620 -2.127680 68.936790
-1.680467 71.635320 -2.241033 72.237470
-1.766014 74.846360 -2.360922 75.524180
-1.872739 78.023560 -2.498165 78.772851
-1.987534 81.194390 -2.647372 82.018794
-2.098129 84.409070 -2.792926 85.213654
-2.203434 87.414160 -2.939838 88.292068
-2.321641 90.245900 -3.090415 91.178470
-2.461803 92.878530 -3.262882 93.862668
-2.628141 95.371020 -3.451351 96.317478
-2.803933 97.529930 -3.645417 98.505917
-2.967157 99.419640 -3.834243 100.428117
-3.105713 101.086400 -3.997653 102.132826
-3.170772 102.603600 -4.078041 103.643436
-3.156102 103.891900 -4.074437 104.971838
-3.036967 105.086500 -3.960729 106.209192
-2.783216 106.236900 -3.722100 107.366919
-2.404551 107.267200 -3.364588 108.430546
-1.900845 108.201800 -2.885590 109.392509
-1.247714 109.043400 -2.272968 110.251575
-0.502662 109.772400 -1.525666 111.032104
0.392941 110.374700 -0.589775 111.682742
1.450541 110.849000 0.479737 112.192959
2.566226 111.167800 1.630000 112.537663
3.807076 111.343300 2.896788 112.705593
5.187946 111.467300 4.302527 112.830874
6.731330 111.497400 5.869424 112.863158
8.497508 111.460300 7.597432 112.837992
10.406410 111.389600 9.520171 112.782306
12.471040 111.354300 11.602465 112.772820
14.674020 111.313600 13.838609 112.758109
16.980330 111.271500 16.197306 112.750889
19.429950 111.200400 18.623619 112.719338
21.866880 111.143600 21.110484 112.691413
24.357440 111.102900 23.648120 112.657373
26.865690 111.061300 26.203099 112.623468
29.398230 110.991000 28.702404 112.577100
31.860870 110.922000 31.214105 112.531697
34.271860 110.868100 33.668458 112.503513
36.651010 110.804600 36.099520 112.463837
39.073230 110.730300 38.490440 112.410745
41.375290 110.632100 40.836180 112.341608
43.634770 110.533900 43.133309 112.275445
45.837990 110.439900 45.296778 112.206460
47.911240 110.349700 47.393708 112.134262
49.960770 110.257400 49.464689 112.066598
51.973940 110.163300 51.508809 111.996193
54.013180 110.049900 53.524334 111.907667
55.997290 109.889100 55.551465 111.772009
58.021540 109.692800 57.626884 111.607284
60.202280 109.465000 59.767394 111.413376
62.373310 109.228000 61.964446 111.202610
64.586090 108.978500 64.210007 110.986536
66.809060 108.756700 66.453003 110.773354
69.079780 108.526800 68.676915 110.559376
71.307790 108.277800 70.921322 110.332513
73.566730 108.019700 73.213718 110.094804
75.873920 107.748300 75.556640 109.845306
78.297030 107.440800 77.942097 109.565413
80.683560 107.119100 80.373561 109.266608
83.132600 106.785600 82.867984 108.960929
85.712820 106.453000 85.409616 108.669498
88.236520 106.136300 87.976054 108.390548
90.776120 105.837100 90.550936 108.125330
93.343390 105.534500 93.152021 107.862461
95.991300 105.220500 95.750823 107.593923
98.531330 104.924600 98.342685 107.337306
101.053600 104.652900 100.916448 107.107884
103.524000 104.372800 103.431972 106.864460
106.035200 104.068700 105.905794 106.613143
108.424100 103.783500 108.343593 106.372185
110.758600 103.486000 110.732553 106.120582
113.133400 103.158600 113.080276 105.838007
115.391600 102.836700 115.389692 105.553418
117.652700 102.485600 117.708193 105.245078
119.869100 102.133000 119.977494 104.925185
122.125400 101.757700 122.210865 104.598636
124.297900 101.356500 124.435174 104.241460
126.430100 100.927800 126.630003 103.852313
128.588900 100.396800 128.772675 103.373473
130.649600 99.801800 130.878108 102.810841
132.681800 99.166150 132.959455 102.217557
134.685900 98.507910 135.006896 101.601110
136.706600 97.865030 137.002920 101.019044
138.636000 97.258050 138.968777 100.462894
140.518500 96.686060 140.885842 99.939944
142.370300 96.154690 142.772659 99.463119
144.243200 95.634770 144.616510 99.013625
146.008800 95.186120 146.410783 98.617508
147.739600 94.786200 148.168634 98.264125
149.452200 94.443260 149.908142 97.978653
151.205800 94.191930 151.619012 97.798977
152.885900 94.083770 153.308371 97.759379
154.549900 94.073700 154.984107 97.814835
156.194900 94.062210 156.645687 97.843802
157.853900 93.946970 158.272695 97.765972
159.416100 93.779110 159.861310 97.639029
160.984100 93.513900 161.409336 97.422836
162.451900 93.212800 162.913038 97.155457
163.877300 92.877330 164.374302 96.857326
165.287800 92.563760 165.811762 96.563257
166.718600 92.232590 167.235213 96.269638
168.156800 91.881240 168.706954 95.941247
169.655000 91.465170 170.246700 95.554730
171.215400 91.005530 171.845817 95.123523
172.875300 90.500260 173.496895 94.661636
174.505100 89.970370 175.172100 94.171536
176.125900 89.452640 176.836255 93.696580
177.734000 88.951440 178.499568 93.234332
179.351400 88.470160 180.113823 92.796199
180.832000 88.056730 181.652005 92.403351
182.198400 87.689320 183.065292 92.069481
183.436000 87.418080 184.335525 91.822832
184.659700 87.226610 185.542397 91.661872
185.832000 87.165290 186.725608 91.625034
186.971000 87.230130 187.880280 91.718477
188.077700 87.380960 189.002614 91.908647
189.152900 87.651910 190.084929 92.224762
190.272000 88.097940 191.165428 92.705592
191.348400 88.717440 192.229490 93.373372
192.427600 89.528470 193.286288 94.234580
193.459000 90.599760 194.292363 95.373052
194.480000 91.943580 195.225847 96.728306
195.406000 93.487800 196.079235 98.334614
196.288100 95.244730 196.872601 100.155775
197.175000 97.239230 197.633843 102.152820
197.978900 99.353630 198.328009 104.325728
198.736400 101.618500 198.962487 106.663638
199.555200 104.059400 199.636673 109.112456
200.401500 106.532800 200.345433 111.662507
201.275500 109.087900 201.088107 114.301406
202.167000 111.650700 201.833359 116.949434
203.096600 114.305500 202.586678 119.602799
204.026000 116.967200 203.343648 122.302704
204.882300 119.475900 204.084710 124.988997
205.752400 122.068700 204.810178 127.656849
206.637400 124.742500 205.531858 130.335161
207.473300 127.307500 206.234743 133.002263
208.269400 129.818200 206.900707 135.599751
209.019400 132.242100 207.515692 138.090780
209.726300 134.599600 208.072246 140.437541
210.349900 136.739900 208.582819 142.648561
210.883700 138.692100 209.003518 144.645420
211.356100 140.478200 209.362810 146.422112
211.761600 142.007200 209.682302 147.991662
212.121100 143.406800 209.967429 149.430763
212.451100 144.759200 210.218780 150.818517
212.686400 146.120100 210.363067 152.158018
212.775100 147.406500 210.368286 153.452541
212.693300 148.658700 210.205137 154.685264
212.430200 149.851900 209.886235 155.827632
212.000900 150.970700 209.417316 156.890687
211.370100 151.995500 208.777751 157.838368
210.609900 152.842400 207.995123 158.655782
209.727600 153.539500 207.078236 159.309369
208.747200 154.048600 206.063564 159.764077
207.660200 154.388700 204.996542 160.029828
206.547000 154.595700 203.893844 160.154110
205.384600 154.768300 202.738860 160.235143
204.072400 154.848400 201.461618 160.217638
202.684400 154.933700 200.052999 160.198405
201.117500 154.935300 198.467012 160.082731
199.325900 154.864100 196.711694 159.875504
197.425600 154.788100 194.783166 159.641092
195.367300 154.704100 192.693935 159.382602
193.073900 154.683500 190.436336 159.176126
190.695700 154.742400 188.012130 159.031094
188.173700 154.899000 185.424309 158.955851
185.579200 155.140300 182.755846 158.947802
182.888900 155.440900 180.073718 158.998121
180.262700 155.742800 177.384528 159.068682
177.612100 156.045800 174.684249 159.141557
174.957600 156.361200 171.965720 159.219044
172.223200 156.686600 169.265723 159.297634
169.565300 156.996900 166.555329 159.373526
166.914900 157.304600 163.847555 159.447627
164.184300 157.630300 161.136138 159.535277
161.563200 157.958300 158.448059 159.630975
158.959100 158.289300 155.786351 159.725506
156.369000 158.624700 153.121262 159.831127
153.706300 158.976700 150.467915 159.934632
151.101400 159.324500 147.777379 160.039051
148.467200 159.686600 145.059690 160.142928
145.800100 160.071400 142.321321 160.268254
143.020300 160.465800 139.580273 160.401542
140.278800 160.841500 136.779077 160.525341
137.499400 161.193900 133.941502 160.614997
134.675400 161.503800 131.059560 160.654246
131.727500 161.791300 128.145761 160.669229
128.827600 162.078600 125.196549 160.692638
125.911100 162.350300 122.225222 160.710541
122.922000 162.617100 119.267067 160.714001
120.034600 162.869800 116.320661 160.696061
117.145500 163.116300 113.377768 160.674300
114.257100 163.367500 110.424690 160.658565
111.273300 163.633400 107.447232 160.627927
108.387300 163.885600 104.501970 160.603009
105.496700 164.139600 101.561877 160.585591
102.614600 164.388000 98.635529 160.561266
99.650480 164.631900 95.714518 160.519813
96.775810 164.886500 92.772039 160.493888
93.903980 165.179700 89.840304 160.508767
91.034100 165.484600 86.899508 160.533112
88.075740 165.814300 83.965852 160.574854
85.188930 166.152300 81.007026 160.632377
82.300190 166.490700 78.060830 160.680695
79.391360 166.820100 75.086959 160.715037
76.405590 167.167900 72.130073 160.755871
73.476030 167.502700 69.135307 160.792891
70.546530 167.825400 66.139882 160.812502
67.604430 168.128500 63.135414 160.813232
64.553560 168.410200 60.129607 160.784047
61.578100 168.664000 57.091955 160.735471
58.600720 168.906900 54.056476 160.680056
55.622330 169.149200 51.023841 160.628657
52.560640 169.390800 48.003409 160.563082
49.613840 169.609700 45.006825 160.482266
46.700780 169.808400 42.046833 160.372629
43.797370 169.985600 39.110992 160.246397
40.840800 170.149800 36.201263 160.106840
37.996420 170.300800 33.317449 159.968284
35.198680 170.445600 30.487857 159.825703
32.468760 170.574900 27.722365 159.670982
29.725970 170.688900 25.023566 159.500980
27.135940 170.782400 22.397509 159.323005
24.645600 170.852800 19.872806 159.138424
22.218650 170.915500 17.485851 158.960186
19.974030 171.005600 15.206620 158.814512
17.797980 171.119500 12.984024 158.691068
15.674870 171.249800 10.830087 158.593431
13.565900 171.383900 8.753585 158.505394
11.606970 171.519900 6.764374 158.428173
9.763786 171.666000 4.891593 158.366694
8.015612 171.836600 3.163156 158.335821
6.465460 172.006200 1.563467 158.327638
5.041950 172.208100 0.079884 158.362642
3.732829 172.438200 -1.290996 158.450016
2.507404 172.724100 -2.543643 158.602200
1.435908 173.043300 -3.690513 158.807278
0.487553 173.425200 -4.717949 159.084831
-0.449214 173.896900 -5.706450 159.430289
-1.282235 174.440700 -6.609931 159.852285
-2.014621 175.063500 -7.447704 160.366401
-2.726876 175.809300 -8.259904 161.001213
-3.365765 176.707400 -9.031784 161.829265
-3.946368 177.735900 -9.736319 162.797452
-4.467262 178.960500 -10.379068 163.940533
-4.885576 180.352800 -10.956701 165.296406
-5.166223 181.933900 -11.406980 166.863711
-5.304171 183.681600 -11.729627 168.619675
-5.344936 185.580800 -11.964671 170.534152
-5.339797 187.694500 -12.171324 172.604614
-5.323821 189.875200 -12.383438 174.804542
-5.337595 192.183700 -12.640102 177.135818
-5.356305 194.559100 -12.927941 179.544156
-5.389882 196.975000 -13.233359 181.984148
-5.425682 199.474300 -13.553157 184.419363
-5.463612 201.931900 -13.877983 186.903681
-5.507876 204.386000 -14.209432 189.370253
-5.563425 206.823100 -14.558463 191.812205
-5.639855 209.309900 -14.915294 194.226861
-5.722166 211.673200 -15.274602 196.595716
-5.805942 213.965600 -15.624612 198.889322
-5.884675 216.116600 -15.948961 201.043921
-5.968680 218.174400 -16.259042 203.037306
-6.058769 219.989300 -16.556115 204.855033
-6.152051 221.616200 -16.839466 206.487739
-6.232441 223.059100 -17.094022 207.945904
-6.266453 224.421500 -17.289933 209.296581
-6.217141 225.711400 -17.395159 210.630894
-6.077446 226.947000 -17.394325 211.919871
-5.781789 228.160900 -17.240331 213.164205
-5.336426 229.253500 -16.928796 214.321737
-4.773968 230.285700 -16.512497 215.399144
-4.099173 231.184300 -15.947671 216.410081
-3.283299 232.006200 -15.222005 217.379003
-2.353220 232.754900 -14.348888 218.280029
-1.208558 233.339700 -13.265823 219.016166
0.062050 233.830400 -12.010313 219.690085
1.498431 234.142300 -10.584707 220.160054
3.097687 234.368700 -8.985284 220.562577
4.898843 234.503900 -7.232736 220.887751
6.788914 234.509200 -5.318544 221.104878
8.830841 234.455800 -3.258821 221.272138
10.997790 234.332300 -1.068983 221.389654
13.315530 234.221800 1.255588 221.532921
15.789440 234.089800 3.666380 221.666410
18.191440 233.986800 6.079936 221.828789
20.604690 233.912600 8.501943 222.022007
23.038520 233.871200 10.951451 222.241977
25.485460 233.870300 13.416206 222.484962
28.019550 233.863100 15.894200 222.729554
30.481460 233.845100 18.388611 222.963223
32.935050 233.826300 20.864741 223.195366
35.371780 233.801300 23.337790 223.421897
37.870060 233.761100 25.800330 223.636043
40.249970 233.698000 28.224256 223.825608
42.604140 233.632700 30.619269 224.013350
44.938080 233.566000 33.000294 224.198944
47.315650 233.488300 35.352521 224.383668
49.592870 233.402600 37.664242 224.548834
51.854970 233.338200 39.972416 224.735666
54.083030 233.274400 42.238848 224.911385
56.366490 233.192500 44.481303 225.068574
58.513570 233.113600 46.653006 225.221714
60.670900 233.052400 48.825987 225.392590
62.785320 233.002500 50.960695 225.574857
64.930250 232.961700 53.057073 225.760763
66.974240 232.897900 55.130632 225.923698
68.976840 232.830400 57.162530 226.082837
70.923620 232.778400 59.130462 226.244272
72.907300 232.720300 61.075222 226.400675
74.802970 232.660600 62.987568 226.554615
76.667350 232.584000 64.882748 226.695803
78.519430 232.475600 66.785536 226.809991
80.491450 232.335400 68.745182 226.902081
82.480540 232.147600 70.782628 226.950231
84.563060 231.931200 72.925392 226.973623
86.802250 231.653800 75.150532 226.950766
89.097300 231.336400 77.493929 226.890080
91.522010 230.979300 79.969658 226.807203
94.058280 230.609500 82.568318 226.721867
96.804280 230.208500 85.289854 226.631185
99.581700 229.842800 88.131700 226.585515
102.453100 229.523500 91.062239 226.593852
105.397700 229.240700 94.058737 226.643809
108.359600 228.970200 97.062614 226.707816
111.451200 228.684700 100.096913 226.773587
114.429800 228.429300 103.122114 226.861561
117.402500 228.181400 106.132438 226.956256
120.356900 227.954200 109.121210 227.069187
123.399800 227.744000 112.113879 227.206667
126.310300 227.571100 115.054355 227.373605
129.196800 227.426000 117.981881 227.560443
132.037400 227.268000 120.870642 227.728629
134.946700 227.098900 123.737743 227.889248
137.726900 226.928900 126.555372 228.043273
140.488400 226.726400 129.366997 228.157703
143.233700 226.482800 132.165049 228.234690
146.069300 226.177700 134.973690 228.260152
148.813900 225.803700 137.796567 228.219009
151.553000 225.348400 140.616272 228.092387
154.288100 224.807200 143.446113 227.872228
157.104100 224.141300 146.285545 227.547461
159.836200 223.431800 149.123852 227.164415
162.565600 222.723600 151.951468 226.788923
165.322400 222.055200 154.795493 226.458905
168.152200 221.435700 157.617551 226.189880
170.896400 220.905500 160.424927 225.985203
173.627000 220.426200 163.218991 225.835772
176.285800 219.981200 165.960030 225.719777
178.837800 219.574300 168.581429 225.610336
181.333800 219.182700 171.070769 225.506934
183.735600 218.817500 173.529079 225.413504
186.122300 218.433900 175.987459 225.298225
188.544700 218.026800 178.407912 225.175003
190.870600 217.646400 180.792926 225.069958
193.187400 217.305800 183.157561 225.012248
195.465600 216.988000 185.484259 224.978482
197.815100 216.685300 187.802992 224.964552
200.040400 216.413500 190.084945 224.966615
202.149600 216.167300 192.243692 224.979823
204.078000 215.926900 194.218904 224.977802
205.824700 215.700200 195.978190 224.969646
207.302100 215.510100 197.513995 224.971407
208.661900 215.307600 198.901310 224.962887
210.010100 215.090500 200.234200 224.928303
211.196200 214.867900 201.459701 224.874301
212.190600 214.671100 202.488680 224.819321
213.108000 214.462600 203.440994 224.746665
214.025500 214.237300 204.368570 224.661232
214.882000 214.013300 205.266390 224.565327
215.736900 213.761100 206.172956 224.429343
216.614600 213.455000 207.114535 224.244719
217.553500 213.079900 208.100389 223.995459
218.508800 212.625800 209.148132 223.656426
219.517400 212.054000 210.265113 223.204574
220.580200 211.289500 211.438244 222.578118
221.604800 210.382000 212.612215 221.778691
222.596200 209.292200 213.766892 220.778031
223.545800 207.991400 214.867320 219.587706
224.371000 206.556800 215.889163 218.204770
225.093400 204.963200 216.826292 216.647432
225.649500 203.198300 217.618922 214.898429
226.027800 201.255500 218.245993 213.013473
226.160200 199.284900 218.649491 211.025351
226.090800 197.236000 218.839652 208.934686
225.857300 195.105700 218.866602 206.753108
225.472700 192.851200 218.767027 204.520737
224.959900 190.616100 218.537825 202.214850
224.316400 188.355800 218.184087 199.875152
223.566100 186.062400 217.719707 197.475478
222.717200 183.728200 217.157339 195.019887
221.819100 181.293300 216.590050 192.545802
220.931900 178.913400 216.018216 190.062826
220.069200 176.526500 215.471757 187.569038
219.272800 174.147100 214.994594 185.094535
218.513500 171.724400 214.566526 182.654320
217.854000 169.474400 214.202026 180.316443
217.257400 167.384700 213.879013 178.141874
216.682000 165.386900 213.571449 176.124845
216.146100 163.594300 213.269129 174.254070
215.614600 161.936100 212.952915 172.486117
215.040700 160.363200 212.569223 170.803952
214.389200 158.919100 212.086745 169.236489
213.610200 157.585200 211.481054 167.797153
212.699500 156.462300 210.702369 166.505742
211.616800 155.484600 209.767015 165.392647
210.462200 154.732700 208.683421 164.461725
209.203000 154.172700 207.470614 163.717147
207.788900 153.789500 206.124366 163.154263
206.308000 153.582600 204.663728 162.760325
204.713600 153.502800 203.076732 162.476923
203.022000 153.505600 201.365595 162.268542
201.196500 153.578500 199.519648 162.109787
199.181500 153.729400 197.540582 162.016099
197.111000 153.934600 195.441213 161.960382
194.915200 154.138300 193.214837 161.885014
192.608000 154.359200 190.875002 161.803548
190.191200 154.607500 188.414447 161.736869
187.583300 154.884100 185.835813 161.679816
184.957400 155.186600 183.151068 161.637477
182.247900 155.528500 180.374018 161.622080
179.475200 155.876700 177.543784 161.609252
176.575100 156.228100 174.672323 161.580484
173.760900 156.562600 171.802862 161.550835
170.951200 156.890900 168.943827 161.522969
168.152100 157.230400 166.089427 161.508935
165.289300 157.584900 163.260229 161.497302
162.533200 157.929500 160.444776 161.491900
159.793100 158.273700 157.651159 161.485127
157.054300 158.618600 154.846786 161.477497
154.222400 158.979000 152.029095 161.465229
151.468600 159.344500 149.202304 161.472107
148.694800 159.734500 146.353328 161.489887
145.893300 160.145500 143.481432 161.523716
142.975700 160.559500 140.583761 161.548666
140.091400 160.944000 137.653839 161.552526
137.148600 161.293100 134.658185 161.508433
134.144700 161.592800 131.607355 161.410624
131.002400 161.887000 128.519348 161.290793
127.894800 162.183500 125.372235 161.173657
124.746400 162.468300 122.172292 161.042307
121.580500 162.745500 118.954989 160.899297
118.308500 163.036600 115.736997 160.748001
115.141100 163.330700 112.525037 160.604875
111.974700 163.624100 109.290887 160.458320
108.812300 163.916700 106.063982 160.306071
105.542700 164.211400 102.853394 160.158814
102.380800 164.493700 99.654505 160.005630
99.226200 164.780300 96.452565 159.859013
96.050870 165.116400 93.220705 159.754612
92.761240 165.509200 89.968916 159.695029
89.568430 165.915100 86.696821 159.656340
86.360970 166.338600 83.407403 159.642974
83.125990 166.771300 80.108972 159.633399
79.745790 167.204700 76.775287 159.601595
76.460260 167.593100 73.435046 159.534721
73.109820 167.948100 70.017128 159.417991
69.726160 168.275600 66.578770 159.270451
66.195580 168.606000 63.098749 159.108285
62.736600 168.898900 59.588857 158.919136
59.267040 169.165900 56.079772 158.700458
55.813980 169.412200 52.577657 158.462308
52.267970 169.653800 49.086711 158.209729
48.857080 169.874300 45.634662 157.945888
45.480920 170.086600 42.228914 157.668681
42.129240 170.284900 38.837805 157.382272
38.737740 170.457200 35.532664 157.076142
35.557060 170.603800 32.326650 156.762854
32.503960 170.732200 29.243271 156.448603
29.593390 170.836500 26.304110 156.128992
26.737360 170.931700 23.509015 155.814323
24.120740 171.009200 20.863343 155.505776
21.646300 171.108800 18.362643 155.235645
19.530570 171.295400 15.957677 155.031956
17.342560 171.621000 13.645158 154.933151
15.155350 171.946300 11.428100 154.923500
12.968930 172.271500 9.306626 154.975771
10.783300 172.596400 7.277067 155.050149
8.864246 172.890500 5.378523 155.100757
7.172005 173.158000 3.641305 155.118824
5.662329 173.367200 2.093911 155.107850
4.367927 173.524100 0.769711 155.074898
3.271281 173.634300 -0.325857 155.033562
2.418013 173.711500 -1.206566 154.983868
1.727243 173.780600 -1.921852 154.946094
1.090507 173.842600 -2.556219 154.909127
0.503972 173.891900 -3.160272 154.864940
-0.083866 173.944700 -3.763539 154.822514
-0.670881 173.985500 -4.361305 154.775089
-1.296682 174.006900 -4.971487 154.699712
-2.041145 174.038300 -5.723212 154.615810
-2.950484 174.077600 -6.636050 154.513536
-4.040723 174.103600 -7.733383 154.372486
-5.389220 174.152400 -9.055012 154.222167
-6.896365 174.212700 -10.583142 154.056982
-8.554059 174.324500 -12.272088 153.921960
-10.390060 174.395900 -14.127790 153.723295
-12.470550 174.481000 -16.150727 153.507380
-14.618970 174.530200 -18.304677 153.230316
-16.963860 174.599000 -20.661285 152.949534
-19.509990 174.644900 -23.144603 152.621484
-22.125650 174.682800 -25.771596 152.270032
-24.840380 174.725400 -28.495729 151.903493
-27.650460 174.776300 -31.321607 151.530631
-30.659680 174.860700 -34.262131 151.172624
-33.638130 174.961400 -37.271623 150.821344
-36.675070 175.066100 -40.337718 150.459035
-39.758050 175.157000 -43.441152 150.068280
-42.991150 175.247000 -46.581914 149.666419
-46.149850 175.346200 -49.736566 149.269174
-49.313040 175.437700 -52.910524 148.863800
-52.471830 175.520600 -56.085112 148.435087
-55.748880 175.613600 -59.266434 148.014558
-58.893430 175.700800 -62.409557 147.597354
-62.067600 175.802400 -65.592499 147.194062
-65.241570 175.905200 -68.760089 146.784674
-68.529730 176.004000 -71.968718 146.365520
-71.712750 176.081900 -75.157488 145.929243
-74.914250 176.147100 -78.376530 145.471817
-78.120700 176.219700 -81.591572 145.016497
-81.437010 176.261600 -84.801792 144.533291
-84.656790 176.294700 -88.030735 144.038345
-87.875020 176.293700 -91.270394 143.506764
-91.123360 176.264900 -94.554446 142.954267
-94.467840 176.210900 -97.807070 142.381493
-97.723590 176.128800 -101.075856 141.783759
-100.987600 176.013300 -104.351688 141.150766
-104.255300 175.873200 -107.594233 140.502344
-107.637500 175.702600 -110.835978 139.826460
-110.923600 175.530400 -114.073594 139.142756
-114.215000 175.338300 -117.358561 138.419868
-117.518500 175.138000 -120.637953 137.686897
-120.945700 174.933900 -123.941225 136.942832
-124.268000 174.732000 -127.238024 136.196674
-127.611500 174.521600 -130.551164 135.439414
-130.971400 174.313600 -133.883946 134.673826
-134.446000 174.086400 -137.217297 133.896244
-137.827600 173.864500 -140.554502 133.111826
-141.217000 173.653800 -143.926149 132.330788
-144.604300 173.437000 -147.270266 131.552654
-147.998800 173.212700 -150.612836 130.772332
-151.492600 172.986600 -153.973549 129.992745
-154.865000 172.750100 -157.312379 129.200265
-158.230500 172.519200 -160.644611 128.422116
-161.543700 172.277500 -163.894052 127.643825
-164.969800 172.044800 -167.170273 126.883757
-168.205100 171.828100 -170.376658 126.134944
-171.447000 171.624400 -173.577363 125.393582
-174.579300 171.390600 -176.659980 124.637414
-177.744400 171.157600 -179.679741 123.905214
-180.777600 170.931000 -182.670739 123.163842
-183.730300 170.717900 -185.588655 122.447334
-186.629900 170.508400 -188.455459 121.745821
-189.564700 170.296200 -191.256465 121.059357
-192.366800 170.101200 -194.018612 120.385029
-195.106100 169.890800 -196.704202 119.706170
-197.814400 169.661200 -199.369969 119.012882
-200.471800 169.410400 -201.969438 118.296913
-203.182700 169.095000 -204.535822 117.536045
-205.751100 168.737300 -207.043186 116.737248
-208.267900 168.329000 -209.498170 115.894438
-210.743200 167.924400 -211.920624 115.067182
-213.232500 167.523100 -214.277696 114.274299
-215.536000 167.193900 -216.542760 113.552492
-217.758000 166.990500 -218.737668 112.964836
-219.957800 166.879100 -220.856836 112.484190
-221.991800 166.866100 -222.900201 112.110574
-223.932400 166.951400 -224.863009 111.849432
-225.811300 167.132600 -226.721156 111.692867
-227.521600 167.369400 -228.474867 111.623537
-229.134600 167.650000 -230.135298 111.619954
-230.638100 167.959500 -231.687860 111.658787
-232.059100 168.230800 -233.140164 111.667707
-233.425800 168.454000 -234.480370 111.636396
-234.633400 168.572000 -235.694091 111.534293
-235.742900 168.590900 -236.794578 111.358652
-236.756600 168.474000 -237.775731 111.064477
-237.688600 168.244800 -238.658833 110.674358
-238.595700 167.913600 -239.462636 110.195793
-239.386200 167.482000 -240.167742 109.631271
-240.122600 166.992700 -240.813686 109.025589
-240.784600 166.455200 -241.391145 108.387832
-241.450400 165.841500 -241.944196 107.691870
-242.093700 165.247800 -242.489227 106.996457
-242.714400 164.613600 -243.000192 106.264110
-243.319500 163.900700 -243.485038 105.453776
-243.922800 163.079700 -243.928361 104.562149
-244.449800 162.177200 -244.298392 103.579334
-244.942200 161.166600 -244.608448 102.487064
-245.367300 159.985100 -244.806499 101.243025
-245.780500 158.582600 -244.945051 99.828759
-246.160700 157.037000 -245.028376 98.215706
-246.570900 155.291800 -245.097431 96.395919
-246.935800 153.226800 -245.063643 94.340694
-247.231100 150.975300 -244.924198 92.050455
-247.483500 148.507200 -244.694252 89.552120
-247.723900 145.831800 -244.406114 86.842254
-247.984900 142.857300 -244.076786 83.924613
-248.242600 139.763500 -243.723834 80.807224
-248.487100 136.463800 -243.316387 77.477097
-248.744100 132.860300 -242.869957 73.950780
-248.985300 129.355100 -242.418965 70.419786
-249.187000 125.863300 -241.921882 66.908094
-249.365800 122.363600 -241.404525 63.435756
-249.537800 118.749000 -240.862963 59.900983
-249.669600 115.260500 -240.295882 56.405165
-249.792300 111.794000 -239.719390 52.932728
-249.915400 108.347000 -239.143566 49.481869
-250.020200 104.809600 -238.556212 46.063486
-250.100800 101.405800 -237.949305 42.674237
-250.165100 98.031080 -237.328464 39.318227
-250.220100 94.672220 -236.703451 35.971263
-250.281900 91.354610 -236.083056 32.637309
-250.379600 87.957140 -235.506536 29.320215
-250.529000 84.690860 -234.973670 26.020882
-250.669200 81.426880 -234.428938 22.740993
-250.825100 78.199930 -233.916507 19.510645
-251.003600 74.839450 -233.409201 16.258753
-251.163900 71.592630 -232.889202 13.005115
-251.335400 68.368320 -232.382176 9.764356
-251.486700 65.159930 -231.866363 6.558209
-251.621300 61.868790 -231.335650 3.382689
-251.733600 58.703960 -230.783192 0.222965
-251.831300 55.558280 -230.223150 -2.896498
-251.921900 52.434960 -229.660052 -6.011660
-252.020100 49.237740 -229.109302 -9.079557
-252.133000 46.163610 -228.575222 -12.144013
-252.273500 43.113000 -228.082453 -15.188681
-252.441000 39.988930 -227.603643 -18.209990
-252.617900 36.983280 -227.148167 -21.203701
-252.802600 34.004700 -226.704020 -24.183610
-252.975900 31.049370 -226.258504 -27.138606
-253.089800 28.118770 -225.754967 -30.033433
-253.110700 25.115270 -225.164635 -32.892002
-253.035800 22.238870 -224.481917 -35.706958
-252.844300 19.377400 -223.695965 -38.471341
-252.486900 16.548530 -222.749156 -41.199413
-251.947900 13.737770 -221.624645 -43.867706
-251.196800 10.861550 -220.323433 -46.463837
-250.263700 8.097182 -218.816092 -48.995028
-249.120800 5.365770 -217.110972 -51.454910
-247.759100 2.687933 -215.211885 -53.803663
-246.142100 -0.014722 -213.130179 -56.049384
-244.393500 -2.595909 -210.847363 -58.239674
-242.510300 -5.156183 -208.431229 -60.379027
-240.566700 -7.735311 -205.942256 -62.529467
-238.503300 -10.434670 -203.404423 -64.694012
-236.477400 -13.073100 -200.822306 -66.880789
-234.474700 -15.726980 -198.259004 -69.088310
-232.536100 -18.408850 -195.736042 -71.328471
-230.616800 -21.203410 -193.289906 -73.622262
-228.850900 -23.942910 -190.944678 -75.966557
-227.133800 -26.682560 -188.648845 -78.317888
-225.446900 -29.397280 -186.377865 -80.655617
-223.742400 -32.174210 -184.151324 -82.957081
-222.112100 -34.832550 -181.956482 -85.226638
-220.513500 -37.449490 -179.800473 -87.471181
-218.966900 -39.965870 -177.722634 -89.623548
-217.503200 -42.285120 -175.762903 -91.605749
-216.077700 -44.436670 -173.945607 -93.362405
-214.783900 -46.283340 -172.253418 -94.920825
-213.595400 -47.910290 -170.710711 -96.287168
-212.493700 -49.356870 -169.302343 -97.482748
-211.400300 -50.687540 -167.980787 -98.519180
-210.355700 -51.841150 -166.696941 -99.431462
-209.340900 -52.849660 -165.045978 -99.884634
-208.358700 -53.675640 -164.317278 -100.805156
-207.456100 -54.273980 -163.303804 -101.197859
-206.644900 -54.722880 -162.438750 -101.463007
-205.857400 -55.080810 -161.593878 -101.651192
-205.061600 -55.342810 -160.763275 -101.742960
-204.257900 -55.536590 -159.934069 -101.762888
-203.344000 -55.689810 -159.033341 -101.724064
-202.351900 -55.780690 -158.043726 -101.604819
-201.243700 -55.799280 -156.950848 -101.381967
-199.989900 -55.696390 -155.731833 -101.007547
-198.510300 -55.481040 -154.367085 -100.484547
-196.898700 -55.143470 -152.854724 -99.792985
-195.116300 -54.644630 -151.202416 -98.900871
-193.174100 -53.956330 -149.426673 -97.785106
-191.074900 -53.014130 -147.625080 -96.427165
-188.959900 -51.833070 -145.819593 -94.788984
-186.769900 -50.434610 -143.980309 -92.907393
-184.493100 -48.877050 -142.068066 -90.839848
-182.027100 -47.196140 -140.073838 -88.675319
-179.518400 -45.511080 -137.987750 -86.426994
-176.887800 -43.759010 -135.794094 -84.075207
-174.057600 -41.904770 -133.496284 -81.644807
-171.185600 -40.064490 -131.089995 -79.140707
-168.210000 -38.239050 -128.570638 -76.620111
-165.134700 -36.439670 -125.945621 -74.102311
-161.912800 -34.623900 -123.269635 -71.614780
-158.728200 -32.933540 -120.524976 -69.186443
-155.518300 -31.310960 -117.738245 -66.809519
-152.323300 -29.749320 -114.930497 -64.480647
-149.025800 -28.138440 -112.144933 -62.161656
-145.837400 -26.580640 -109.363767 -59.843702
-142.637800 -25.034650 -106.579522 -57.544247
-139.420800 -23.475390 -103.768994 -55.223610
-136.213700 -21.935540 -100.969300 -52.895147
-132.906800 -20.340940 -98.185500 -50.566021
-129.736500 -18.823650 -95.418382 -48.273601
-126.599100 -17.298160 -92.709831 -46.001102
-123.508600 -15.775710 -90.034742 -43.726433
-120.430400 -14.284200 -87.364620 -41.492900
-117.266800 -12.855860 -84.677861 -39.362755
-114.147200 -11.578550 -81.908566 -37.323307
-111.008700 -10.397700 -79.097116 -35.373147
-107.868500 -9.249910 -76.269736 -33.436337
-104.607800 -8.105122 -73.409088 -31.520706
-101.435600 -7.009491 -70.579273 -29.635373
-98.281300 -5.925601 -67.744187 -27.761631
-95.097240 -4.930410 -64.833886 -25.958548
-91.781260 -3.973811 -61.876429 -24.223455
-88.551500 -3.133017 -58.908070 -22.580654
-85.292990 -2.358460 -55.899282 -20.999594
-82.023560 -1.648866 -52.839614 -19.443630
-78.654660 -0.947041 -49.794865 -17.930466
-75.406020 -0.297045 -46.759587 -16.446750
-72.172350 0.318402 -43.733012 -15.010900
-68.956770 0.916800 -40.735003 -13.606320
-65.747270 1.490171 -37.741323 -12.228497
-62.455540 2.050599 -34.759205 -10.884516
-59.281530 2.575859 -31.777403 -9.565356
-56.135390 3.085974 -28.826252 -8.255431
-53.016680 3.565656 -25.883922 -6.982243
-49.817130 4.041149 -22.948143 -5.728450
-46.746050 4.461030 -20.037196 -4.518961
-43.702560 4.850114 -17.158279 -3.349000
-40.684540 5.212457 -14.300653 -2.204642
-37.719680 5.551979 -11.490262 -1.100653
-34.743820 5.882854 -8.756761 -0.037400
-31.973290 6.181436 -6.115972 0.981704
-29.294600 6.454104 -3.563069 1.951767
-26.735570 6.707008 -1.126609 2.868217
-24.349980 6.938378 1.153365 3.714486
-22.064600 7.148388 3.282317 4.492057
-20.007940 7.349370 5.266683 5.223297
-18.113930 7.536208 7.106052 5.898239
-16.359220 7.685466 8.814024 6.516491
-14.708610 7.805598 10.368414 7.067648
-13.308760 7.914693 11.729086 7.554445
-12.132970 8.005549 12.875630 7.960826
-11.149480 8.083226 13.832226 8.303122
-10.276670 8.179798 14.645081 8.626991
-9.512499 8.293971 15.370340 8.950655
-8.788190 8.461012 16.033148 9.316214
-8.150927 8.651246 16.609607 9.668324
-7.825092 8.753794 16.892675 9.841059
-7.796565 8.770575 16.918493 9.857942
-7.810188 8.769777 16.908396 9.849883
-7.806531 8.771436 16.911428 9.852279
-7.806613 8.762083 16.910691 9.851981
-7.806302 8.754161 16.910379 9.851589
-7.802026 8.746163 16.910319 9.851415
-7.797852 8.738594 16.910395 9.851649
-7.792236 8.733287 16.910743 9.851887
-7.786711 8.728405 16.908487 9.854379
-7.782173 8.723748 16.909632 9.854542
-7.777311 8.717953 16.909136 9.851811
-7.772958 8.713997 16.910829 9.851620
-7.768808 8.709723 16.910422 9.852072
-7.765860 8.706741 16.910589 9.851658
-7.764058 8.704869 16.910709 9.852212
-7.762954 8.700722 16.910429 9.852143
-7.761187 8.697748 16.910368 9.852045
-7.760491 8.696666 16.910548 9.851940
-7.760164 8.695701 16.910368 9.852331
-7.760285 8.696636 16.910320 9.852031
-7.759663 8.697272 16.909035 9.851407
-7.750921 8.705069 16.917537 9.857528
-7.713901 8.725688 16.953366 9.883239
-7.655995 8.753943 17.005146 9.920106
-7.512370 8.818253 17.137877 10.013906
-7.179332 8.962513 17.432179 10.238581
-6.630685 9.223685 17.886940 10.610701
-5.922683 9.630767 18.469188 11.165860
-5.116183 10.241960 19.094396 11.933530
-4.259866 11.060560 19.724845 12.932046
-3.417480 12.108200 20.288665 14.170813
-2.605324 13.428970 20.726260 15.666014
-1.873707 15.085840 20.978887 17.405320
-1.254607 16.961180 21.054340 19.375416
-0.763466 19.083600 20.932086 21.544919
-0.466594 21.432240 20.549662 23.885247
-0.346848 24.069580 19.937017 26.384902
-0.349319 26.824170 19.158457 29.059817
-0.397473 29.776850 18.276222 31.935127
-0.451448 33.029690 17.335666 35.013318
-0.503417 36.372950 16.334020 38.263444
-0.573546 39.785770 15.293590 41.591309
-0.659656 43.314030 14.232098 44.903972
-0.764637 46.710290 13.150077 48.188389
-0.871654 50.109350 12.061324 51.465428
-0.979143 53.471790 10.989252 54.697942
-1.076654 56.915000 9.929821 57.916182
-1.170365 60.255510 8.865682 61.148408
-1.254143 63.546300 7.825931 64.340923
-1.356863 66.822230 6.757004 67.520285
-1.455718 70.188830 5.704638 70.682460
-1.544350 73.424550 4.673299 73.798781
-1.641095 76.622420 3.636355 76.885454
-1.754034 79.810440 2.594213 79.948802
-1.872814 82.965620 1.551585 82.984004
-1.997209 86.199370 0.515970 85.993977
-2.123923 89.315530 -0.518460 88.987346
-2.239138 92.403760 -1.539146 91.954454
-2.346422 95.476420 -2.543173 94.886455
-2.441603 98.617360 -3.528813 97.783150
-2.514438 101.639000 -4.499862 100.697080
-2.555372 104.659100 -5.440197 103.626699
-2.567704 107.613500 -6.327664 106.488400
-2.594127 110.705700 -7.233799 109.361579
-2.619914 113.775300 -8.162020 112.305872
-2.651202 116.930300 -9.122733 115.335511
-2.690101 120.140800 -10.111736 118.434457
-2.743939 123.521200 -11.132439 121.608154
-2.809982 126.893800 -12.197347 124.876271
-2.890812 130.311800 -13.290267 128.183986
-2.988896 133.754600 -14.413393 131.486084
-3.105426 137.284200 -15.536493 134.740411
-3.230416 140.684700 -16.665479 137.985880
-3.352382 144.061000 -17.787792 141.247909
-3.486609 147.408200 -18.918446 144.448221
-3.634565 150.796400 -20.040155 147.573071
-3.755510 153.999200 -21.113788 150.606479
-3.863641 157.141500 -22.159228 153.601127
-3.954950 160.221700 -23.176708 156.548014
-4.030624 163.352700 -24.175769 159.485244
-4.080325 166.361100 -25.152436 162.403491
-4.150732 169.349100 -26.138191 165.282856
-4.219826 172.384800 -27.121418 168.192410
-4.275704 175.567600 -28.108856 171.155209
-4.348037 178.701900 -29.129615 174.164260
-4.454591 181.861900 -30.191831 177.195884
-4.559407 185.097800 -31.276692 180.305479
-4.654565 188.501000 -32.383337 183.506381
-4.757899 191.844500 -33.514528 186.753127
-4.837142 195.174900 -34.616963 189.978310
-4.924844 198.506900 -35.715174 193.150078
-5.006935 201.912600 -36.798797 196.321978
-5.080092 205.176800 -37.869278 199.449178
-5.156830 208.367200 -38.923000 202.505429
-5.226614 211.400900 -39.900019 205.406968
-5.301080 214.388000 -40.836928 208.183177
-5.360954 217.202900 -41.731774 210.877237
-5.412809 219.987400 -42.616326 213.545254
-5.448093 222.748600 -43.480340 216.211399
-5.487519 225.587300 -44.369050 218.762572
-5.505442 228.331000 -45.201003 221.440694
-5.539300 231.100600 -46.082118 224.057361
-5.653743 233.941300 -47.051358 226.741341
-5.829114 236.933600 -48.093842 229.471142
-6.015882 239.902300 -49.178951 232.297307
-6.151988 242.973300 -50.249562 235.236228
-6.304094 246.247200 -51.363117 238.261742
-6.458432 249.551300 -52.518337 241.403456
-6.592998 252.951900 -53.697121 244.662285
-6.728281 256.442500 -54.932184 247.981811
-6.859772 260.061000 -56.163994 251.323385
-6.985711 263.529300 -57.374680 254.615922
-7.096611 266.975300 -58.560872 257.873737
-7.214518 270.407300 -59.751771 261.103085
-7.348750 273.883900 -60.938154 264.289459
-7.453543 277.177700 -62.084329 267.438917
-7.579920 280.338000 -63.200522 270.451171
-7.709425 283.372700 -64.283660 273.334439
-7.847550 286.343300 -65.324717 276.081388
-7.983036 289.127000 -66.342630 278.742786
-8.110919 291.894100 -67.359957 281.395848
-8.238628 294.628300 -68.366297 284.017208
-8.350805 297.459200 -69.348966 286.647743
-8.410466 300.241700 -70.291205 289.303728
-8.450762 303.067200 -71.226019 292.009844
-8.460779 305.966400 -72.168735 294.790322
-8.432923 309.057300 -73.095523 297.671620
-8.366028 312.112900 -74.008500 300.624298
-8.271852 315.271200 -74.924598 303.672850
-8.132340 318.465500 -75.816908 306.782278
-7.947067 321.841700 -76.687790 309.977605
-7.714144 325.176600 -77.533477 313.255066
-7.430915 328.553800 -78.362022 316.593769
-7.145868 332.012000 -79.203029 319.999634
-6.841059 335.672800 -80.053447 323.487570
-6.546080 339.255100 -80.921106 326.990675
-6.266411 342.824500 -81.793868 330.484490
-6.013357 346.358800 -82.673165 333.908248
-5.765477 349.981600 -83.563287 337.345485
-5.555496 353.453200 -84.465329 340.747415
-5.348826 356.869900 -85.370448 344.113403
-5.160289 360.275000 -86.286158 347.442848
-5.008096 363.604100 -87.202090 350.656244
-4.855960 367.004400 -88.117481 353.862112
-4.709869 370.244500 -89.023982 357.020618
