-0.000000 0.000000 0.000000 0.000000
-0.034968 3.272805 -0.015348 3.623807
-0.069936 6.545600 -0.021184 7.230802
-0.104906 9.818385 -0.010607 10.827409
-0.139877 13.091160 -0.033325 14.430406
-0.175811 16.537100 -0.065377 18.031114
-0.216930 20.097820 -0.105416 21.644876
-0.266987 23.661990 -0.144914 25.258947
-0.323683 27.231360 -0.189563 28.873018
-0.389518 30.911200 -0.239807 32.490369
-0.459868 34.480430 -0.305730 36.103667
-0.536432 38.051690 -0.370009 39.734096
-0.617510 41.621050 -0.458506 43.369672
-0.699687 45.200490 -0.545152 47.006094
-0.756148 48.784570 -0.600110 50.648392
-0.807234 52.486470 -0.639824 54.283218
-0.861295 56.083730 -0.684944 57.917300
-0.930821 59.678810 -0.740220 61.543055
-0.998598 63.265050 -0.793784 65.173178
-1.073630 66.837060 -0.855569 68.791227
-1.157628 70.504970 -0.925679 72.376642
-1.220309 74.034480 -0.973945 75.931808
-1.244229 77.539770 -0.984331 79.470726
-1.238581 81.020870 -0.965706 82.988578
-1.192933 84.476830 -0.904053 86.476826
-1.110910 88.021030 -0.811566 89.952277
-0.992853 91.457840 -0.671728 93.433045
-0.842406 94.899920 -0.501022 96.919246
-0.668083 98.361990 -0.313948 100.432381
-0.491315 101.877200 -0.101521 104.064435
-0.324438 105.558100 0.087565 107.737969
-0.202662 109.161100 0.221850 111.392314
-0.124427 112.790200 0.306805 115.067866
-0.099615 116.436600 0.343645 118.781574
-0.119276 120.106000 0.334920 122.505105
-0.157510 123.919000 0.313253 126.262943
-0.209523 127.642200 0.272204 130.044230
-0.249877 131.383900 0.233592 133.847429
-0.292088 135.147200 0.200483 137.679032
-0.334825 138.932300 0.167427 141.510455
-0.390077 142.732100 0.127785 145.360610
-0.438939 146.638700 0.095832 149.199019
-0.482604 150.414300 0.067499 153.035179
-0.532633 154.185500 0.034789 156.862381
-0.583131 157.951700 0.000927 160.692619
-0.641745 161.714600 -0.047758 164.504022
-0.710254 165.599500 -0.102978 168.316435
-0.782770 169.368600 -0.162478 172.138481
-0.863844 173.138100 -0.226747 175.960513
-0.946855 176.906200 -0.296194 179.778106
-1.022527 180.668700 -0.362151 183.590025
-1.111942 184.536100 -0.435967 187.367178
-1.196549 188.256000 -0.506628 191.095644
-1.273732 191.951800 -0.579761 194.835782
-1.330648 195.605900 -0.627993 198.524520
-1.376668 199.221000 -0.666413 202.172999
-1.410466 202.896100 -0.701103 205.812321
-1.432815 206.378500 -0.718731 209.369654
-1.454276 209.741700 -0.731034 212.792472
-1.487521 212.972200 -0.747136 216.055529
-1.524437 216.094300 -0.772337 219.216412
-1.585151 219.181300 -0.821621 222.264302
-1.662338 221.987800 -0.895322 225.113296
-1.757925 224.591500 -0.988345 227.750567
-1.869405 227.011400 -1.098708 230.205618
-1.967683 229.272100 -1.199161 232.497946
-2.061729 231.507600 -1.285927 234.694313
-2.139269 233.644500 -1.358119 236.862177
-2.205322 235.749600 -1.418804 239.003642
-2.246293 237.823300 -1.453860 241.110913
-2.270852 239.872800 -1.480502 243.189487
-2.284210 242.016200 -1.486376 245.292741
-2.285245 244.116900 -1.476617 247.411853
-2.278525 246.265800 -1.455215 249.582763
-2.275337 248.472100 -1.444259 251.814614
-2.261679 250.817700 -1.414841 254.105305
-2.252184 253.167700 -1.387716 256.471531
-2.222905 255.570600 -1.341713 258.891058
-2.151307 258.053300 -1.256486 261.403565
-2.071274 260.545300 -1.151666 263.927867
-1.967432 263.131400 -1.035926 266.459377
-1.836751 265.640700 -0.896087 268.995257
-1.686794 268.166500 -0.736880 271.545171
-1.542234 270.709500 -0.577291 274.107798
-1.411691 273.255300 -0.415701 276.681128
-1.290790 275.875600 -0.282737 279.233185
-1.192824 278.392900 -0.166950 281.773021
-1.133449 280.843800 -0.086607 284.255587
-1.110438 283.179900 -0.043530 286.613021
-1.119998 285.355500 -0.027129 288.812677
-1.173751 287.414800 -0.059653 290.826042
-1.291771 289.281200 -0.161869 292.717029
-1.526825 291.023700 -0.382310 294.484597
-1.898667 292.634400 -0.735827 296.108257
-2.424342 294.094900 -1.246358 297.594047
-3.105562 295.403200 -1.909452 298.927681
-3.942164 296.556200 -2.739116 300.099770
-4.972919 297.548600 -3.724139 301.077631
-6.103896 298.278800 -4.855942 301.793562
-7.313775 298.720400 -6.058940 302.230133
-8.537111 298.936500 -7.237528 302.470892
-9.816715 298.913000 -8.483543 302.468383
-11.161510 298.629500 -9.813150 302.234301
-12.526790 298.068600 -11.189040 301.692903
-13.917070 297.176100 -12.555950 300.830828
-15.262880 296.010800 -13.907517 299.644449
-16.588840 294.532100 -15.222373 298.136100
-17.799930 292.716400 -16.417240 296.273992
-18.918840 290.500300 -17.460325 294.081621
-19.828000 288.040600 -18.317729 291.580465
-20.507900 285.289700 -18.921175 288.790727
-20.925410 282.286700 -19.248805 285.745025
-21.089090 278.933900 -19.308690 282.464571
-20.998120 275.478600 -19.101538 278.953997
-20.716450 271.886600 -18.699405 275.319074
-20.377020 268.023300 -18.232122 271.493953
-20.063810 264.134000 -17.789688 267.527476
-19.795060 260.173000 -17.396941 263.504987
-19.584730 256.195100 -17.067255 259.460252
-19.437070 252.183700 -16.809268 255.345734
-19.349230 248.020200 -16.595064 251.243358
-19.291550 243.963400 -16.410261 247.136673
-19.258370 239.862900 -16.245372 242.990621
-19.229850 235.734300 -16.081872 238.818187
-19.183790 231.570900 -15.901032 234.613213
-19.113450 227.384500 -15.692435 230.357220
-19.050620 223.168900 -15.492430 226.087772
-18.986320 219.193500 -15.284169 221.776086
-18.909880 214.501500 -15.087274 217.451034
-18.827110 210.196600 -14.885771 213.101608
-18.738850 205.861800 -14.683965 208.704434
-18.648190 201.493500 -14.477326 204.296703
-18.569010 197.120000 -14.279088 199.883275
-18.490060 192.753700 -14.084758 195.483024
-18.425760 188.409000 -13.905865 191.098928
-18.377160 183.946700 -13.735633 186.720442
-18.338420 179.645500 -13.580015 182.383169
-18.320320 175.382900 -13.447895 178.090280
-18.332170 171.186000 -13.346669 173.850593
-18.369500 167.113400 -13.263877 169.697276
-18.426520 163.218000 -13.220489 165.752721
-18.487080 159.529200 -13.184755 162.020758
-18.545570 156.060400 -13.146850 158.509576
-18.595470 152.724800 -13.109540 155.242522
-18.640190 149.737800 -13.077610 152.216432
-18.676050 146.980400 -13.038993 149.419001
-18.703660 144.405900 -12.999356 146.803750
-18.729480 141.968700 -12.962838 144.319282
-18.754180 139.671900 -12.935760 141.977421
-18.775060 137.387300 -12.912082 139.713683
-18.804930 135.257800 -12.893255 137.527028
-18.831290 133.166500 -12.867953 135.381452
-18.858070 131.092100 -12.844484 133.242070
-18.867390 129.054400 -12.797536 131.145935
-18.888280 126.908500 -12.759471 129.033197
-18.901590 124.726700 -12.713481 126.786658
-18.896830 122.443000 -12.649390 124.461471
-18.873400 120.004100 -12.564268 121.991187
-18.831050 117.426200 -12.456957 119.372978
-18.750910 114.598300 -12.308472 116.593572
-18.635150 111.703800 -12.113078 113.664424
-18.469280 108.661100 -11.858369 110.583238
-18.270780 105.468600 -11.575521 107.346489
-18.073060 102.106000 -11.282132 103.935838
-17.856060 98.487960 -10.981815 100.377453
-17.642990 94.836970 -10.663897 96.666473
-17.438060 91.045280 -10.336672 92.801069
-17.249990 87.129640 -10.021441 88.813547
-17.092630 83.055990 -9.750950 84.682741
-16.953490 78.720200 -9.501430 80.449770
-16.849320 74.376610 -9.278589 76.055060
-16.760280 69.974650 -9.080033 71.612993
-16.699350 65.589240 -8.908774 67.197305
-16.648520 61.206320 -8.750723 62.774901
-16.606730 56.824170 -8.603834 58.357680
-16.557160 52.456340 -8.451876 53.963179
-16.491460 47.970510 -8.278472 49.547088
-16.419870 43.638590 -8.103670 45.162846
-16.348160 39.342300 -7.928490 40.815290
-16.283380 35.059030 -7.764455 36.464143
-16.219390 30.804970 -7.603716 32.160479
-16.172660 26.567580 -7.464503 27.874057
-16.118050 22.362730 -7.312067 23.616379
-16.067730 18.070880 -7.155375 19.392759
-16.028850 13.950190 -7.010230 15.201751
-15.975740 9.856545 -6.851646 11.055500
-15.937810 5.774051 -6.703030 6.909120
-15.910400 1.707346 -6.562986 2.786775
-15.860050 -2.376601 -6.414783 -1.352039
-15.816310 -6.487479 -6.272520 -5.512158
-15.769950 -10.766450 -6.121724 -9.705188
-15.722850 -14.939780 -5.974604 -13.925076
-15.680160 -19.137580 -5.833627 -18.152722
-15.639280 -23.357600 -5.689746 -22.392540
-15.604140 -27.602950 -5.537819 -26.705208
-15.555090 -31.863580 -5.371365 -31.039151
-15.516070 -36.119430 -5.229971 -35.355591
-15.469870 -40.500850 -5.075408 -39.645826
-15.422720 -44.720120 -4.926261 -43.921803
-15.372420 -48.919150 -4.764087 -48.171573
-15.316060 -53.110070 -4.585957 -52.400475
-15.261250 -57.292840 -4.413754 -56.662765
-15.217990 -61.473630 -4.257942 -60.895497
-15.180330 -65.655250 -4.090707 -65.145427
-15.147790 -69.828030 -3.946263 -69.374302
-15.124290 -74.108820 -3.803862 -73.584649
-15.094940 -78.237160 -3.663353 -77.767231
-15.047580 -82.317720 -3.519810 -81.872823
-14.997270 -86.379100 -3.353843 -85.976655
-14.950860 -90.395010 -3.186990 -90.058832
-14.905220 -94.383570 -3.031720 -94.087623
-14.871990 -98.336890 -2.898445 -98.087069
-14.846790 -102.386000 -2.776132 -102.056170
-14.831880 -106.274400 -2.646857 -106.010483
-14.824500 -110.128000 -2.522774 -109.935206
-14.824880 -113.954600 -2.411909 -113.821910
-14.821700 -117.742900 -2.298993 -117.664271
-14.817570 -121.487400 -2.195679 -121.448887
-14.811920 -125.165400 -2.092738 -125.165851
-14.813640 -128.881700 -1.990728 -128.817638
-14.831030 -132.389400 -1.904804 -132.384511
-14.855360 -135.779300 -1.833617 -135.826909
-14.877440 -138.999600 -1.770947 -139.084564
-14.901480 -142.006200 -1.704553 -142.136453
-14.939030 -144.771600 -1.662944 -144.949759
-14.951410 -147.349300 -1.615022 -147.496505
-14.820920 -149.602100 -1.427524 -149.777377
-14.498250 -151.594400 -1.041365 -151.803001
-13.968720 -153.315600 -0.471224 -153.524848
-13.220810 -154.781700 0.302978 -154.963226
-12.236160 -156.017100 1.316709 -156.168941
-11.048850 -156.975500 2.521626 -157.094593
-9.722075 -157.618400 3.841746 -157.685191
-8.336445 -157.974200 5.212103 -157.985183
-6.859140 -158.021800 6.617813 -157.986485
-5.395948 -157.757100 8.051892 -157.711643
-3.979622 -157.168600 9.455843 -157.118092
-2.629419 -156.252000 10.796885 -156.168540
-1.422651 -155.008900 11.981383 -154.875352
-0.353541 -153.415600 12.974389 -153.275641
0.419417 -151.575500 13.665461 -151.397806
0.913429 -149.483600 14.028863 -149.286342
1.214628 -147.156500 14.181531 -146.938913
1.334755 -144.541100 14.136382 -144.375975
1.345084 -141.823200 13.965879 -141.625114
1.375879 -138.923800 13.794023 -138.685187
1.384361 -135.756200 13.588734 -135.574956
1.381652 -132.519700 13.355975 -132.299148
1.356738 -129.129300 13.097381 -128.844998
1.327157 -125.594900 12.815877 -125.257412
1.306931 -121.805900 12.531869 -121.516328
1.303404 -117.992700 12.261207 -117.641510
1.286589 -114.049400 11.966766 -113.619744
1.236513 -109.968900 11.648197 -109.475637
1.170334 -105.767100 11.300786 -105.227837
1.085545 -101.429700 10.924669 -100.831408
1.007173 -96.815600 10.551806 -96.312334
0.931951 -92.302350 10.184172 -91.781787
0.867702 -87.809880 9.831670 -87.252207
0.815927 -83.312740 9.477980 -82.723390
0.775289 -78.820690 9.129417 -78.203389
0.742127 -74.336670 8.788987 -73.691262
0.691654 -69.882780 8.418169 -69.190108
0.644307 -65.302800 8.046045 -64.698268
0.591125 -60.892630 7.674851 -60.236265
0.515742 -56.497160 7.287301 -55.770859
0.419475 -52.132670 6.892983 -51.381712
0.330281 -47.793070 6.507250 -47.016290
0.253388 -43.473360 6.135198 -42.660813
0.180418 -39.180610 5.771382 -38.350445
0.112758 -34.766800 5.411286 -34.046401
0.069662 -30.521840 5.060192 -29.734258
0.041858 -26.297040 4.732119 -25.457389
0.025942 -22.110130 4.420182 -21.234041
0.022981 -17.941590 4.134197 -17.022803
0.023757 -13.813360 3.829110 -12.829380
0.005971 -9.710658 3.512934 -8.669553
-0.021302 -5.496365 3.203483 -4.559678
-0.058822 -1.422944 2.883004 -0.431048
-0.099190 2.639376 2.571615 3.660560
-0.137520 6.693003 2.261046 7.740140
-0.181250 10.741240 1.948670 11.819926
-0.217136 14.778110 1.633279 15.885004
-0.247996 18.811530 1.317612 19.953558
-0.284910 22.961450 1.007221 24.015153
-0.324794 26.962930 0.697578 28.058200
-0.367082 30.934730 0.393367 32.058509
-0.400485 34.879230 0.090389 36.040659
-0.428756 38.794950 -0.205482 39.996892
-0.475198 42.680120 -0.540138 43.933198
-0.536319 46.547860 -0.876747 47.836645
-0.608491 50.501890 -1.206930 51.704283
-0.693015 54.308450 -1.550352 55.530837
-0.786127 58.093690 -1.894679 59.334273
-0.884286 61.849930 -2.243383 63.111169
-0.986584 65.581340 -2.588685 66.860952
-1.101907 69.281510 -2.954048 70.582953
-1.203577 72.941490 -3.298967 74.255068
-1.265915 76.473640 -3.596813 77.798775
-1.306983 79.948230 -3.859522 81.170233
-1.303057 83.223700 -4.074075 84.457216
-1.288537 86.487610 -4.272343 87.737903
-1.266468 89.708980 -4.461587 90.982867
-1.239785 92.899740 -4.636365 94.208721
-1.233611 96.052770 -4.853988 97.428218
-1.283180 99.325610 -5.166395 100.704069
-1.390632 102.540300 -5.468690 103.956150
-1.565040 105.802300 -5.847035 107.275435
-1.730002 109.114200 -6.232929 110.633213
-1.819995 112.490500 -6.540532 114.066104
-1.809062 115.925200 -6.741721 117.593311
-1.695536 119.540400 -6.851806 121.198176
-1.525608 123.118600 -6.916094 124.847946
-1.311097 126.778100 -6.945923 128.580805
-1.067214 130.523800 -6.956882 132.403758
-0.849103 134.377400 -7.004563 136.319697
-0.706451 138.326600 -7.130016 140.300102
-0.649127 142.508200 -7.336841 144.378752
-0.655422 146.639900 -7.617642 148.550696
-0.696530 150.856400 -7.941119 152.793744
-0.753472 155.143300 -8.298524 157.137554
-0.830881 159.451000 -8.666467 161.490684
-0.931272 163.744200 -9.067366 165.810698
-1.039399 168.034700 -9.464538 170.129367
-1.145455 172.445200 -9.854523 174.443037
-1.234879 176.691500 -10.228833 178.729751
-1.300893 180.911900 -10.572506 182.984184
-1.357401 185.101600 -10.901350 187.187348
-1.396887 189.260300 -11.204587 191.345909
-1.423383 193.387800 -11.505673 195.505615
-1.455059 197.481700 -11.801762 199.625829
-1.486971 201.545000 -12.106794 203.719615
-1.515433 205.699900 -12.407342 207.780525
-1.541969 209.693900 -12.704492 211.812382
-1.572231 213.621300 -12.997765 215.762827
-1.608073 217.381100 -13.292181 219.562010
-1.656867 220.908000 -13.595212 223.136078
-1.729855 224.179900 -13.904993 226.429847
-1.828162 227.174900 -14.221055 229.442551
-1.928482 229.960800 -14.514555 232.158721
-2.031375 232.377400 -14.785424 234.593826
-2.120800 234.681100 -15.032221 236.924174
-2.167190 236.970400 -15.234769 239.248783
-2.200759 239.228900 -15.412150 241.530748
-2.219295 241.532800 -15.568452 243.786789
-2.226735 243.735100 -15.709358 246.009259
-2.234032 245.961400 -15.853722 248.269248
-2.240925 248.230200 -16.004159 250.557712
-2.235338 250.536900 -16.144328 252.892507
-2.228282 252.980300 -16.288542 255.272297
-2.202664 255.369200 -16.414917 257.682279
-2.143470 257.820300 -16.514382 260.158650
-2.079786 260.316400 -16.606782 262.682906
-1.999030 262.895000 -16.694095 265.286214
-1.896325 265.640100 -16.771597 267.979186
-1.786266 268.375100 -16.846012 270.737588
-1.688292 271.161500 -16.925328 273.551995
-1.612017 273.949500 -17.014007 276.374289
-1.566149 276.734100 -17.133890 279.180023
-1.537439 279.590100 -17.267981 281.975404
-1.520404 282.328300 -17.405721 284.742227
-1.518695 285.004300 -17.556042 287.445184
-1.530617 287.521500 -17.715814 289.994233
-1.536164 289.981300 -17.871445 292.476712
-1.529815 292.490000 -18.014855 294.954353
-1.511005 294.893600 -18.154295 297.418754
-1.496953 297.272900 -18.290021 299.853714
