-0.000000 0.000000 0.000000 0.000000
-0.017374 0.281883 -0.028241 0.286615
-0.059372 0.624019 -0.083931 0.630064
-0.140031 1.075487 -0.182565 1.076798
-0.290162 1.594967 -0.358946 1.585862
-0.526319 2.180538 -0.599673 2.141434
-0.843510 2.764083 -0.904669 2.704474
-1.245526 3.336497 -1.263374 3.249134
-1.763564 3.882134 -1.736408 3.776277
-2.416226 4.382651 -2.364636 4.290967
-3.213209 4.823255 -3.150836 4.756568
-4.170801 5.151787 -4.111323 5.102621
-5.287586 5.359572 -5.230548 5.313970
-6.580932 5.427988 -6.481682 5.360796
-7.964063 5.388933 -7.869708 5.300712
-9.480591 5.264791 -9.395719 5.151081
-11.136280 5.091503 -11.070745 4.949478
-12.989530 4.901119 -12.889974 4.735326
-14.921810 4.699036 -14.843808 4.509078
-16.996590 4.498513 -16.948351 4.280856
-19.197050 4.297161 -19.182154 4.038954
-21.595480 4.102198 -21.528824 3.808314
-23.985700 3.912953 -23.939649 3.575994
-26.461640 3.722221 -26.429426 3.338729
-28.981830 3.500939 -28.956866 3.082562
-31.484920 3.282067 -31.470950 2.829672
-34.061750 3.056376 -33.984199 2.567820
-36.553510 2.850370 -36.492875 2.312165
-39.054890 2.647988 -39.015211 2.062081
-41.526780 2.447501 -41.502130 1.815108
-43.991790 2.236507 -43.990514 1.556910
-46.522230 2.036782 -46.462981 1.315459
-48.957520 1.830390 -48.913253 1.060713
-51.338390 1.587512 -51.307429 0.768328
-53.698820 1.351687 -53.676393 0.484914
-56.022080 1.126948 -56.007482 0.210571
-58.301250 0.901153 -58.293944 -0.062838
-60.565170 0.675433 -60.499243 -0.329436
-62.635560 0.476989 -62.596860 -0.575570
-64.570540 0.337225 -64.557979 -0.761977
-66.361720 0.272819 -66.384716 -0.868627
-68.013940 0.366636 -68.030381 -0.814253
-69.411000 0.631229 -69.486481 -0.580995
-70.672620 1.095559 -70.802017 -0.149128
-71.835280 1.785204 -71.997027 0.481431
-72.817500 2.626877 -73.062914 1.316501
-73.655740 3.571472 -73.989313 2.277032
-74.388100 4.722405 -74.782165 3.462311
-75.026730 6.150519 -75.437765 4.879086
-75.541220 7.739729 -75.982649 6.481531
-75.979810 9.514430 -76.451051 8.274065
-76.375910 11.436440 -76.886853 10.209004
-76.697600 13.506210 -77.253801 12.291331
-76.958120 15.689990 -77.566335 14.481019
-77.190760 17.985240 -77.853574 16.786364
-77.399250 20.356840 -78.108913 19.096192
-77.568270 22.658510 -78.333490 21.406096
-77.727770 24.930970 -78.554447 23.681904
-77.900930 27.203110 -78.773188 25.964267
-78.055580 29.453490 -78.968614 28.233733
-78.187580 31.701110 -79.151765 30.502573
-78.334020 33.988660 -79.341143 32.802704
-78.499160 36.400770 -79.544574 35.152074
-78.690590 38.776050 -79.786261 37.534782
-78.884460 41.223050 -80.033941 39.990467
-79.086980 43.738750 -80.299114 42.516671
-79.303440 46.298620 -80.570547 45.094860
-79.491650 48.887060 -80.814083 47.704001
-79.684870 51.583030 -81.050842 50.318856
-79.885920 54.151380 -81.300755 52.914380
-80.076460 56.695780 -81.535984 55.470545
-80.262640 59.221470 -81.763966 58.025710
-80.453570 61.690800 -81.999738 60.525889
-80.681200 64.195360 -82.273877 62.969471
-80.928330 66.603910 -82.582838 65.381362
-81.200370 68.980990 -82.902284 67.757836
-81.520880 71.309920 -83.265702 70.088688
-81.886270 73.589260 -83.666492 72.378245
-82.299160 75.844010 -84.104974 74.657146
-82.749540 78.120500 -84.579308 76.881111
-83.265140 80.320480 -85.131846 79.079554
-83.834100 82.458830 -85.764801 81.211402
-84.466170 84.600680 -86.467885 83.332418
-85.181400 86.723000 -87.248008 85.438190
-85.958590 88.814740 -88.090761 87.522817
-86.845230 90.967950 -89.007127 89.612991
-87.781730 93.040610 -89.996014 91.694172
-88.721960 95.093240 -90.986203 93.752651
-89.714170 97.176330 -92.033669 95.830837
-90.734680 99.221920 -93.110179 97.874924
-91.826990 101.333300 -94.222664 99.914689
-92.896080 103.341500 -95.345046 101.922374
-93.988940 105.300600 -96.483490 103.880529
-95.089990 107.209700 -97.623577 105.792836
-96.183630 109.080300 -98.752184 107.652379
-97.218030 110.818300 -99.827038 109.378317
-98.221570 112.470200 -100.837684 110.963793
-99.098560 113.903500 -101.751812 112.390102
-99.887090 115.143500 -102.572145 113.627950
-100.598100 116.230100 -103.295341 114.719599
-101.267300 117.148300 -103.969749 115.640433
-101.833100 117.918800 -104.542378 116.408024
-102.380900 118.546800 -105.069642 117.013406
-102.875100 119.016500 -105.554180 117.476242
-103.389800 119.400100 -106.051404 117.859964
-103.924400 119.766100 -106.566365 118.228958
-104.500500 120.058700 -107.131289 118.522914
-105.100800 120.285100 -107.718441 118.748814
-105.760700 120.478200 -108.367387 118.938207
-106.594600 120.624100 -109.183394 119.074707
-107.576600 120.667300 -110.147510 119.102178
-108.703100 120.565400 -111.236537 118.986018
-109.879300 120.283200 -112.416022 118.676953
-111.138100 119.804800 -113.676080 118.147558
-112.465000 119.092200 -114.970956 117.371076
-113.856300 118.143600 -116.308531 116.355807
-115.377500 117.001400 -117.733521 115.163239
-116.957800 115.759400 -119.255158 113.833548
-118.625600 114.400500 -120.868289 112.375005
-120.390200 112.940300 -122.583395 110.808019
-122.327200 111.330000 -124.400404 109.139451
-124.271500 109.669600 -126.314160 107.368765
-126.304700 107.945800 -128.300492 105.527705
-128.422400 106.145100 -130.360717 103.603581
-130.607800 104.272400 -132.478521 101.594359
-132.928900 102.311500 -134.657769 99.548050
-135.182100 100.410100 -136.831603 97.504589
-137.448600 98.501000 -139.015023 95.438236
-139.716500 96.588530 -141.167864 93.396232
-141.976900 94.674680 -143.310109 91.345593
-144.229200 92.756980 -145.447190 89.292251
-146.554100 90.788010 -147.581743 87.251986
-148.826100 88.898300 -149.743469 85.220813
-151.094900 87.015300 -151.895095 83.204786
-153.350700 85.131880 -154.034105 81.190250
-155.590600 83.262450 -156.156994 79.191812
-157.816100 81.389710 -158.262481 77.192130
-160.003500 79.537360 -160.351729 75.205493
-162.226500 77.630960 -162.410515 73.230099
-164.371600 75.806750 -164.464660 71.275406
-166.509900 74.008950 -166.509925 69.340630
-168.643300 72.242280 -168.527246 67.445288
-170.748700 70.527870 -170.506538 65.579255
-172.786900 68.875210 -172.438722 63.760830
-174.796700 67.240660 -174.281921 62.017360
-176.664700 65.718100 -176.051449 60.353167
-178.436000 64.239750 -177.753547 58.754614
-180.081200 62.817250 -179.354649 57.241313
-181.624600 61.476700 -180.847081 55.818787
-183.059400 60.173300 -182.227889 54.437332
-184.370600 58.869100 -183.474152 53.058685
-185.554000 57.489480 -184.534948 51.659573
-186.456300 56.100830 -185.356955 50.233572
-187.116900 54.686700 -185.936951 48.797774
-187.517100 53.257200 -186.274845 47.378316
-187.736100 51.821260 -186.435116 45.949352
-187.701500 50.384510 -186.339040 44.507300
-187.503900 49.013320 -186.069544 43.132237
-187.076000 47.730460 -185.576502 41.866509
-186.462100 46.465230 -184.900813 40.689544
-185.726800 45.259550 -184.066422 39.547681
-184.886500 44.095540 -183.119316 38.452394
-183.966700 42.921450 -182.090550 37.348688
-182.949000 41.663450 -180.995759 36.198622
-181.872400 40.390140 -179.820261 34.998469
-180.722500 39.009190 -178.563446 33.699295
-179.499400 37.528790 -177.221326 32.325608
-178.136700 35.879660 -175.773867 30.823770
-176.694000 34.182190 -174.205572 29.221557
-175.167300 32.349490 -172.536964 27.501200
-173.566000 30.428820 -170.784700 25.688702
-171.886200 28.425440 -168.956311 23.787022
-170.097500 26.282760 -167.069393 21.818846
-168.322200 24.133140 -165.116110 19.801221
-166.577600 21.956210 -163.173801 17.760592
-164.842300 19.774840 -161.224263 15.718376
-163.121300 17.644510 -159.293072 13.724141
-161.349600 15.443130 -157.374971 11.728419
-159.665100 13.328630 -155.486154 9.749794
-158.082900 11.192540 -153.691347 7.735958
-156.656800 8.996200 -152.042632 5.623716
-155.443900 6.715427 -150.596135 3.387029
-154.445000 4.293858 -149.394358 1.073220
-153.690400 1.873033 -148.409723 -1.328616
-153.119100 -0.636098 -147.609165 -3.825141
-152.663700 -3.237467 -146.915904 -6.421856
-152.330500 -5.920004 -146.335392 -9.091684
-152.033700 -8.820695 -145.794816 -11.861027
-151.705900 -11.690000 -145.208134 -14.694934
-151.370800 -14.672100 -144.601633 -17.640005
-151.023300 -17.729780 -143.974897 -20.667830
-150.666000 -20.838640 -143.331252 -23.751415
-150.327500 -23.978110 -142.702536 -26.866268
-150.007700 -27.125050 -142.085794 -29.986523
-149.702500 -30.239210 -141.477555 -33.081513
-149.400500 -33.439450 -140.886398 -36.158084
-149.134300 -36.509690 -140.325574 -39.207207
-148.893300 -39.558510 -139.786066 -42.255585
-148.677600 -42.572690 -139.286875 -45.269368
-148.459800 -45.563490 -138.798027 -48.248245
-148.243200 -48.518380 -138.314515 -51.198144
-148.026200 -51.543610 -137.836715 -54.126210
-147.812100 -54.441110 -137.357082 -57.017526
-147.596000 -57.307300 -136.870688 -59.864665
-147.359700 -60.135300 -136.363250 -62.674501
-147.119400 -62.905480 -135.856021 -65.423501
-146.895800 -65.574570 -135.379366 -68.077284
-146.703200 -68.185090 -134.959029 -70.609771
-146.596100 -70.529870 -134.637860 -72.976887
-146.537400 -72.653470 -134.406488 -75.129742
-146.518700 -74.541400 -134.239103 -77.047468
-146.542900 -76.194400 -133.330730 -76.693394
-146.587100 -77.623570 -133.623333 -78.566857
-146.639000 -78.722540 -130.514828 -79.285670
-146.668700 -79.535370 -130.299006 -79.986859
-146.685700 -80.153990 -129.855429 -80.619163
-146.680600 -80.703290 -129.805663 -81.169277
-146.651100 -81.157490 -129.659920 -81.600866
-146.630800 -81.545240 -129.531349 -81.958820
-146.578900 -81.850470 -129.398855 -82.244304
-146.534700 -82.033650 -129.317564 -82.411872
-146.506400 -82.108780 -129.280185 -82.483861
-146.492400 -82.105550 -129.277826 -82.484656
-146.499300 -82.109440 -129.276795 -82.485392
-146.508600 -82.106890 -129.276413 -82.483330
-146.512300 -82.105760 -129.276698 -82.482368
-146.517800 -82.111940 -129.279252 -82.485861
-146.520100 -82.116300 -129.278302 -82.484791
-146.519200 -82.117530 -129.278267 -82.485020
-146.512700 -82.109390 -129.277627 -82.485358
-146.512200 -82.101930 -129.278698 -82.485737
-146.511300 -82.096090 -129.272168 -82.480208
-146.513000 -82.093540 -129.275804 -82.485087
-146.513900 -82.094450 -129.277182 -82.483590
-146.509500 -82.094480 -129.276612 -82.484967
-146.509800 -82.094510 -129.276155 -82.484943
-146.505100 -82.094710 -129.275617 -82.484296
-146.497100 -82.092930 -129.275941 -82.484126
-146.502400 -82.094210 -129.276105 -82.484571
-146.549900 -82.123010 -129.275230 -82.484433
-146.590500 -82.177760 -129.254478 -82.505291
-146.615400 -82.269700 -129.210324 -82.559161
-146.606900 -82.389240 -129.138245 -82.637139
-146.576500 -82.536710 -129.035514 -82.736441
-146.500700 -82.740200 -128.894579 -82.896122
-146.376300 -83.076720 -128.667913 -83.160779
-146.182100 -83.531210 -128.341018 -83.520006
-145.906000 -84.059320 -127.928606 -83.927067
-145.518400 -84.631430 -127.409008 -84.346483
-144.918700 -85.295100 -126.698186 -84.788693
-144.097800 -86.038800 -125.729186 -85.262434
-142.967800 -86.809300 -124.411890 -85.691902
-141.532900 -87.506980 -122.807927 -85.957107
-139.827500 -88.047960 -120.981413 -85.980308
-137.872800 -88.392530 -119.001353 -85.727019
-135.610100 -88.573160 -116.838375 -85.243714
-133.197900 -88.661010 -114.485198 -84.619696
-130.594100 -88.645980 -111.976061 -83.833676
-127.794200 -88.543100 -109.291027 -82.904911
-124.684200 -88.430010 -106.412232 -81.914757
-121.484500 -88.261850 -103.389259 -80.832481
-118.132600 -88.010780 -100.247362 -79.654670
-114.654100 -87.719060 -96.965822 -78.384021
-110.958900 -87.406060 -93.600582 -77.085948
-107.392900 -87.117030 -90.241837 -75.797572
-103.850700 -86.832790 -86.911382 -74.519417
-100.313000 -86.547840 -83.562398 -73.244131
-96.807210 -86.272320 -80.246842 -71.971146
-93.211730 -85.990220 -76.931031 -70.691294
-89.761800 -85.732640 -73.698274 -69.448060
-86.338600 -85.489130 -70.462008 -68.221304
-82.943570 -85.246600 -67.249160 -66.986358
-79.578760 -84.965200 -64.095823 -65.721341
-76.242680 -84.669690 -60.988856 -64.456971
-72.825120 -84.352470 -57.918559 -63.184105
-69.545440 -84.031000 -54.870448 -61.907680
-66.277480 -83.726500 -51.832199 -60.661344
-63.010990 -83.448380 -48.796247 -59.447620
-59.766680 -83.179280 -45.759581 -58.228445
-56.570330 -82.917910 -42.742189 -57.042655
-53.361740 -82.669110 -39.741865 -55.873877
-50.090520 -82.409310 -36.752691 -54.693117
-46.960000 -82.149050 -33.789674 -53.514664
-43.809580 -81.902650 -30.831218 -52.345433
-40.635840 -81.661200 -27.852716 -51.176502
-37.489910 -81.422860 -24.921327 -50.006880
-34.384620 -81.174290 -22.016701 -48.827848
-31.213440 -80.929590 -19.147785 -47.665623
-28.161530 -80.712480 -16.287299 -46.515944
-25.145820 -80.507980 -13.466266 -45.383708
-22.158300 -80.310830 -10.660302 -44.276336
-19.249540 -80.116940 -7.913978 -43.187582
-16.501450 -79.930600 -5.321497 -42.155351
-13.855610 -79.727260 -2.924692 -41.192684
-11.480460 -79.503560 -0.697892 -40.248720
-9.289911 -79.258940 1.339552 -39.337371
-7.308229 -78.943620 3.148189 -38.433262
-5.482571 -78.547770 4.725838 -37.529840
-3.911371 -78.094630 6.133198 -36.598641
-2.387316 -77.498390 7.375493 -35.615632
-1.036222 -76.796760 8.440367 -34.572721
0.153830 -75.908720 9.275919 -33.451532
1.164614 -74.881940 9.914803 -32.251479
1.956418 -73.712220 10.317477 -30.943801
2.603012 -72.439590 10.527303 -29.572950
3.022631 -71.067370 10.471523 -28.189526
3.315913 -69.591110 10.250942 -26.820907
3.487222 -68.087850 9.891701 -25.412814
3.603879 -66.508740 9.458017 -23.942553
3.655070 -64.808520 8.924467 -22.384249
3.644882 -62.898630 8.282844 -20.714077
3.572831 -60.903040 7.531921 -18.925050
3.468551 -58.763360 6.714366 -17.001652
3.360464 -56.515940 5.836040 -14.981791
3.229638 -54.240280 4.927104 -12.947280
3.052904 -51.887860 3.994023 -10.922809
2.856487 -49.605500 3.042946 -8.908916
2.676942 -47.326770 2.090395 -6.894690
2.503130 -45.062470 1.141506 -4.893080
2.326510 -42.822490 0.203933 -2.911839
2.162695 -40.552620 -0.711969 -0.960623
2.011908 -38.432930 -1.588942 0.930170
1.884974 -36.417120 -2.412902 2.717725
1.757503 -34.473900 -3.222725 4.441516
1.637847 -32.571660 -4.004970 6.126405
1.514399 -30.652510 -4.774185 7.775268
1.403308 -28.829640 -5.528343 9.409585
1.298032 -27.029080 -6.281056 11.015954
1.184313 -25.249800 -7.029239 12.594430
1.061943 -23.497160 -7.781356 14.138834
0.925917 -21.740320 -8.515234 15.634438
0.796026 -20.127460 -9.213586 17.050392
0.693773 -18.613030 -9.856586 18.385733
0.596981 -17.200950 -10.451284 19.630441
0.503575 -15.898890 -10.996440 20.784639
0.411727 -14.714430 -11.479321 21.804700
0.346679 -13.753640 -11.877429 22.662990
0.295662 -12.930200 -12.218734 23.395795
0.260354 -12.155610 -12.536233 24.085294
0.235567 -11.398570 -12.847979 24.761408
0.195666 -10.656890 -13.153981 25.415110
0.147598 -9.899957 -13.460363 26.059615
0.087923 -9.181351 -13.791192 26.678152
0.014366 -8.478324 -14.124507 27.285205
-0.072709 -7.782878 -14.460712 27.885797
-0.159748 -7.103110 -14.778044 28.480313
-0.237325 -6.404561 -15.081877 29.071383
-0.310055 -5.738913 -15.375114 29.655294
-0.361903 -5.069803 -15.661530 30.243740
-0.402704 -4.333639 -15.968132 30.897854
-0.431992 -3.494866 -16.301055 31.651132
-0.465636 -2.543009 -16.659014 32.485155
-0.488509 -1.548397 -17.040650 33.384661
-0.499918 -0.482772 -17.434548 34.353191
-0.511548 0.676377 -17.877733 35.395062
-0.388225 1.879446 -18.256675 36.492371
-0.385916 3.035962 -18.707056 37.512225
-0.469959 4.156838 -19.216664 38.465731
-0.671392 5.275554 -19.812276 39.353203
-0.930883 6.300276 -20.439309 40.171030
-1.228194 7.291404 -21.080267 40.966049
-1.435611 8.243765 -21.626214 41.761814
-1.562159 8.940081 -22.003920 42.351423
-1.613620 9.325839 -22.178457 42.678801
-1.633312 9.403983 -22.219316 42.747573
-1.637783 9.375580 -22.209000 42.732125
-1.640993 9.370459 -22.209514 42.733462
