-0.000000 0.000000 0.000000 0.000000
0.021045 2.376007 -0.017351 2.282234
0.039063 4.601186 -0.031871 4.439668
0.063525 6.543064 -0.022557 6.440269
0.080135 8.244760 -0.008435 8.209110
0.037602 9.591321 0.011654 9.717800
0.039541 10.727330 0.017666 10.957495
0.073084 11.537210 0.057321 11.922425
0.099033 11.969140 0.086356 12.624756
0.127241 12.242000 0.100150 13.151578
0.108031 12.325970 0.126662 13.611747
0.127963 12.442710 0.147197 14.010053
0.159702 12.552080 0.171236 14.384324
0.154263 12.664120 0.178323 14.763501
0.149062 12.797110 0.163360 15.134691
0.120570 12.943710 0.135251 15.549418
0.049098 13.204670 0.045262 16.064195
-0.100199 13.638810 -0.118226 16.719819
-0.374670 14.215400 -0.390800 17.477081
-0.802299 14.895190 -0.809509 18.306748
-1.392147 15.571450 -1.380258 19.147032
-2.181861 16.224200 -2.135721 19.959419
-3.164942 16.850260 -3.117665 20.746367
-4.403204 17.441870 -4.341193 21.456268
-5.873616 17.900980 -5.801919 22.003524
-7.577881 18.184280 -7.483226 22.328784
-9.608403 18.299790 -9.348171 22.438419
-11.736410 18.224380 -11.393133 22.350914
-14.095890 18.100530 -13.620845 22.208070
-16.687770 18.005280 -16.025888 22.102045
-19.383930 17.904430 -18.590660 21.988466
-22.212000 17.755700 -21.348105 21.825147
-25.251270 17.579010 -24.336028 21.635329
-28.461330 17.399250 -27.410773 21.449604
-31.755200 17.223210 -30.476334 21.230718
-35.063280 16.977970 -33.617624 20.942025
-38.388370 16.669410 -36.823544 20.579311
-41.687850 16.347060 -40.064579 20.198930
-44.967550 15.986540 -43.316311 19.804819
-48.374670 15.577110 -46.611623 19.405890
-51.683430 15.160460 -49.947028 19.039306
-55.018170 14.713860 -53.326370 18.681101
-58.366130 14.303450 -56.727824 18.407693
-61.775470 14.009080 -60.179162 18.185976
-65.282150 13.794300 -63.658371 18.024494
-68.823990 13.599840 -67.167125 17.882111
-72.404960 13.417560 -70.685051 17.763061
-76.032580 13.338750 -74.235022 17.661889
-79.607360 13.261230 -77.801551 17.561693
-83.141980 13.147720 -81.340117 17.460456
-86.755170 13.092890 -84.870211 17.373113
-90.454430 13.005310 -88.385388 17.282293
-93.963820 12.914330 -91.898734 17.201757
-97.439770 12.807310 -95.424000 17.094824
-100.920000 12.699180 -98.895102 16.992868
-104.400800 12.625910 -102.365969 16.914264
-107.914800 12.554940 -105.857148 16.819401
-111.453600 12.472880 -109.383472 16.717111
-115.169100 12.407310 -112.993103 16.622545
-118.819700 12.337650 -116.678835 16.501539
-122.519200 12.259300 -120.419341 16.366474
-126.279500 12.145160 -124.205028 16.201799
-130.038700 12.040550 -127.990104 16.059144
-133.804000 11.925770 -131.775755 15.922969
-137.596500 11.750040 -135.548614 15.778777
-141.479000 11.608780 -139.307070 15.643477
-145.222800 11.508950 -143.063761 15.511333
-148.942200 11.435960 -146.806431 15.393760
-152.647900 11.369140 -150.518933 15.282930
-156.343100 11.298910 -154.226590 15.168512
-160.026700 11.203480 -157.930841 15.035591
-163.670500 11.098630 -161.642920 14.897912
-167.307200 10.974200 -165.310606 14.801246
-171.014200 10.923890 -169.000086 14.712990
-174.600600 10.868000 -172.674784 14.613765
-178.150900 10.825090 -176.281795 14.542519
-181.487300 10.788960 -179.681470 14.483362
-184.585000 10.767250 -182.857440 14.423042
-187.430200 10.752580 -185.761039 14.380322
-190.191600 10.729150 -188.566969 14.314922
-193.021000 10.657430 -191.351330 14.206294
-195.727200 10.580660 -194.104592 14.105438
-198.422800 10.491380 -196.843002 13.976833
-201.144100 10.408600 -199.595439 13.863931
-203.922000 10.338600 -202.398848 13.763897
-206.761000 10.296330 -205.247488 13.658812
-209.795300 10.316440 -208.157467 13.579345
-212.823500 10.359890 -211.146973 13.512424
-215.927900 10.395560 -214.209180 13.451802
-218.991800 10.360540 -217.327713 13.428810
-222.116400 10.298940 -220.519158 13.409873
-225.416200 10.246690 -223.772280 13.403736
-228.743000 10.217050 -227.099975 13.385327
-232.134000 10.222910 -230.499542 13.355903
-235.576400 10.217640 -233.958114 13.312987
-239.103100 10.221000 -237.495775 13.273193
-242.689300 10.187430 -241.093323 13.192008
-246.316700 10.135400 -244.757191 13.086224
-250.008200 10.043460 -248.476901 12.953171
-253.717000 9.888973 -252.239995 12.791467
-257.577900 9.723893 -256.011645 12.624161
-261.325600 9.597878 -259.788462 12.456559
-265.068100 9.467224 -263.571433 12.288145
-268.817000 9.346685 -267.312702 12.136684
-272.524500 9.186949 -271.019966 11.964532
-276.224300 8.987864 -274.714388 11.782003
-279.892400 8.845327 -278.402439 11.637121
-283.702700 8.725332 -282.088585 11.479802
-287.356900 8.621450 -285.762023 11.322704
-291.009300 8.517164 -289.434075 11.172130
-294.662400 8.408015 -293.105292 11.025856
-298.312100 8.308742 -296.767803 10.877676
-301.990700 8.184982 -300.460214 10.707678
-305.707700 8.090363 -304.168491 10.547216
-309.442400 8.000708 -307.896718 10.393309
-313.273100 7.879389 -311.630474 10.219712
-317.024800 7.799002 -315.370545 10.069924
-320.769500 7.697025 -319.118892 9.920245
-324.535100 7.581781 -322.890898 9.770065
-328.314800 7.476338 -326.661588 9.630700
-332.085700 7.368086 -330.418132 9.497620
-335.821700 7.264043 -334.146799 9.367331
-339.552800 7.170716 -337.899319 9.239192
-343.354200 7.074969 -341.601230 9.122075
-346.934000 6.979341 -345.199172 8.994834
-350.395100 6.883583 -348.688674 8.869465
-353.704700 6.792528 -352.031515 8.752916
-356.860200 6.688506 -355.213726 8.622498
-359.973000 6.578609 -358.346711 8.492802
-363.001600 6.462956 -361.395670 8.357410
-365.893200 6.370573 -364.257517 8.244426
-368.460400 6.334488 -366.891303 8.189928
-370.783900 6.411376 -369.292246 8.250660
-372.849300 6.669641 -371.459089 8.494739
-374.689400 7.117519 -373.402336 8.948043
-376.381100 7.782964 -375.158557 9.611993
-377.857200 8.657815 -376.758319 10.523234
-379.173500 9.718149 -378.180019 11.623870
-380.374300 11.026580 -379.421199 12.951356
-381.395400 12.493230 -380.507382 14.480969
-382.258300 14.151670 -381.424959 16.200013
-383.002300 16.010010 -382.206888 18.120762
-383.598900 18.059780 -382.831022 20.231447
-384.088600 20.305900 -383.339044 22.525867
-384.500100 22.816940 -383.753836 25.001164
-384.775400 25.422180 -384.052349 27.648120
-384.986100 28.177790 -384.284096 30.431498
-385.208600 31.126460 -384.482385 33.358630
-385.443500 34.218720 -384.664709 36.397147
-385.773500 37.333970 -384.839189 39.448400
-386.052700 40.431210 -384.988350 42.496896
-386.220600 43.484420 -385.113122 45.540223
-386.302600 46.594680 -385.224136 48.556219
-386.375800 49.567930 -385.319140 51.534654
-386.427100 52.464510 -385.394295 54.438987
-386.484200 55.262590 -385.456435 57.231548
-386.544600 57.966950 -385.501949 59.937921
-386.599900 60.588920 -385.512859 62.555622
-386.575500 63.075380 -385.462594 65.055542
-386.357700 65.494110 -385.302115 67.446755
-385.902000 67.690110 -384.962779 69.719271
-385.238500 69.716940 -384.439837 71.832957
-384.327500 71.575890 -383.730527 73.805575
-383.318300 73.319730 -382.879979 75.596233
-382.281300 74.861990 -381.853620 77.182758
-381.079100 76.210770 -380.585900 78.560807
-379.765500 77.366070 -379.146523 79.721022
-378.243800 78.303580 -377.568606 80.647137
-376.548200 79.025420 -375.830202 81.406547
-374.706900 79.569140 -373.950219 81.978133
-372.725200 79.968250 -371.951848 82.415414
-370.597800 80.224980 -369.821572 82.705114
-368.370000 80.439580 -367.584980 82.935963
-366.040000 80.594580 -365.236703 83.106039
-363.616200 80.696510 -362.782433 83.226141
-361.018800 80.740730 -360.228319 83.286270
-358.423400 80.728900 -357.596332 83.300008
-355.797800 80.660700 -354.925057 83.266661
-353.135700 80.576000 -352.228325 83.213002
-350.433800 80.487500 -349.513220 83.159262
-347.757000 80.420120 -346.800991 83.130245
-345.090700 80.391560 -344.088787 83.138961
-342.431500 80.422560 -341.400053 83.207673
-339.800000 80.502150 -338.732747 83.322966
-337.092600 80.596210 -336.089970 83.453218
-334.494700 80.713610 -333.452736 83.591575
-331.911300 80.843550 -330.812982 83.728039
-329.316700 80.936550 -328.161713 83.839902
-326.744700 81.008020 -325.527840 83.916231
-324.160800 81.055580 -322.894920 83.986375
-321.508300 81.109450 -320.269310 84.050320
-318.967300 81.207790 -317.662627 84.139437
-316.416700 81.325150 -315.059552 84.263140
-313.887300 81.460510 -312.475177 84.408616
-311.381800 81.594880 -309.911348 84.556126
-308.878200 81.720600 -307.358726 84.699585
-306.391400 81.861820 -304.825418 84.850898
-303.833800 82.010580 -302.302849 84.999788
-301.332500 82.173460 -299.771645 85.173610
-298.803500 82.339520 -297.206710 85.375527
-296.221200 82.516620 -294.601923 85.594390
-293.590000 82.694280 -291.946520 85.829504
-290.893500 82.862930 -289.221232 86.048137
-288.066000 83.000280 -286.443731 86.236465
-285.277100 83.072760 -283.592678 86.364202
-282.439100 83.099180 -280.710708 86.441119
-279.604200 83.114310 -277.844856 86.504796
-276.808800 83.116800 -275.005027 86.554828
-274.071800 83.108300 -272.228900 86.591074
-271.302000 83.061620 -269.507378 86.597924
-268.639800 82.977610 -266.825422 86.567381
-266.004800 82.910580 -264.167027 86.543433
-263.406600 82.879570 -261.542320 86.547749
-260.801900 82.908730 -258.906686 86.617242
-258.179700 82.994230 -256.266741 86.749467
-255.533100 83.147090 -253.621996 86.961149
-252.791900 83.382330 -250.957219 87.243361
-250.114800 83.643930 -248.275655 87.554617
-247.417000 83.915410 -245.575242 87.872433
-244.706600 84.180990 -242.863433 88.187341
-242.011800 84.383910 -240.148370 88.438939
-239.337300 84.514650 -237.453847 88.623284
-236.613600 84.569820 -234.778305 88.718626
-234.000900 84.527010 -232.132896 88.717631
-231.427400 84.406410 -229.521375 88.639855
-228.918300 84.256660 -226.978962 88.536550
-226.543500 84.106420 -224.581014 88.433845
-224.336500 83.974260 -222.365420 88.346052
-222.276900 83.850310 -220.367283 88.274746
-220.494000 83.746260 -218.585655 88.214035
-218.890000 83.652880 -216.995057 88.172585
-217.473600 83.613150 -215.582687 88.180661
-216.185200 83.661260 -214.285381 88.286958
-214.963700 83.883960 -213.062733 88.553033
-213.803000 84.290200 -211.913144 88.968797
-212.760500 84.831590 -210.876790 89.503690
-211.812900 85.477290 -209.933392 90.126297
-210.920800 86.274800 -209.071225 90.874220
-210.095100 87.209150 -208.220988 91.804521
-209.357700 88.389320 -207.461900 93.000701
-208.668700 89.786340 -206.782977 94.418738
-208.105400 91.430450 -206.261656 96.085431
-207.622000 93.284660 -205.856654 97.960206
-207.325300 95.412660 -205.656527 100.024135
-207.181000 97.691880 -205.615450 102.304885
-207.158900 100.112700 -205.699661 104.751417
-207.216300 102.704100 -205.884146 107.363072
-207.340400 105.533100 -206.114442 110.144290
-207.428000 108.335800 -206.308208 113.010390
-207.481400 111.196300 -206.469105 115.929647
-207.476700 114.121800 -206.571195 118.894508
-207.445300 117.082400 -206.646771 121.773612
-207.334400 119.841600 -206.725641 124.682109
-207.209500 122.589300 -206.776704 127.561036
-207.147300 125.355900 -206.859195 130.407348
-207.128900 128.068100 -206.981062 133.186733
-207.135200 130.645600 -207.123026 135.816696
-207.169200 133.132200 -207.266938 138.259873
-207.234100 135.332700 -207.436988 140.487335
-207.334400 137.303700 -207.630732 142.492980
-207.492000 139.041700 -207.864128 144.240006
-207.767500 140.621100 -208.211796 145.817998
-208.171300 142.144100 -208.694815 147.322895
-208.763500 143.570700 -209.346151 148.695776
-209.540100 144.878100 -210.131162 149.930399
-210.464000 146.086100 -211.043428 151.084555
-211.636600 147.253900 -212.186078 152.185837
-212.980700 148.269200 -213.557010 153.174740
-214.550200 149.117000 -215.167945 153.972637
-216.355100 149.755000 -216.993789 154.520285
-218.330500 150.178100 -218.982337 154.819379
-220.445200 150.426700 -221.113884 154.933868
-222.761100 150.562800 -223.390089 154.938718
-225.106300 150.644400 -225.770313 154.891605
-227.553900 150.727600 -228.260164 154.847406
-230.110200 150.835100 -230.855122 154.815608
-232.871300 150.957600 -233.562063 154.785172
-235.669600 151.087500 -236.390174 154.758759
-238.598300 151.221800 -239.338355 154.723625
-241.658500 151.326900 -242.410662 154.652520
-244.820200 151.373900 -245.584032 154.509885
-248.166900 151.345100 -248.826364 154.287893
-251.384500 151.250000 -252.048812 153.996521
-254.611700 151.089300 -255.278395 153.628960
-257.819000 150.868100 -258.479077 153.197927
-260.938300 150.605200 -261.592543 152.742910
-263.912100 150.346900 -264.562425 152.302679
-266.771500 150.093100 -267.350162 151.885098
-269.355000 149.873900 -269.941561 151.501436
-271.880900 149.705300 -272.472085 151.172588
-274.386100 149.557800 -274.974694 150.868082
-276.855900 149.430700 -277.450366 150.584829
-279.394000 149.347400 -279.941403 150.345621
-281.828300 149.294700 -282.407885 150.126253
-284.295300 149.256600 -284.907472 149.927271
-286.804800 149.227900 -287.437282 149.739291
-289.313300 149.188400 -289.974960 149.539281
-291.877200 149.125500 -292.487268 149.324786
-294.356600 149.047900 -294.993273 149.089679
-296.873700 148.960400 -297.530703 148.842944
-299.453200 148.872500 -300.132947 148.593138
-302.092800 148.778800 -302.811864 148.332436
-304.905700 148.676400 -305.565480 148.061575
-307.694100 148.580000 -308.384931 147.784446
-310.520400 148.488200 -311.243716 147.510765
-313.363300 148.405400 -314.104793 147.243996
-316.199800 148.326900 -316.967519 146.978285
-319.017700 148.265200 -319.806271 146.724825
-321.878900 148.176800 -322.610660 146.475574
-324.632400 148.098900 -325.389816 146.226972
-327.352200 148.037000 -328.149223 145.985711
-330.041200 147.963700 -330.860627 145.747920
-332.710600 147.899800 -333.506836 145.517657
-335.347600 147.869300 -336.088470 145.293779
-337.909900 147.842000 -338.641250 145.074488
-340.438900 147.792800 -341.167106 144.856219
-342.937400 147.726000 -343.661544 144.620395
-345.455100 147.620200 -346.173729 144.344316
-348.102200 147.523100 -348.730701 144.061912
-350.693800 147.409400 -351.316951 143.765915
-353.339700 147.277600 -353.937203 143.455091
-356.001300 147.147700 -356.582394 143.135676
-358.659200 147.013300 -359.239383 142.807911
-361.302200 146.896000 -361.876029 142.485622
-364.003800 146.771900 -364.494252 142.155585
-366.582300 146.677300 -367.071931 141.857391
-369.077000 146.612600 -369.571714 141.612148
-371.458800 146.579300 -371.963676 141.418794
-373.681400 146.594200 -374.188111 141.277015
-375.764100 146.720000 -376.239616 141.257297
-377.572800 146.954400 -378.084640 141.358091
-379.197500 147.279600 -379.751690 141.571523
-380.633900 147.694400 -381.241631 141.899644
-381.981800 148.290100 -382.613194 142.394365
-383.169600 149.002100 -383.881869 143.031165
-384.227700 149.852700 -385.034523 143.824364
-385.218400 150.827500 -386.119402 144.745734
-386.187900 152.093900 -387.177357 145.925938
-387.073000 153.559100 -388.181762 147.357111
-387.774700 155.280500 -389.003984 149.057016
-388.294600 157.236900 -389.656060 151.000131
-388.656700 159.391900 -390.159173 153.152220
-388.882500 161.719800 -390.535349 155.490307
-389.006900 164.293000 -390.815238 157.984405
-389.079500 166.960900 -391.054597 160.653882
-389.148300 169.756100 -391.298702 163.443236
-389.219300 172.646200 -391.547495 166.321498
-389.264200 175.597000 -391.797034 169.274036
-389.309000 178.536600 -392.052291 172.218623
-389.376100 181.470200 -392.316644 175.152110
-389.444100 184.385300 -392.568525 178.062912
-389.502200 187.373700 -392.805617 180.943658
-389.563400 190.206500 -393.051095 183.772720
-389.616800 192.909300 -393.288937 186.476587
-389.654500 195.410900 -393.491252 188.994845
-389.671900 197.744300 -393.648896 191.346617
-389.602200 199.879400 -393.723976 193.532573
-389.372300 201.952700 -393.636915 195.621801
-388.928700 203.858100 -393.307173 197.614617
-388.200300 205.639800 -392.670177 199.492814
-387.186100 207.324400 -391.760436 201.230380
-385.945500 208.774700 -390.604158 202.806418
-384.450700 210.051400 -389.168283 204.233875
-382.737900 211.142100 -387.505358 205.472997
-380.830600 212.026400 -385.640917 206.501110
-378.677600 212.756600 -383.584113 207.347484
-376.412400 213.292600 -381.355112 208.029397
-373.985200 213.713100 -378.952640 208.608771
-371.412200 214.052000 -376.396138 209.118782
-368.696100 214.328900 -373.698807 209.588728
-365.881000 214.572000 -370.897479 210.036603
-362.974900 214.796500 -368.011380 210.473272
-360.003300 215.003400 -365.056213 210.894951
-356.865000 215.169400 -362.035984 211.281760
-353.777700 215.292500 -358.961394 211.629123
-350.673600 215.365900 -355.872203 211.937034
-347.582200 215.417900 -352.790189 212.223089
-344.479300 215.456700 -349.695851 212.488629
-341.394400 215.451600 -346.608553 212.715588
-338.313300 215.395400 -343.528449 212.881091
-335.146300 215.275700 -340.444038 212.980369
-332.114300 215.107800 -337.385988 213.018416
-329.065100 214.936700 -334.327557 213.051726
-326.047700 214.772400 -331.263765 213.090647
-323.013100 214.662100 -328.209363 213.192480
-319.987400 214.610400 -325.170521 213.352817
-316.951900 214.627700 -322.133764 213.586164
-313.815400 214.719100 -319.092875 213.891121
-310.771900 214.867800 -316.040345 214.259490
-307.723500 215.036100 -312.997191 214.648859
-304.653900 215.222500 -309.927115 215.059923
-301.607400 215.414700 -306.873811 215.480873
-298.572100 215.611500 -303.834071 215.905461
-295.451400 215.788100 -300.826205 216.302970
-292.468100 215.938000 -297.853671 216.679831
-289.539200 216.090500 -294.937904 217.052973
-286.663700 216.217500 -292.076137 217.406078
-283.837200 216.329400 -289.263761 217.736067
-280.997300 216.425400 -286.523335 218.035285
-278.322500 216.491600 -283.852311 218.303055
-275.701700 216.533100 -281.230520 218.542058
-273.176500 216.571200 -278.704260 218.769451
-270.765500 216.603900 -276.299617 218.980280
-268.444000 216.633800 -273.974123 219.183557
-266.143100 216.677300 -271.729778 219.386616
-264.004500 216.721500 -269.569443 219.592325
-261.938200 216.764500 -267.501971 219.789486
-259.979700 216.810700 -265.537998 219.982661
-258.102100 216.851400 -263.661976 220.172457
-256.261600 216.897500 -261.873741 220.358719
-254.541500 216.941800 -260.152152 220.539626
-252.876300 216.972900 -258.480241 220.713521
-251.235300 217.006000 -256.830720 220.886328
-249.608400 217.033500 -255.204610 221.053882
-247.943600 217.078800 -253.590296 221.224159
-246.347600 217.126900 -251.992664 221.392851
-244.766900 217.180200 -250.411954 221.568128
-243.212600 217.244100 -248.851995 221.756693
-241.681400 217.302300 -247.318458 221.939442
-240.105600 217.382100 -245.794313 222.137476
-238.579200 217.449400 -244.268988 222.322616
-237.067800 217.518700 -242.751340 222.509131
-235.545500 217.578700 -241.219203 222.686061
-233.949100 217.633900 -239.667996 222.853958
-232.378300 217.676200 -238.082598 223.012834
-230.784100 217.709200 -236.476600 223.173143
-229.181300 217.727200 -234.876252 223.324344
-227.597700 217.742500 -233.292739 223.468866
-225.976100 217.748500 -231.718591 223.603827
-224.424000 217.719600 -230.151571 223.699510
-222.904800 217.645000 -228.610187 223.746229
-221.489000 217.495300 -227.155892 223.709565
-220.139100 217.263200 -225.797606 223.575585
-218.968700 216.976600 -224.572287 223.365319
-217.960300 216.668700 -223.507346 223.120807
-217.040300 216.313000 -222.522598 222.831106
-216.196000 215.876200 -221.602224 222.468452
-215.410100 215.357200 -220.765766 222.040810
-214.718400 214.780100 -219.992253 221.531832
-214.041800 214.056900 -219.213616 220.864868
-213.426300 213.167100 -218.487157 220.002326
-212.868800 212.086500 -217.841010 218.964278
-212.415100 210.866600 -217.294347 217.758656
-212.078500 209.455300 -216.862725 216.355684
-211.823000 207.843700 -216.495901 214.743269
-211.705900 206.045900 -216.250714 212.927429
-211.701900 204.001800 -216.105573 210.923748
-211.732400 201.844400 -215.976436 208.758861
-211.761900 199.511800 -215.834553 206.427197
-211.752800 197.014900 -215.647869 203.938662
-211.726500 194.373000 -215.434732 201.304023
-211.665300 191.645600 -215.179219 198.569439
-211.595200 188.842600 -214.918486 195.771871
-211.503600 185.944900 -214.634170 192.965232
-211.412300 183.142900 -214.350675 190.163101
-211.331500 180.359800 -214.072641 187.380626
-211.234500 177.603700 -213.775614 184.625604
-211.142900 174.855500 -213.479779 181.872462
-211.040200 172.167200 -213.177720 179.172666
-210.911900 169.516700 -212.852846 176.586922
-210.778400 167.100700 -212.514443 174.161066
-210.649900 164.890400 -212.182995 171.925728
-210.497300 162.844000 -211.856271 169.880189
-210.343800 160.905400 -211.531354 167.926215
-210.215400 159.120000 -211.240788 166.169275
-210.153200 157.645500 -211.037297 164.656490
-210.093200 156.263000 -210.838734 163.250199
-210.034000 154.901100 -210.641027 161.863277
-209.953700 153.585500 -210.434239 160.536229
-209.864400 152.252300 -210.229131 159.240323
-209.740200 150.888200 -209.983259 157.874846
-209.592800 149.448800 -209.715771 156.438020
-209.378100 147.917500 -209.387000 154.914390
-209.152500 146.265600 -209.035514 153.265512
-208.911800 144.424700 -208.668899 151.478950
-208.689300 142.480600 -208.303012 149.530114
-208.480100 140.401500 -207.932566 147.432119
-208.369700 138.166300 -207.631900 145.160842
-208.367700 135.708200 -207.427927 142.730729
-208.436800 133.159300 -207.293766 140.138161
-208.533500 130.486600 -207.182935 137.444339
-208.658000 127.706600 -207.079894 134.633290
-208.786100 124.800700 -206.959772 131.712867
-208.906700 121.815500 -206.820276 128.729412
-208.967900 118.719000 -206.665816 125.721469
-208.991000 115.717000 -206.480091 122.723038
-208.924500 112.740100 -206.204632 119.768805
-208.818000 109.800200 -205.875091 116.805299
-208.693300 106.921100 -205.515745 113.918316
-208.596400 104.186800 -205.170435 111.192342
-208.508900 101.646200 -204.861651 108.641916
-208.394200 99.266600 -204.552623 106.322034
-208.287700 97.220410 -204.270003 104.242598
-208.224300 95.441000 -204.042361 102.429514
-208.171500 93.936410 -203.829534 100.901534
-208.154500 92.632990 -203.677583 99.574243
-208.096100 91.340080 -203.491084 98.308567
-208.088700 90.096800 -203.344176 97.053781
-208.042800 88.895160 -203.167260 95.845606
-207.975900 87.689200 -202.983336 94.643503
-207.874500 86.435080 -202.759481 93.394081
-207.733300 85.082730 -202.495792 92.092587
-207.558200 83.662970 -202.190291 90.688564
-207.349900 82.121320 -201.846645 89.164852
-207.105800 80.471430 -201.451610 87.532984
-206.876000 78.674270 -201.045713 85.740544
-206.637800 76.688440 -200.617202 83.819881
-206.461400 74.667300 -200.241980 81.795803
-206.376500 72.532540 -199.952141 79.640380
-206.419600 70.309660 -199.779236 77.353317
-206.595000 68.028530 -199.740222 75.030637
-206.886400 65.585970 -199.799689 72.619993
-207.168800 63.118090 -199.840071 70.131873
-207.403200 60.564350 -199.823662 67.574410
-207.557600 57.928990 -199.722442 64.922030
-207.639100 55.188750 -199.544704 62.143589
-207.653600 52.399650 -199.302993 59.343047
-207.614600 49.578230 -199.030861 56.544186
-207.563100 46.685640 -198.742808 53.744337
-207.522100 43.924820 -198.472983 50.985869
-207.478700 41.196910 -198.209030 48.265266
-207.413800 38.488950 -197.927756 45.565613
-207.393300 35.879630 -197.691321 42.959073
-207.385000 33.357300 -197.466571 40.430800
-207.379100 30.898440 -197.255348 38.057483
-207.361800 28.723370 -197.043585 35.885444
-207.334700 26.777250 -196.840290 33.937999
-207.269400 25.079990 -196.640294 32.235839
-207.183100 23.649880 -196.434306 30.798740
-207.076400 22.388520 -196.227026 29.573982
-206.950900 21.311850 -196.008499 28.501066
-206.779000 20.329510 -195.765527 27.537398
-206.550300 19.435730 -195.501753 26.676499
-206.294700 18.615780 -195.211317 25.891402
-205.960900 17.853750 -194.846832 25.172295
-205.595800 17.139560 -194.444005 24.516191
-205.177700 16.492930 -193.987645 23.911369
-204.635700 15.828780 -193.412044 23.303579
-203.959300 15.121430 -192.701702 22.667484
-203.105900 14.397440 -191.815987 22.040428
-202.096800 13.718480 -190.737577 21.461075
-200.901700 13.068720 -189.473018 20.931272
-199.429600 12.439820 -187.989481 20.451926
-197.788200 11.838790 -186.295743 20.004647
-195.982400 11.245150 -184.426945 19.600062
-194.087100 10.793480 -182.486507 19.353579
-192.258900 10.541510 -180.640144 19.296919
-190.486900 10.487510 -178.860473 19.386659
-188.762000 10.508050 -177.084359 19.565156
-187.055400 10.523410 -175.324445 19.773827
-185.331800 10.581370 -173.568802 20.030967
-183.447400 10.665990 -171.730784 20.322369
-181.500300 10.761200 -169.772322 20.647701
-179.429200 10.887140 -167.700700 21.021044
-177.244100 11.043140 -165.514867 21.440764
-174.940900 11.216590 -163.206279 21.888676
-172.418800 11.399590 -160.760518 22.358320
-169.857500 11.624700 -158.202086 22.874343
-167.167000 11.893130 -155.526465 23.456951
-164.368100 12.228780 -152.758236 24.118639
-161.444700 12.589640 -149.850796 24.825365
-158.327900 12.950260 -146.837817 25.544863
-155.259600 13.256010 -143.776879 26.225389
-152.151500 13.463650 -140.653679 26.817398
-148.997000 13.520240 -137.492978 27.277513
-145.796200 13.436140 -134.292187 27.622419
-142.465600 13.307330 -131.056128 27.913442
-139.185500 13.247890 -127.780541 28.218852
-135.852300 13.218690 -124.441239 28.561935
-132.464800 13.220870 -121.057728 28.959431
-129.011400 13.232450 -117.607225 29.378968
-125.481500 13.229870 -114.110160 29.823882
-121.865700 13.205530 -110.531453 30.285260
-118.087800 13.177230 -106.885830 30.742071
-114.327700 13.175200 -103.196946 31.208617
-110.529200 13.182060 -99.457515 31.678380
-106.719200 13.213220 -95.713051 32.183983
-102.868100 13.214900 -91.948500 32.691308
-99.081150 13.320320 -88.127701 33.216511
-95.283830 13.419840 -84.355944 33.764384
-91.357890 13.507780 -80.577745 34.312351
-87.571620 13.650770 -76.830808 34.887051
-83.792650 13.787410 -73.112998 35.472868
-80.029240 13.915090 -69.400888 36.079417
-76.265560 14.036840 -65.700634 36.695778
-72.545830 14.140940 -62.065232 37.289731
-68.795500 14.285010 -58.414990 37.901235
-65.093480 14.417020 -54.791296 38.509493
-61.357750 14.569740 -51.205512 39.119006
-57.779240 14.723640 -47.657719 39.726920
-54.256800 14.886240 -44.141993 40.340780
-50.862970 15.079720 -40.662294 40.971310
-47.471260 15.255610 -37.236832 41.595107
-44.121690 15.419430 -33.884861 42.221575
-40.905970 15.575560 -30.651669 42.832004
-37.736840 15.736940 -27.584649 43.418665
-34.849970 15.968940 -24.676805 43.977071
-32.095130 16.189640 -21.909706 44.504637
-29.418480 16.300900 -19.259510 44.988574
-26.878640 16.340540 -16.753942 45.409944
-24.595000 16.416490 -14.436049 45.786108
-22.465230 16.466520 -12.304827 46.098283
-20.565650 16.482440 -10.367044 46.361255
-18.841480 16.470540 -8.611250 46.598079
-17.331800 16.444450 -7.047744 46.815904
-16.046300 16.436990 -5.673499 47.017418
-14.936640 16.478740 -4.493680 47.227755
-14.003580 16.568080 -3.495950 47.450317
-13.114380 16.711700 -2.616234 47.714564
-12.269220 16.983230 -1.832340 48.101241
-11.514710 17.348690 -1.121453 48.557956
-10.794180 17.808570 -0.444272 49.093712
-10.028400 18.399540 0.250793 49.771268
-9.276642 19.186820 0.918076 50.647568
-8.477940 20.222020 1.558219 51.758811
-7.700356 21.427780 2.127252 53.115922
-6.936052 22.866870 2.627424 54.720188
-6.207131 24.583250 3.010149 56.603227
-5.582966 26.568260 3.219710 58.707056
-5.088137 28.936970 3.274889 61.084151
-4.824509 31.518580 3.118161 63.671081
-4.745998 34.285960 2.703718 66.443350
-4.791040 37.266020 2.137288 69.409437
-4.906244 40.506990 1.469474 72.537416
-5.083082 43.682480 0.777787 75.699212
-5.267336 46.861680 0.080547 78.830681
-5.452674 50.059610 -0.612048 81.977272
-5.688240 53.261730 -1.292832 85.101905
-5.917988 56.564020 -1.958332 88.214065
-6.139430 59.725520 -2.608877 91.294805
-6.314252 62.813750 -3.248205 94.325040
-6.437584 65.761180 -3.855526 97.240533
-6.544012 68.562640 -4.427267 100.011691
-6.611935 71.279160 -4.956474 102.634272
-6.642151 73.732750 -5.445746 105.070039
-6.670190 75.964350 -5.888261 107.283079
-6.638215 77.943500 -6.265986 109.273013
-6.498223 79.654170 -6.481603 111.026773
-6.190339 81.142380 -6.493698 112.536366
-5.713138 82.353630 -6.301044 113.835011
-5.154594 83.378200 -5.979555 114.948342
-4.511538 84.237410 -5.528943 115.880775
-3.843995 84.852870 -5.031401 116.628559
-3.245711 85.272250 -4.538145 117.159903
-2.766440 85.564640 -4.147191 117.550798
-2.283626 85.808330 -3.741900 117.901546
-1.710022 85.992940 -3.297666 118.191142
-1.103546 86.111070 -2.817826 118.430947
-0.499593 86.211710 -2.335074 118.640978
0.114086 86.313100 -1.831435 118.848210
0.713499 86.384700 -1.300206 119.012730
1.315650 86.450870 -0.757800 119.167883
1.908405 86.504960 -0.213914 119.314183
2.505852 86.531170 0.347791 119.433597
3.102549 86.560130 0.919049 119.563273
3.779926 86.583780 1.573787 119.695852
4.634775 86.654920 2.377526 119.896906
5.602148 86.728170 3.292002 120.114681
6.613873 86.801540 4.274974 120.349254
7.667964 86.860050 5.317675 120.586923
8.739611 86.916270 6.425105 120.817958
9.854272 86.967150 7.558055 121.044872
11.021850 86.968380 8.714877 121.243492
12.281650 86.921720 9.907151 121.397096
13.623380 86.875390 11.193873 121.569850
15.106890 86.780520 12.582110 121.719544
16.648520 86.743620 14.058551 121.950047
18.309060 86.835260 15.626606 122.323395
20.065930 87.037440 17.288850 122.811810
21.905190 87.239150 19.071830 123.307643
23.851390 87.427270 21.015330 123.784296
25.943240 87.547240 23.024866 124.208873
28.037340 87.597950 25.115886 124.617509
30.178190 87.619670 27.245798 125.016092
32.324850 87.617300 29.394608 125.399684
34.450300 87.612280 31.518832 125.773576
36.655890 87.624330 33.647459 126.152663
38.770950 87.645570 35.763577 126.546898
40.873710 87.682030 37.860960 126.948755
42.935310 87.731350 39.915923 127.347825
44.989920 87.805410 41.959574 127.771247
47.024580 87.883880 43.981073 128.186849
49.135220 87.939070 46.017795 128.580825
51.165230 87.996830 48.033487 128.976763
53.201100 88.038120 50.044652 129.360383
55.238320 88.080470 52.055506 129.758868
57.256710 88.138080 54.050332 130.157482
59.269480 88.179040 56.038394 130.547118
61.347050 88.216690 58.032946 130.928522
63.360930 88.260870 60.026544 131.306652
65.398600 88.300970 61.995862 131.697265
67.450160 88.338400 63.994639 132.090865
69.474500 88.378600 65.968217 132.485063
71.596530 88.383320 67.965556 132.869168
73.624860 88.395440 69.952493 133.245784
75.661890 88.392720 71.945854 133.621147
77.682440 88.399660 73.932150 133.990485
79.701920 88.405390 75.924126 134.355405
81.792910 88.424990 77.920060 134.733182
83.811400 88.455600 79.912108 135.112623
85.823720 88.500620 81.910868 135.497215
87.817750 88.544040 83.901349 135.875138
89.809680 88.585680 85.882543 136.251418
91.794250 88.646520 87.847258 136.643915
93.796820 88.681160 89.789652 137.010978
95.700750 88.732230 91.710046 137.391473
97.557090 88.763290 93.585368 137.745325
99.332110 88.800570 95.369208 138.093303
100.954600 88.796620 97.009486 138.374699
102.446000 88.825210 98.471294 138.659084
103.687500 88.813250 99.743049 138.883654
104.792800 88.803190 100.876794 139.081674
105.731900 88.784310 101.848097 139.248806
106.486300 88.784930 102.629374 139.403521
107.107500 88.775990 103.218240 139.518371
107.624000 88.805940 103.688547 139.650463
108.098600 88.910750 104.135282 139.829166
108.527500 89.104600 104.528599 140.084880
108.905200 89.368710 104.857600 140.389152
109.280200 89.685610 105.189959 140.755364
109.657600 90.105840 105.524502 141.233442
110.011200 90.600840 105.829830 141.787600
110.362900 91.224120 106.093096 142.447802
110.687600 91.910560 106.332874 143.194815
110.967100 92.694580 106.509531 144.043935
111.205800 93.582750 106.620610 144.973798
111.342200 94.599550 106.597781 146.005456
111.394800 95.747080 106.462839 147.141165
111.395000 97.110080 106.247799 148.438520
111.340100 98.653440 105.998900 149.917583
111.199100 100.424600 105.674922 151.574099
111.070400 102.427500 105.309094 153.423014
110.972200 104.532300 104.910207 155.464295
110.868200 106.809400 104.463790 157.681644
110.750300 109.237100 103.965281 160.054663
110.627500 111.783600 103.418238 162.561437
110.470400 114.496000 102.816134 165.142038
110.274600 117.200500 102.156564 167.790318
110.078000 119.913600 101.483030 170.458307
109.879900 122.613200 100.802872 173.107040
109.691600 125.295400 100.135579 175.737356
109.524000 128.053700 99.498265 178.351932
109.394800 130.713000 98.893957 180.956193
109.281200 133.349300 98.312294 183.543948
109.175100 135.933100 97.745435 186.062103
109.066300 138.353000 97.214207 188.421932
108.971800 140.657100 96.723688 190.584089
108.873800 142.669300 96.270054 192.537448
108.786700 144.430300 95.866860 194.266704
108.717100 145.978900 95.505674 195.807591
108.741700 147.330000 95.191799 197.167515
108.856800 148.495100 94.928124 198.318714
108.949700 149.432500 94.741787 199.279785
109.034800 150.225900 94.595486 200.087871
109.077600 150.963300 94.472617 200.834013
109.136400 151.682500 94.360275 201.566087
109.270100 152.354000 94.244384 202.281973
109.373700 153.045100 94.124297 203.014239
109.481500 153.877900 93.992106 203.882553
109.550100 154.874200 93.802487 204.890353
109.612500 156.004100 93.589423 206.025489
109.674100 157.251200 93.357602 207.275888
109.697600 158.698200 93.062933 208.666255
109.745400 160.265000 92.762424 210.225559
109.726300 162.032600 92.411179 211.939513
109.679300 163.963000 92.022387 213.821352
109.669800 166.027000 91.590785 215.861546
109.664000 168.316400 91.112381 218.051269
109.644000 170.674000 90.601172 220.369791
109.615100 173.159100 90.058535 222.817675
109.586100 175.743700 89.489393 225.366231
109.567200 178.416100 88.917630 228.005884
109.568900 181.135600 88.356622 230.693678
109.611400 183.909200 87.792292 233.367371
109.623600 186.589900 87.226323 236.024471
109.662300 189.248300 86.667203 238.652695
109.694400 191.850100 86.084773 241.226151
109.665900 194.340600 85.480801 243.676878
109.610300 196.754000 84.895349 245.974449
109.550700 198.921500 84.349217 248.105537
109.508100 200.911800 83.856971 250.073457
109.486000 202.749300 83.423848 251.884455
109.485800 204.519100 83.026810 253.639308
109.525900 206.313800 82.675515 255.359492
109.584700 208.010200 82.343130 257.053255
109.648800 209.645900 82.030885 258.680166
109.710300 211.190400 81.734573 260.210181
109.744400 212.622100 81.428412 261.621864
109.773500 214.038900 81.126884 262.974976
109.770500 215.389700 80.802809 264.303002
109.747000 216.702000 80.464096 265.586758
109.739800 217.978900 80.150036 266.840607
109.726200 219.308800 79.836212 268.096777
109.703000 220.697400 79.532867 269.427275
109.665000 222.124900 79.194460 270.809065
109.674000 223.624000 78.881385 272.272752
109.639400 225.208000 78.492133 273.810251
109.610100 226.932700 78.092836 275.433683
109.481000 228.685300 77.599395 277.123218
109.242100 230.522400 76.997675 278.883160
108.882500 232.441800 76.270561 280.710825
108.498200 234.436500 75.507086 282.605514
108.150300 236.513800 74.743182 284.595810
107.861800 238.749200 74.026671 286.680715
107.669000 241.015600 73.367719 288.881299
107.545500 243.372000 72.759352 291.185568
107.449800 245.796000 72.175849 293.584789
107.379000 248.318100 71.589421 296.074666
107.301400 250.993900 70.979648 298.622192
107.222300 253.583600 70.362024 301.165787
107.132300 256.161900 69.738106 303.694314
107.037800 258.721400 69.110738 306.201594
106.937300 261.262800 68.479275 308.688064
106.852600 263.758300 67.866767 311.135604
106.804700 266.224900 67.284449 313.488300
106.785600 268.447700 66.752119 315.694546
106.770400 270.483000 66.266094 317.734061
106.714600 272.380400 65.812547 319.611999
106.653200 274.151000 65.401772 321.352229
106.591200 275.899000 65.001092 323.020597
106.540200 277.500400 64.640878 324.596551
106.481800 278.964600 64.329688 326.038472
106.486100 280.256000 64.098009 327.331930
106.581100 281.445800 63.960782 328.499912
106.745400 282.451200 63.920932 329.540770
106.985500 283.333300 63.983886 330.472582
107.311300 284.103300 64.098555 331.319073
107.679100 284.847700 64.253797 332.129975
108.111700 285.503500 64.501366 332.888053
108.617800 286.104100 64.808617 333.622851
109.183800 286.750300 65.185897 334.403323
109.765000 287.454300 65.617793 335.206361
110.170500 288.133700 65.932294 335.934944
110.467300 288.740100 66.141388 336.568217
110.650500 289.390500 66.251460 337.198335
110.679800 290.033800 66.228554 337.810685
110.576300 290.664800 66.113035 338.390881
110.424900 291.260200 65.916266 338.938885
110.193600 291.860000 65.631555 339.466476
109.887400 292.474900 65.227453 339.980170
109.550900 293.076400 64.759697 340.488009
109.176500 293.738100 64.283639 341.017609
108.750000 294.428100 63.732448 341.591443
108.312200 295.246700 63.131835 342.291731
107.870700 296.185600 62.521053 343.094960
107.481600 297.252100 61.923017 344.064405
107.119900 298.470400 61.321604 345.198632
106.817600 299.803500 60.750838 346.458866
106.557100 301.369600 60.177539 347.896266
106.329000 303.120600 59.583492 349.554630
106.140800 305.045100 58.981166 351.390075
105.888900 307.147000 58.303278 353.380990
105.688500 309.426200 57.619682 355.574883
105.567300 311.904800 56.949459 357.905236
105.502200 314.456000 56.331214 360.400925
105.478600 317.082900 55.706879 362.990438
105.500900 319.811100 55.093056 365.683184
105.505000 322.613100 54.468278 368.449759
105.477300 325.455800 53.795755 371.240439
105.454600 328.449000 53.122053 374.095328
105.423400 331.362100 52.440978 376.960911
105.351900 334.242400 51.749767 379.762209
105.281400 337.127300 51.057520 382.595470
105.206700 339.973200 50.366223 385.380626
105.137300 342.773500 49.655297 388.122738
105.071100 345.594500 48.917282 390.804959
105.026000 348.145500 48.213252 393.329221
104.965700 350.519100 47.575691 395.682055
104.881000 352.670800 47.009500 397.814400
104.742200 354.586800 46.520267 399.711656
104.680000 356.269900 46.125043 401.387104
104.670800 357.755200 45.817241 402.838070
104.767100 358.971400 45.628760 404.106436
104.952700 360.054400 45.572172 405.263610
105.247600 361.051300 45.609274 406.358786
105.659300 361.995400 45.782615 407.386468
106.160900 362.831300 46.070886 408.364471
106.756500 363.575300 46.489811 409.249919
107.460900 364.244700 47.037768 410.102568
108.289900 364.943500 47.685253 411.020474
109.350400 365.574800 48.597161 411.930315
110.587000 366.262600 49.661064 412.889888
112.028000 366.955200 50.934993 413.904933
113.675900 367.569800 52.430953 414.897753
115.532900 368.062800 54.161880 415.809979
117.657800 368.417600 56.122584 416.616470
119.910100 368.603400 58.300561 417.306963
122.312800 368.670000 60.652127 417.913075
124.880500 368.679900 63.168519 418.505773
127.565800 368.685400 65.813033 419.129647
130.379400 368.677400 68.582000 419.760656
133.327800 368.672100 71.480015 420.433936
136.499200 368.704700 74.489113 421.154833
139.656100 368.749900 77.579018 421.903795
142.902900 368.837100 80.738068 422.706908
146.194900 368.959900 83.936312 423.548329
149.531700 369.068300 87.178182 424.397519
152.917500 369.238000 90.476622 425.254871
156.423500 369.451300 93.777965 426.117038
159.837800 369.615000 97.122464 426.966249
163.278000 369.741000 100.483807 427.809198
166.759000 369.858100 103.869969 428.665284
170.252400 369.973000 107.287600 429.529852
173.799700 370.083000 110.725955 430.420976
177.374800 370.191100 114.192196 431.326739
181.086100 370.293800 117.680370 432.240188
184.614700 370.419400 121.162287 433.145427
188.142500 370.533000 124.628785 434.053233
191.716000 370.614700 128.086020 434.953055
195.308400 370.690200 131.534313 435.858941
198.884500 370.781600 134.937339 436.752709
202.400300 370.866100 138.341693 437.633473
205.956700 370.964300 141.698307 438.494734
209.376600 371.061300 145.035511 439.353070
212.745400 371.184800 148.302031 440.206679
216.125700 371.324600 151.570898 441.063704
219.526500 371.460300 154.841417 441.928154
222.914000 371.594000 158.095910 442.793144
226.315200 371.730300 161.367158 443.657617
229.845500 371.865000 164.633594 444.534299
233.287700 371.998200 167.921677 445.408400
236.726400 372.117500 171.234240 446.278119
240.170100 372.201000 174.551056 447.115141
243.605700 372.275200 177.877122 447.947174
247.040800 372.351400 181.202802 448.789120
250.577200 372.427600 184.512423 449.631157
253.995000 372.504300 187.826297 450.475409
257.374300 372.608000 191.121921 451.325811
260.759600 372.694600 194.384194 452.177705
264.120500 372.789600 197.626892 453.032307
267.468500 372.897400 200.874552 453.899875
270.798400 373.013900 204.098517 454.763323
274.223100 373.147300 207.323013 455.642463
277.531400 373.291300 210.539832 456.534288
280.840700 373.417500 213.744341 457.404031
284.121500 373.546300 216.944437 458.275912
287.411100 373.650200 220.143790 459.127988
290.690700 373.733000 223.324451 459.959814
294.069000 373.796800 226.492298 460.774002
297.342800 373.842600 229.658857 461.579168
300.610400 373.893100 232.824958 462.393398
303.843200 373.948700 235.968431 463.194491
307.016100 374.025800 239.105056 463.986501
310.189500 374.089600 242.222494 464.772127
313.355300 374.062700 245.301879 465.539703
316.502600 374.048900 248.368643 466.304063
319.719700 374.038400 251.398347 467.055986
322.803400 374.035000 254.389461 467.805912
325.835400 374.060200 257.318182 468.566848
328.828400 374.151400 260.199141 469.371820
331.779600 374.375800 263.004428 470.307081
334.674800 374.786900 265.712490 471.403844
337.478300 375.457300 268.284919 472.680223
340.214600 376.299100 270.718157 474.133216
342.968000 377.420000 273.026300 475.768061
345.563600 378.668600 275.230358 477.561121
348.113700 380.041700 277.363475 479.475537
350.596800 381.553200 279.430637 481.487034
353.069400 383.057800 281.496048 483.521982
355.523600 384.522700 283.555794 485.513487
358.044700 385.961400 285.660528 487.435931
360.524900 387.193100 287.841385 489.221458
363.040600 388.225700 290.113590 490.840181
365.656300 389.053100 292.523742 492.296858
368.382300 389.688300 294.999100 493.542754
371.089000 390.099300 297.579406 494.599986
373.876800 390.299400 300.250330 495.473207
376.718200 390.403700 302.998605 496.190801
379.602600 390.364800 305.823424 496.797002
382.638100 390.220800 308.740173 497.311982
385.675500 389.981800 311.713335 497.782840
388.762100 389.692000 314.793485 498.218963
391.883300 389.381700 317.902951 498.647594
395.016800 389.087700 321.001965 499.096941
398.124700 388.753100 324.093023 499.504297
401.189000 388.370900 327.156346 499.855146
404.093000 387.947700 330.089319 500.126012
406.793400 387.415700 332.789199 500.234638
409.076500 386.690900 335.210190 500.080797
411.006000 385.771400 337.324612 499.661437
412.686300 384.687300 339.191303 499.038321
414.088500 383.435200 340.891235 498.141294
415.241900 381.985200 342.388705 496.981352
416.161500 380.390900 343.677017 495.626242
416.885500 378.601400 344.777970 494.083561
417.339300 376.742100 345.684254 492.341933
417.544700 374.801400 346.392119 490.452976
417.638100 372.826500 346.966249 488.493045
417.662200 370.847800 347.467081 486.534531
417.675200 368.885900 347.949360 484.602341
417.650400 366.944900 348.392341 482.678987
417.629900 364.944300 348.831306 480.765666
417.607500 363.028600 349.269390 478.871089
417.603300 361.132900 349.713228 476.997886
417.593900 359.259400 350.150722 475.147831
417.593200 357.400100 350.599692 473.310932
417.597800 355.493500 351.040143 471.493647
417.599900 353.646200 351.478201 469.676056
417.636100 351.750100 351.954679 467.825731
417.688400 349.840400 352.450681 465.967741
417.756400 347.924500 352.984280 464.109728
417.847100 345.994000 353.540036 462.240038
417.972900 343.964300 354.139588 460.327107
418.078600 341.950800 354.728553 458.360777
418.142600 339.854200 355.295555 456.304353
418.151600 337.665900 355.830748 454.144405
418.111000 335.269200 356.348595 451.849837
418.018100 332.831700 356.852528 449.434028
417.920300 330.315800 357.322069 446.927744
417.772800 327.780000 357.736232 444.381751
417.542600 325.242600 358.088669 441.821576
417.089300 322.647900 358.319194 439.267099
416.398700 320.164500 358.330000 436.688475
415.557300 317.726600 358.149753 434.088230
414.562400 315.377600 357.793941 431.544251
413.384700 313.104600 357.249618 429.033411
412.106200 310.895900 356.576140 426.558398
410.742700 308.681400 355.840996 424.143331
409.375500 306.588000 355.036609 421.772433
407.986200 304.563900 354.189205 419.455847
406.527100 302.576500 353.267785 417.157329
405.014800 300.611700 352.294301 414.864038
403.487500 298.644800 351.314581 412.558266
401.954700 296.617800 350.353657 410.208200
400.420200 294.494100 349.459477 407.839585
398.885500 292.432300 348.633085 405.482049
397.455900 290.336400 347.861916 403.106262
396.107900 288.247000 347.145295 400.741523
394.777600 286.179800 346.432359 398.407298
393.475400 284.121800 345.735052 396.081825
392.151300 281.953300 345.037652 393.734329
390.876100 279.853500 344.353434 391.381087
389.626900 277.720100 343.710516 388.999389
388.399100 275.560300 343.085289 386.583090
387.180200 273.390300 342.477068 384.163144
385.942800 271.185600 341.854094 381.712809
384.662700 268.912800 341.235712 379.268316
383.423200 266.719700 340.616818 376.823839
382.175700 264.548500 339.980674 374.395352
380.911200 262.410400 339.327310 371.992639
379.724900 260.313400 338.640178 369.628739
378.477800 258.148300 337.919914 367.302493
377.171900 256.107000 337.184561 365.016342
375.874200 254.090800 336.458046 362.767156
374.716000 252.040100 335.744854 360.509748
373.524400 250.000800 335.014753 358.238296
372.286100 247.875300 334.254211 355.941267
371.039800 245.772100 333.476417 353.591792
369.733500 243.607500 332.667400 351.181799
368.363100 241.388000 331.822610 348.700586
366.942800 239.113500 330.955013 346.148559
365.524100 236.794100 330.086575 343.557995
364.036400 234.372300 329.235354 340.930070
362.561200 231.978200 328.398244 338.266278
361.164900 229.533500 327.579334 335.567592
359.705700 227.064500 326.762837 332.833364
358.225700 224.579400 325.924801 330.067504
356.728600 222.054100 325.027481 327.259215
355.111600 219.423300 324.067946 324.409164
353.451100 216.870300 323.053484 321.520590
351.747200 214.289900 322.013116 318.592792
350.017700 211.658500 320.964546 315.620937
348.268100 208.969500 319.909682 312.592840
346.499500 206.226200 318.851158 309.506574
344.731100 203.346300 317.811509 306.404576
343.067600 200.535800 316.791654 303.294874
341.351100 197.763500 315.778095 300.199205
339.604100 194.992000 314.780695 297.086026
337.896000 192.198900 313.806524 293.963711
336.245400 189.392900 312.830599 290.828384
334.563700 186.582700 311.871501 287.674640
332.822800 183.676800 310.924036 284.505987
331.157600 180.853900 309.995504 281.348472
329.520300 178.042900 309.083220 278.221031
327.967000 175.323500 308.210281 275.208183
326.512200 172.749100 307.393427 272.358302
325.141100 170.370000 306.627201 269.699288
323.771400 168.070700 305.894468 267.191077
322.427400 165.873600 305.122622 264.710763
321.033900 163.725300 304.324419 262.255949
319.669900 161.577400 303.557296 259.821595
318.330300 159.383300 302.820901 257.355978
316.992300 157.151000 302.090634 254.856267
315.638700 154.896700 301.333847 252.319896
314.146400 152.568000 300.539480 249.744769
312.649900 150.274700 299.722924 247.117213
311.172900 147.910800 298.901692 244.439793
309.645200 145.492400 298.064865 241.702895
308.058900 143.036500 297.195944 238.907949
306.384700 140.541100 296.285266 236.057800
304.570400 137.951600 295.325631 233.175889
302.813600 135.400800 294.347283 230.242290
301.023800 132.802000 293.357144 227.260195
299.260300 130.144500 292.366437 224.231849
297.486400 127.441500 291.368452 221.154271
295.657600 124.598900 290.378815 218.029477
293.900200 121.796200 289.384337 214.851173
292.128400 118.921000 288.380319 211.607678
290.314400 116.016000 287.381177 208.330206
288.524200 113.069500 286.366157 205.017481
286.731300 110.153200 285.355655 201.719621
284.889800 107.137900 284.339013 198.436455
283.128700 104.231200 283.323770 195.179444
281.364200 101.347500 282.313831 191.944613
279.610600 98.499680 281.315948 188.743555
277.876000 95.698900 280.346099 185.585858
276.150600 92.940640 279.389751 182.469459
274.442400 90.233550 278.446373 179.404179
272.735200 87.571040 277.499133 176.382242
270.981600 84.870260 276.545210 173.387496
269.328000 82.261350 275.594759 170.440505
267.730100 79.662430 274.669287 167.531084
266.140300 77.100780 273.768580 164.663541
264.564200 74.574000 272.884805 161.817911
263.013400 72.081190 272.022793 159.008438
261.478700 69.621890 271.177310 156.230243
259.909200 67.115770 270.337998 153.481300
258.308800 64.786020 269.508051 150.766400
256.758300 62.481010 268.708921 148.084575
255.310300 60.155690 267.989323 145.447800
254.014300 57.788440 267.418144 142.815193
252.925600 55.349240 267.063475 140.174836
252.082800 52.860920 266.940706 137.551094
251.466400 50.264620 267.061774 134.962352
251.111200 47.744580 267.411753 132.426891
250.940800 45.273660 267.935974 129.985350
250.867100 42.897910 268.527448 127.658634
250.887700 40.646750 269.119502 125.426552
250.868600 38.426360 269.646989 123.262092
250.649700 36.338070 270.002149 121.162389
250.222900 34.358630 270.127408 119.099472
249.559200 32.425870 270.016842 117.056945
248.688300 30.718930 269.644973 115.112086
247.599000 29.213020 268.978533 113.283821
246.330700 27.903560 268.085856 111.619507
244.809800 26.787550 266.959168 110.124026
243.211200 25.963170 265.631450 108.844888
241.623100 25.427750 264.234200 107.871225
240.189100 25.157960 262.919522 107.210033
238.940400 25.091080 261.725964 106.807603
237.836500 25.206270 260.625651 106.623525
236.763100 25.482220 259.554694 106.591858
235.827500 25.938930 258.550833 106.743707
235.018500 26.542940 257.621793 107.063860
234.311400 27.271800 256.732279 107.540940
233.690100 28.224470 255.891266 108.258418
233.166600 29.310300 255.089992 109.173683
232.727200 30.553030 254.360835 110.254070
232.388900 31.947390 253.708388 111.502420
232.153900 33.479280 253.118843 112.912103
231.978000 35.141050 252.547865 114.474569
231.833000 36.961160 251.966723 116.186448
231.721100 38.866910 251.371770 118.017667
231.624300 40.939870 250.750504 119.988157
231.508500 43.211110 250.088297 122.072185
231.408400 45.511280 249.410080 124.266703
231.329600 47.880310 248.732403 126.548809
231.256400 50.364660 248.038329 128.927313
231.191200 52.938880 247.332366 131.390450
231.124900 55.614330 246.592976 133.970466
231.030100 58.487850 245.829167 136.626520
230.935200 61.410620 245.048291 139.393777
230.794300 64.314030 244.217701 142.198294
230.568300 67.215140 243.319359 144.967887
230.397800 70.177570 242.430568 147.815805
230.268000 73.145690 241.558632 150.683815
230.130800 76.239480 240.678388 153.571018
229.978000 79.243190 239.779210 156.451006
229.828600 82.273750 238.874606 159.349903
229.657000 85.267870 237.979728 162.260281
229.527100 88.260010 237.084977 165.186733
229.415200 91.275250 236.232492 168.061780
229.243000 94.347350 235.328887 170.888982
229.061600 97.321460 234.402866 173.719406
228.934900 100.341000 233.517405 176.619098
228.798200 103.332600 232.615136 179.506468
228.642500 106.398300 231.691055 182.432811
228.512000 109.581800 230.784690 185.388637
228.365700 112.712600 229.843298 188.394723
228.284200 115.881700 228.904566 191.424992
228.197500 119.033800 227.955372 194.459222
228.087000 122.192400 227.001965 197.461170
227.949600 125.311200 226.040707 200.451043
227.823100 128.484200 225.105834 203.401638
227.676400 131.535500 224.159917 206.307959
227.560200 134.559300 223.244014 209.203370
227.446300 137.541200 222.333692 212.063154
227.341800 140.536000 221.433690 214.935149
227.237700 143.424600 220.546840 217.722512
227.093300 146.442400 219.625115 220.509690
226.986400 149.354500 218.749329 223.258263
226.904600 152.205500 217.896644 225.978784
226.830300 155.036300 217.056495 228.681162
226.762400 157.815400 216.232918 231.336159
226.699700 160.638000 215.421781 233.945409
226.611700 163.378900 214.580116 236.555264
226.515800 166.072000 213.736155 239.129802
226.429000 168.748700 212.910307 241.677383
226.324700 171.401900 212.072367 244.201450
226.227600 174.040300 211.243261 246.706956
226.129700 176.799200 210.409239 249.242166
226.037000 179.539700 209.554609 251.852239
225.933300 182.291400 208.705963 254.469994
225.825600 185.051800 207.849908 257.090299
225.702800 187.771900 206.994760 259.665861
225.593900 190.555800 206.163031 262.226458
225.485600 193.216900 205.325938 264.768077
225.380200 195.887500 204.494544 267.302514
225.292500 198.560300 203.675907 269.848644
225.231200 201.227800 202.877245 272.378761
225.164100 203.968000 202.078665 274.903157
225.103300 206.579800 201.292005 277.391245
225.049300 209.167900 200.513223 279.863299
224.981900 211.739900 199.732712 282.299007
224.931300 214.298200 198.975154 284.732614
224.893600 216.818800 198.231478 287.129335
224.611300 219.309900 197.495991 289.480316
224.336400 221.769300 196.739766 291.871346
224.119100 224.253300 195.996963 294.285498
223.955600 226.805000 195.245827 296.742262
223.786000 229.409100 194.452311 299.235365
223.647000 232.139000 193.645816 301.782679
223.426800 234.950200 192.772332 304.390651
223.202600 237.743200 191.863555 307.004557
223.005200 240.591200 190.951330 309.662224
222.838300 243.436200 190.045485 312.345742
222.636800 246.238200 189.141345 314.989698
222.424200 249.130700 188.237441 317.619027
222.266400 251.867200 187.388624 320.180575
222.126400 254.602000 186.537082 322.780459
222.004500 257.282100 185.705938 325.331038
221.877700 259.944800 184.873347 327.874299
221.742600 262.530800 184.030229 330.354022
221.616300 265.212600 183.202975 332.854781
221.508200 267.774700 182.408841 335.318456
221.385900 270.302000 181.605838 337.740764
221.240400 272.673200 180.822883 339.998507
221.139500 274.894500 180.119082 342.104700
221.077500 276.988200 179.504787 344.044923
221.100700 278.799600 179.034440 345.815099
221.180800 280.458800 178.649408 347.453686
221.270300 282.004400 178.318882 348.981579
221.397700 283.514800 178.054127 350.432048
221.437300 284.916500 177.719118 351.796664
221.480300 286.226100 177.430238 353.063211
221.408200 287.427600 177.055048 354.185304
221.295800 288.542600 176.670734 355.219092
221.088000 289.588200 176.211919 356.166734
220.757300 290.555700 175.662268 357.005822
220.393300 291.451600 175.077576 357.775143
219.907200 292.312400 174.400552 358.465293
219.323100 293.154000 173.618205 359.128627
218.590600 293.998400 172.699842 359.750499
217.739700 294.814900 171.649580 360.311970
216.711200 295.597200 170.442403 360.777221
215.498400 296.303900 169.080474 361.101348
214.098100 296.873200 167.574540 361.233541
212.455700 297.257600 165.915468 361.105963
210.533800 297.456000 164.097325 360.732714
208.469300 297.473300 162.128160 360.136751
206.198300 297.406400 159.990939 359.391291
203.662500 297.308200 157.656784 358.568301
201.009900 297.233500 155.135607 357.709042
198.144900 297.158800 152.407868 356.784673
195.077100 297.094600 149.489070 355.808248
191.804500 297.014700 146.382112 354.753873
188.272000 296.897300 143.129592 353.626973
184.721100 296.762400 139.765879 352.443236
181.044400 296.624500 136.276548 351.217816
177.338600 296.474500 132.763966 349.967583
173.655300 296.305200 129.258585 348.684153
169.918100 296.205900 125.788108 347.429310
166.335500 296.144600 122.329032 346.172146
162.746200 296.107000 118.885627 344.907900
159.185200 296.050800 115.456401 343.650651
155.638300 295.969700 112.067460 342.407767
152.089000 295.893400 108.663179 341.165739
148.567800 295.807200 105.300187 339.953935
144.947300 295.717000 101.950435 338.739597
141.460800 295.631100 98.620843 337.534671
138.005900 295.543500 95.315380 336.338556
134.517600 295.471100 92.049217 335.149508
131.077200 295.323400 88.798655 333.942360
127.652100 295.122700 85.604509 332.690190
124.272600 294.858300 82.480319 331.381172
120.923200 294.510700 79.405059 330.010449
117.626600 294.093200 76.409839 328.580225
114.293700 293.651400 73.459338 327.151040
111.078400 293.200000 70.527496 325.706319
107.925000 292.760200 67.635623 324.281203
104.761700 292.375400 64.743284 322.911796
101.618100 292.056600 61.833425 321.598516
98.329270 291.807800 58.845047 320.339315
95.105510 291.640100 55.809233 319.142725
91.830760 291.543800 52.697793 318.008178
88.526850 291.454500 49.531413 316.883459
85.176680 291.361500 46.323929 315.735039
81.772550 291.271400 43.083223 314.576373
78.229640 291.161000 39.819403 313.394848
74.789540 291.051800 36.588092 312.212796
71.383090 290.931800 33.385764 311.020483
67.998750 290.820700 30.198853 309.834914
64.649390 290.714500 27.042151 308.671242
61.338300 290.605800 23.913947 307.512275
57.948550 290.503400 20.827899 306.370231
54.708060 290.412800 17.787073 305.245877
51.503760 290.324900 14.775511 304.137790
48.306520 290.249800 11.755764 303.036258
45.123910 290.178500 8.759688 301.939563
41.965740 290.110600 5.789338 300.848343
38.718690 290.030600 2.844361 299.767387
35.604250 289.951600 -0.072806 298.695001
32.512900 289.872700 -2.982593 297.635642
29.460730 289.810400 -5.851672 296.600149
26.454040 289.761500 -8.679316 295.583635
23.560040 289.710100 -11.413739 294.593885
20.723020 289.651000 -14.001835 293.652884
18.101370 289.588100 -16.469882 292.744664
15.595970 289.530600 -18.830214 291.875042
13.212110 289.477800 -21.070179 291.054528
10.966020 289.444900 -23.200041 290.302279
8.819747 289.480300 -25.191886 289.668325
6.925826 289.567100 -27.045966 289.148082
5.136632 289.728900 -28.816038 288.729866
3.424963 289.945900 -30.521102 288.390526
1.766272 290.201600 -32.194630 288.097171
0.111761 290.488200 -33.811719 287.837856
-1.414097 290.787700 -35.370221 287.623767
-2.862625 291.114700 -36.857510 287.461596
-4.206634 291.454700 -38.250784 287.349521
-5.405030 291.818600 -39.519752 287.304848
-6.522113 292.221500 -40.695064 287.315666
-7.518530 292.685800 -41.785299 287.410283
-8.197796 293.109800 -42.578459 287.569281
-8.562567 293.374200 -43.009197 287.690307
-8.650162 293.459800 -43.118495 287.734163
-8.625917 293.438100 -43.089963 287.717070
-8.618944 293.443100 -43.090675 287.721941
-8.608743 293.438400 -43.092315 287.721284
-8.600036 293.430400 -43.093843 287.721619
-8.592117 293.421700 -43.085973 287.718194
-8.600608 293.430700 -43.121611 287.728769
-8.636533 293.464800 -43.187194 287.750707
-8.710447 293.532000 -43.294244 287.790717
-8.867572 293.688300 -43.524502 287.891323
-9.114865 293.956200 -43.902908 288.066868
-9.456651 294.365200 -44.400375 288.345684
-9.907154 294.899000 -45.016678 288.724690
-10.465550 295.629300 -45.793204 289.260992
-11.059760 296.601700 -46.678557 290.019422
-11.658560 297.856500 -47.626783 291.014337
-12.185000 299.310100 -48.598004 292.247726
-12.628400 300.974900 -49.564021 293.706818
-13.014360 302.809900 -50.528900 295.331288
-13.311710 304.840500 -51.477632 297.185390
-13.512160 307.099400 -52.379350 299.210767
-13.667940 309.472200 -53.306676 301.420413
