-0.000000 0.000000 0.000000 0.000000
0.054547 0.876227 0.044932 0.889354
0.071032 1.817915 0.054699 1.841073
0.005810 2.866220 -0.036235 2.875717
-0.118340 4.007087 -0.191077 4.005573
-0.356586 5.267434 -0.427739 5.235651
-0.621743 6.598451 -0.705896 6.576238
-0.938627 8.043197 -1.040725 8.032108
-1.311238 9.598949 -1.441440 9.594241
-1.735246 11.240790 -1.919229 11.264375
-2.248906 13.025560 -2.479679 13.023656
-2.816722 14.853810 -3.102595 14.872575
-3.458027 16.777990 -3.792959 16.819572
-4.192885 18.787720 -4.555350 18.845148
-4.983296 20.899010 -5.380864 20.979831
-5.894939 23.163400 -6.291173 23.186952
-6.892274 25.406780 -7.307650 25.449165
-7.974323 27.698450 -8.414901 27.762031
-9.149631 30.057830 -9.619670 30.136984
-10.421410 32.477820 -10.926349 32.569851
-11.792610 34.968510 -12.336357 35.076139
-13.290050 37.651110 -13.851830 37.671360
-14.805360 40.371560 -15.420738 40.364885
-16.392820 43.127570 -17.049961 43.129903
-18.026020 45.858990 -18.730575 45.855717
-19.793070 48.542340 -20.506398 48.528740
-21.634480 51.137740 -22.369630 51.163623
-23.570150 53.784410 -24.268224 53.751089
-25.493990 56.350300 -26.223455 56.324640
-27.465710 58.882040 -28.228284 58.884180
-29.520040 61.374760 -30.301046 61.400525
-31.646510 63.844070 -32.450606 63.883316
-33.860170 66.289180 -34.687542 66.327279
-36.197040 68.668730 -37.025156 68.737432
-38.707000 71.106710 -39.459649 71.107080
-41.196890 73.450400 -41.978217 73.461371
-43.776970 75.771510 -44.578498 75.797485
-46.413290 78.077790 -47.253249 78.112193
-49.121910 80.379800 -49.998480 80.414645
-51.900060 82.658670 -52.808169 82.691671
-54.795870 84.867500 -55.729471 84.888239
-57.793340 86.982980 -58.754830 87.001370
-60.885910 89.022290 -61.920922 89.051629
-64.187470 91.012650 -65.152606 90.961272
-67.486930 92.853770 -68.479912 92.779942
-70.846290 94.622090 -71.870781 94.519725
-74.240610 96.323060 -75.306553 96.194516
-77.640590 97.969470 -78.751881 97.814023
-81.012050 99.556930 -82.165764 99.364009
-84.306820 101.082500 -85.537574 100.874370
-87.541690 102.524100 -88.825719 102.321513
-90.794080 103.928800 -91.997887 103.697710
-93.861030 105.304700 -95.089162 105.084881
-96.856000 106.752800 -98.111960 106.526081
-99.764480 108.276000 -101.046669 108.042847
-102.580500 109.928500 -103.900432 109.653210
-105.305800 111.676500 -106.645757 111.367349
-107.899400 113.486200 -109.252481 113.152646
-110.440900 115.401300 -111.728439 114.996111
-112.766900 117.287700 -114.066440 116.870827
-114.985900 119.187500 -116.292944 118.786922
-117.085100 121.105000 -118.405921 120.712677
-119.031500 122.988900 -120.403818 122.641701
-120.840200 124.889500 -122.264640 124.563449
-122.500900 126.817000 -123.985718 126.501618
-124.094700 128.865200 -125.605483 128.522317
-125.526200 130.919400 -127.117907 130.613196
-126.854200 133.034400 -128.533633 132.748289
-128.121900 135.216500 -129.878136 134.944896
-129.340600 137.484500 -131.166349 137.220005
-130.569100 139.853000 -132.456459 139.600262
-131.789400 142.334300 -133.748844 142.103933
-132.987200 144.942300 -135.024771 144.747092
-134.178300 147.769500 -136.273720 147.532242
-135.241700 150.661500 -137.465161 150.470581
-136.136400 153.713900 -138.513302 153.590882
-136.844700 156.923800 -139.393228 156.897479
-137.354000 160.286400 -140.065718 160.359973
-137.654800 163.793900 -140.523724 163.962899
-137.753300 167.552500 -140.779917 167.723606
-137.631100 171.275900 -140.817120 171.607124
-137.278600 175.089700 -140.639486 175.623917
-136.700600 178.968100 -140.217685 179.819045
-135.899100 182.922400 -139.556746 183.954529
-134.862300 186.911600 -138.657705 188.125723
-133.623700 190.934400 -137.529944 192.370904
-132.131200 194.955400 -136.064936 196.745051
-130.319000 199.075700 -134.336646 201.104764
-128.236900 202.986200 -132.330270 205.237688
-125.801100 206.738900 -129.958756 209.222520
-123.046800 210.304600 -127.246752 213.028803
-120.015500 213.687800 -124.228443 216.661051
-116.753500 216.880300 -120.957059 220.141809
-113.295600 219.883900 -117.486629 223.409471
-109.607700 222.705000 -113.891379 226.383157
-105.948300 225.123900 -110.200578 229.038273
-102.216500 227.220400 -106.416519 231.355031
-98.451660 228.979600 -102.612507 233.321630
-94.681320 230.430300 -98.771968 234.995145
-90.968280 231.604100 -94.945702 236.397456
-87.300800 232.534800 -91.097233 237.566366
-83.671700 233.223000 -87.337620 238.465858
-80.103440 233.688900 -83.646982 239.137495
-76.489450 233.959300 -80.009296 239.583387
-73.105470 234.075700 -76.489650 239.904038
-69.849190 234.121100 -73.107179 240.129779
-66.653780 234.115300 -69.809114 240.305990
-63.552880 234.097600 -66.598167 240.475651
-60.518370 234.104300 -63.474272 240.654625
-57.533970 234.151600 -60.438349 240.867487
-54.581390 234.241100 -57.448422 241.120650
-51.562100 234.404700 -54.478197 241.457346
-48.670580 234.623500 -51.563432 241.842878
-45.808820 234.901900 -48.692982 242.285728
-42.962840 235.240400 -45.849525 242.781333
-40.144810 235.631400 -43.038532 243.313102
-37.365710 236.085500 -40.269021 243.911754
-34.610030 236.613200 -37.522862 244.582293
-31.825190 237.165500 -34.744842 245.276702
-28.903390 237.761000 -31.924340 246.001716
-26.046900 238.380500 -29.082704 246.766517
-23.183370 239.030500 -26.243531 247.576415
-20.328430 239.749700 -23.414150 248.462386
-17.504110 240.565800 -20.610442 249.434155
-14.718430 241.486200 -17.853924 250.503507
-11.966780 242.495000 -15.133662 251.670653
-9.246569 243.580600 -12.438958 252.908806
-6.492457 244.763300 -9.822765 254.199175
-3.887092 245.967800 -7.263201 255.543706
-1.343719 247.234500 -4.762190 256.949838
1.133806 248.563800 -2.321393 258.414289
3.553149 249.948300 0.066964 259.924601
5.936641 251.400400 2.410547 261.504281
8.298293 252.929700 4.735732 263.127587
10.711190 254.598000 7.075047 264.792043
13.070200 256.193700 9.411005 266.471087
15.455040 257.790700 11.745317 268.171657
17.848860 259.401500 14.084936 269.898065
20.276530 261.023400 16.459990 271.657293
22.725310 262.651900 18.847628 273.428809
25.166490 264.282200 21.211978 275.204422
27.587700 265.926000 23.557614 277.004649
30.065060 267.649600 25.872300 278.827908
32.409020 269.374000 28.125927 280.689890
34.718480 271.148500 30.342213 282.599591
36.976590 273.013100 32.501902 284.594134
39.192980 274.987100 34.605948 286.701411
41.378240 277.075100 36.659139 288.917387
43.517910 279.263200 38.686487 291.237676
45.589430 281.581500 40.623485 293.661849
47.583660 284.016900 42.472561 296.195468
49.556550 286.646500 44.253222 298.851235
51.409770 289.280100 45.977035 301.602286
53.209530 292.005800 47.633305 304.436048
54.976110 294.789300 49.255941 307.335336
56.738320 297.606400 50.875444 310.277273
58.529960 300.461900 52.526352 313.254887
60.330800 303.341700 54.182192 316.274486
62.174070 306.350400 55.817148 319.318861
63.884960 309.305200 57.362674 322.385120
65.468340 312.310000 58.772730 325.486044
66.921610 315.353100 60.052930 328.627983
68.226100 318.432800 61.192863 331.805067
69.402620 321.539800 62.204405 335.000412
70.545650 324.644800 63.170563 338.205021
71.643620 327.754000 64.092234 341.411442
72.707670 330.980200 64.950248 344.621965
73.663180 334.115200 65.742104 347.841021
74.579680 337.221000 66.487855 351.017274
75.458730 340.256800 67.203507 354.148361
76.402160 343.141400 68.001900 357.130799
77.376580 345.869900 68.841908 359.944900
78.327640 348.539300 69.657590 362.676610
79.187680 351.214600 70.388015 365.402753
79.921360 353.986400 70.967666 368.126991
80.418970 356.689000 71.330745 370.854380
80.671930 359.421700 71.445805 373.571759
80.680830 362.168800 71.303760 376.292413
80.453590 364.923000 70.929152 379.035913
80.080170 367.718700 70.405821 381.829248
79.688480 370.556400 69.856474 384.686776
79.317370 373.582700 69.329336 387.643154
78.978460 376.605500 68.818616 390.702959
78.621010 379.750200 68.278812 393.870176
78.245890 382.981300 67.721305 397.122062
77.863610 386.275500 67.146999 400.439249
77.446260 389.606700 66.543589 403.780610
76.914310 393.028900 65.838953 407.110595
76.295470 396.323200 65.024158 410.424437
75.587760 399.565000 64.119571 413.656965
74.826720 402.765100 63.149265 416.838951
74.024220 405.932400 62.159351 419.986444
73.091500 409.304400 61.106269 423.129670
72.231270 412.270000 59.993736 426.284455
71.301240 415.450700 58.874745 429.435827
70.334800 418.750200 57.743260 432.607407
69.367110 421.957900 56.583273 435.785287
68.381590 425.158400 55.390252 438.958281
67.411860 428.340700 54.213562 442.117093
66.469230 431.517100 53.064704 445.269828
65.552270 434.670300 51.939895 448.399869
64.666520 437.797400 50.841377 451.520252
63.775990 440.980800 49.776454 454.595523
62.935840 444.021200 48.726499 457.623116
62.107510 447.018900 47.696412 460.590210
61.287180 449.957900 46.675420 463.506961
60.476900 452.851500 45.664663 466.375420
59.662270 455.690600 44.656497 469.186784
58.849460 458.490100 43.668897 471.959561
58.038770 461.248800 42.698271 474.694194
57.229560 463.977700 41.726104 477.388971
56.397220 466.748200 40.758704 480.043745
55.601250 469.365200 39.806825 482.626716
54.848170 471.903900 38.894269 485.149284
54.123080 474.322900 38.021244 487.564633
53.425550 476.646300 37.187563 489.876220
52.754430 478.934000 36.388587 492.144939
52.132040 481.219300 35.630109 494.418293
51.575880 483.599000 34.955142 496.730475
51.182300 485.909300 34.422847 499.068351
50.984180 488.241600 34.073353 501.431808
50.969690 490.585700 33.917111 503.818328
51.148980 492.947500 33.962953 506.234641
51.512610 495.318500 34.189034 508.671830
52.074850 497.767200 34.592523 511.116488
52.762150 500.145200 35.153602 513.577535
53.591650 502.521600 35.861098 516.030672
54.579280 504.880500 36.720044 518.493693
55.697960 507.201100 37.704744 520.910099
56.939890 509.484800 38.830519 523.301751
58.360740 511.694400 40.126574 525.647891
59.948990 513.776300 41.605278 527.870180
61.693320 515.699300 43.242379 529.925853
63.618900 517.530900 45.000850 531.843274
65.602640 519.217500 46.881956 533.670029
67.694820 520.806400 48.896890 535.409935
69.910870 522.290600 51.044112 537.064416
72.247690 523.617100 53.338558 538.564666
74.718600 524.776300 55.768050 539.900676
77.312060 525.776700 58.328872 541.079410
80.027540 526.590200 61.021578 542.076506
82.945020 527.200100 63.836975 542.853365
85.861570 527.567000 66.763852 543.412784
88.855350 527.723700 69.773932 543.767083
91.909870 527.665000 72.865473 543.913278
94.998630 527.380700 76.010881 543.833587
98.110930 526.855300 79.196308 543.509221
101.230600 526.127100 82.391666 542.983384
104.348200 525.197300 85.607411 542.258635
107.449400 524.056200 88.808170 541.325427
110.521100 522.727600 91.993722 540.202593
113.684400 521.224400 95.192958 538.960287
116.781600 519.715100 98.416678 537.681946
119.936400 518.189600 101.679156 536.391751
123.115600 516.623200 104.969462 535.068053
126.344800 515.019400 108.317712 533.705803
129.623600 513.383800 111.718060 532.322031
132.936000 511.709500 115.167556 530.888372
136.300200 510.005900 118.663530 529.441821
139.832900 508.236900 122.204765 527.987657
143.328300 506.479800 125.836377 526.491095
146.878600 504.697200 129.530055 524.973191
150.485900 502.879700 133.283961 523.423831
154.144600 501.028900 137.092036 521.846610
157.857700 499.167300 140.939118 520.265867
161.604700 497.292900 144.824067 518.674622
165.349300 495.381400 148.742956 517.034757
169.101200 493.472200 152.649364 515.418626
172.969200 491.502400 156.538143 513.808999
176.726300 489.610800 160.432701 512.210032
180.483800 487.749800 164.330009 510.643384
184.214500 485.904200 168.191964 509.115174
187.937000 484.077500 172.064123 507.596259
191.639200 482.256100 175.908282 506.076322
195.309600 480.422500 179.731534 504.533170
198.931800 478.579900 183.508903 502.972413
202.610300 476.657800 187.263159 501.374531
206.113400 474.791200 190.941984 499.792183
209.483200 472.957900 194.503170 498.217716
212.691900 471.195700 197.878625 496.721453
215.743100 469.513900 201.079845 495.294573
218.641900 467.949700 204.129911 493.967971
221.471600 466.530900 207.098272 492.789667
224.288300 465.301100 210.029647 491.812952
227.111700 464.247400 212.952770 491.014875
230.090800 463.339100 215.936995 490.398954
233.015900 462.648800 218.945385 489.979659
235.966000 462.162600 221.963918 489.747596
238.956500 461.865200 224.983944 489.713743
242.010200 461.822500 228.024419 489.936447
245.118000 462.059800 231.072885 490.452326
248.222700 462.587300 234.091632 491.258938
251.311700 463.392100 237.087458 492.334305
254.389300 464.463600 240.041226 493.679117
257.493000 465.852800 242.885552 495.282913
260.436900 467.455200 245.664831 497.162020
263.286800 469.272400 248.306732 499.255789
266.033000 471.291200 250.839377 501.544893
268.713400 473.453300 253.294016 503.972928
271.347800 475.725500 255.701947 506.511080
273.951900 478.079600 258.057532 509.123792
276.587300 480.527400 260.371904 511.755031
279.106100 482.901400 262.654756 514.399508
281.572300 485.260600 264.894882 516.998567
283.978100 487.533200 267.093276 519.525855
286.322800 489.648300 269.252939 521.909782
288.624500 491.577800 271.405060 524.114523
290.961000 493.351100 273.516027 526.070622
293.139400 494.823400 275.565796 527.781313
295.230300 496.110800 277.557597 529.298989
297.320100 497.185100 279.578796 530.609067
299.412800 497.953600 281.631673 531.598580
301.619100 498.467300 283.768416 532.343217
303.827600 498.707900 286.010686 532.812690
305.993000 498.647300 288.271804 532.979675
308.123100 498.304200 290.495405 532.861135
310.230100 497.762600 292.691303 532.548356
312.308300 497.069400 294.885375 532.080673
314.445100 496.228800 297.079455 531.493242
316.480300 495.290400 299.258216 530.778736
318.420200 494.183100 301.368403 529.875348
320.230600 492.848900 303.366771 528.724715
321.839300 491.314300 305.185314 527.347449
323.228800 489.559400 306.762112 525.774270
324.313000 487.785200 308.083300 524.092753
325.260300 485.954000 309.233769 522.310474
326.073300 484.040100 310.225627 520.420328
326.708300 482.050300 311.057982 518.441785
327.137600 480.004500 311.697680 516.383846
327.359800 477.880600 312.137486 514.253066
327.368000 475.724200 312.369057 512.078045
327.152700 473.437700 312.393798 509.829120
326.773900 471.178600 312.248523 507.498621
326.262200 468.857700 311.988985 505.107719
325.646200 466.467100 311.630097 502.646975
324.933400 464.007600 311.190522 500.117372
324.179600 461.469100 310.723301 497.510284
323.407900 458.847200 310.228682 494.826149
322.597400 456.144400 309.718387 492.067899
321.726500 453.283100 309.171638 489.232737
320.847300 450.446900 308.596597 486.327839
319.952300 447.576900 308.005020 483.385500
319.033900 444.692400 307.396517 480.426002
318.088300 441.794900 306.765731 477.440585
317.183700 438.888000 306.176011 474.466687
316.318100 435.967800 305.625812 471.482384
315.517900 433.034800 305.140159 468.481597
314.774700 429.985100 304.724893 465.462618
314.167200 427.029300 304.429364 462.449052
313.691200 424.056800 304.278788 459.457904
313.332100 421.072500 304.241458 456.458813
313.113100 418.078300 304.356491 453.455737
313.008900 415.085300 304.580117 450.465302
313.014300 412.080900 304.913563 447.488500
313.129800 409.092300 305.346203 444.524321
313.350100 406.007300 305.890675 441.585277
313.665400 403.023300 306.543383 438.649917
314.066000 400.064500 307.276923 435.729495
314.549700 397.140600 308.085262 432.850355
315.092700 394.251500 308.958516 430.013582
315.695700 391.396500 309.883133 427.227802
316.339100 388.602100 310.850632 424.516251
316.999600 385.898500 311.842186 421.905859
317.718600 383.272100 312.834716 419.451269
318.417400 380.953400 313.812886 417.212324
319.075400 378.846200 314.737943 415.156583
319.667000 376.852600 315.587836 413.240053
320.178300 374.879100 316.376502 411.351422
320.573800 372.940400 317.042716 409.459327
320.803900 370.964300 317.510409 407.545937
320.767600 369.068000 317.728392 405.620443
320.489000 367.204200 317.705291 403.715371
319.933700 365.351000 317.413332 401.790190
319.103400 363.494900 316.861659 399.891248
318.040400 361.785300 316.033786 398.053630
316.777300 360.149700 314.987391 396.254686
315.310300 358.543700 313.749119 394.474868
313.703800 356.905400 312.360712 392.647609
311.941500 355.232700 310.812106 390.764636
310.053900 353.484700 309.150484 388.788840
308.103700 351.601900 307.461053 386.672948
306.009000 349.574800 305.697358 384.460320
303.911600 347.532600 303.882973 382.157489
301.775500 345.411100 302.025499 379.773289
299.605800 343.211900 300.147806 377.320983
297.430200 340.962000 298.265939 374.817810
295.269700 338.658200 296.407850 372.267573
293.142100 336.299700 294.576194 369.653091
291.071900 333.869200 292.822883 366.988825
289.130100 331.339300 291.212823 364.235016
287.259700 328.620800 289.739386 361.388927
285.557700 325.918100 288.360523 358.470434
283.932100 323.129000 287.079532 355.468008
282.374300 320.255300 285.899752 352.400554
280.868100 317.300400 284.781921 349.269778
279.393100 314.296500 283.700223 346.096248
277.900500 311.250300 282.615761 342.868244
276.348100 308.050200 281.533104 339.593182
274.847200 304.894800 280.462025 336.264926
273.302600 301.680300 279.363563 332.857896
271.719700 298.431400 278.256699 329.429325
270.129100 295.117800 277.143621 325.940968
268.476100 291.765800 275.960272 322.397762
266.730200 288.420100 274.678240 318.858376
264.853500 285.087600 273.255211 315.320163
262.827900 281.661800 271.726992 311.750570
260.776400 278.348200 270.129270 308.202987
258.702100 275.066000 268.496623 304.666135
256.594100 271.739800 266.857926 301.103612
254.438500 268.403200 265.172546 297.513905
252.275700 265.026200 263.484874 293.896397
250.052900 261.619800 261.769004 290.266786
247.812100 258.208900 260.028266 286.610243
245.569600 254.775000 258.251966 282.912440
243.247400 251.200600 256.483232 279.185360
240.957900 247.705200 254.709659 275.438100
238.625700 244.172700 252.915471 271.656718
236.250300 240.598700 251.091854 267.832905
233.847900 237.016000 249.245529 263.990980
231.425100 233.395700 247.394520 260.135402
228.938800 229.760700 245.485135 256.234934
226.452500 226.137300 243.551921 252.353056
223.934700 222.513300 241.585527 248.460131
221.330100 218.781200 239.609295 244.566052
218.805100 215.159300 237.635064 240.666514
216.309400 211.541900 235.686819 236.759384
213.829500 207.918300 233.739933 232.817510
211.389600 204.283000 231.843466 228.892545
208.973100 200.620900 229.977150 224.960368
206.595700 196.950100 228.123456 221.023179
204.269800 193.263500 226.315321 217.056037
202.026900 189.537200 224.612538 213.054801
199.775300 185.639900 222.995967 209.010204
197.677400 181.847900 221.442815 204.926618
195.618600 178.031400 219.960246 200.849770
193.619400 174.212100 218.531323 196.768533
191.687800 170.353400 217.127953 192.666535
189.785600 166.486400 215.757455 188.563547
187.887900 162.593000 214.403710 184.437729
186.039200 158.672200 213.095589 180.256643
184.119800 154.617400 211.782047 176.093018
182.270900 150.688800 210.481579 171.941732
180.434900 146.754900 209.197856 167.769886
178.633900 142.823500 207.936840 163.613860
176.842200 138.872400 206.691159 159.446584
175.027400 134.922900 205.442779 155.304559
173.196300 131.022800 204.155372 151.167890
171.289100 127.182700 202.774702 147.063573
169.214000 123.288700 201.280966 143.013759
167.074100 119.599000 199.656264 139.041286
164.800300 115.992700 197.893465 135.146450
162.396300 112.454800 195.982425 131.317710
159.877300 109.010300 193.954686 127.581250
157.285600 105.656500 191.812288 123.864834
154.637100 102.341600 189.613499 120.196284
151.914900 99.058490 187.374022 116.577458
149.137200 95.807570 185.066668 112.948519
146.202000 92.496890 182.696281 109.348728
143.290700 89.359460 180.243794 105.799814
140.320300 86.247950 177.715139 102.276648
137.332400 83.131240 175.155189 98.744630
134.336200 79.977790 172.637111 95.217394
131.328500 76.820510 170.094052 91.660297
128.302700 73.659630 167.536041 88.073479
125.279600 70.501860 164.995718 84.488010
122.237300 67.330250 162.443156 80.908781
119.083700 64.068850 159.863784 77.328250
115.993400 60.916830 157.242946 73.758088
112.862300 57.761910 154.586686 70.187514
109.678300 54.604830 151.897532 66.620059
106.514900 51.437190 149.193090 63.027120
103.325000 48.273690 146.478511 59.451182
100.166800 45.125270 143.778922 55.862721
96.999580 41.980600 141.069625 52.277146
93.801650 38.822780 138.360194 48.686284
90.538450 35.561730 135.675952 45.090054
87.397940 32.402430 133.031622 41.502089
84.253120 29.252470 130.382696 37.915851
81.127810 26.099530 127.745873 34.319681
78.006160 22.939680 125.127089 30.725719
74.913810 19.768800 122.568783 27.156801
71.814420 16.596840 119.970137 23.567174
68.675030 13.416610 117.394779 19.987093
65.424210 10.135090 114.810329 16.392587
62.280060 6.951190 112.229368 12.788097
59.180300 3.762640 109.720784 9.217195
56.075620 0.551575 107.154198 5.600555
53.004350 -2.643735 104.603191 2.006217
49.961590 -5.828040 102.067077 -1.581558
46.952520 -9.012074 99.575862 -5.144471
43.918320 -12.197660 97.117342 -8.646718
40.960650 -15.266180 94.705968 -12.091041
38.040440 -18.374460 92.364272 -15.499398
35.379770 -21.335460 90.173026 -18.824712
32.837970 -24.189330 88.090772 -22.018266
30.490840 -26.963350 86.152843 -25.116229
28.269940 -29.562020 84.362444 -28.019410
26.266250 -31.978940 82.710127 -30.742424
24.410650 -34.106630 81.138498 -33.189468
22.634300 -35.914720 79.630080 -35.341973
20.855110 -37.431150 78.127685 -37.155930
19.159440 -38.518470 76.599951 -38.562134
17.512620 -39.259280 75.027498 -39.629697
15.847460 -39.710720 73.393806 -40.409011
14.162230 -39.833010 71.739039 -40.864174
12.615940 -39.673510 70.119431 -41.009651
11.162090 -39.262610 68.529083 -40.863622
9.785944 -38.635260 67.007952 -40.424389
8.499874 -37.749980 65.559797 -39.697017
7.280188 -36.600360 64.196552 -38.718135
6.234458 -35.267840 62.956301 -37.481547
5.360814 -33.717970 61.862343 -36.003088
4.652835 -31.985330 60.910805 -34.304485
4.107179 -30.084110 60.087539 -32.437356
3.666067 -28.061400 59.350591 -30.431817
3.299450 -25.920470 58.660242 -28.285393
2.945504 -23.687380 57.981591 -26.043561
2.585983 -21.377970 57.271662 -23.727059
2.233943 -18.975710 56.543033 -21.323625
1.872836 -16.402230 55.818544 -18.833166
1.532099 -13.856660 55.104040 -16.289212
1.223413 -11.357000 54.423293 -13.793470
0.910245 -8.925781 53.754453 -11.379869
0.570881 -6.591312 53.088158 -9.080949
0.173104 -4.336595 52.415732 -6.860687
-0.230528 -2.163817 51.747792 -4.737154
-0.646724 -0.050207 51.060774 -2.679967
-1.136074 2.063044 50.344049 -0.702028
-1.688341 4.120039 49.555279 1.275913
-2.329796 6.176908 48.674818 3.248694
-3.006185 8.234054 47.728702 5.201337
